"time" "Srxn1_max" "NRF2_max" "Fraction_X_max" "time2" "Srxn1_mean" "NRF2_mean" "Fraction_X_mean" "time3" "Srxn1_min" "NRF2_min" "Fraction_X_min" "dose1" "dose2" "Simulation" "SRXN1_observed" "SRXN1_SD"
"1" 0 0 0 0.001 0 0 0 0.001 0 0 0 0.001 0.1 0.1 "simulation1" 0 0
"2" 1 0.0224429397075196 0.140255659528795 0.00191250814637267 1 0.0224429397075196 0.0467518865095985 0.00191250814637267 1 0.0224429397075196 0 0.00191250814637267 0.1 0.1 "simulation1" 0.057125329297907 0.0799737453978686
"3" 2 0.0445343434779264 0.0840412886843023 0.00364855138955103 2 0.0445343434779266 0.0280137628947674 0.00364855138955103 2 0.0445343434779266 0 0.00364855138955103 0.1 0.1 "simulation1" 0.0549096213179702 0.0784140422352227
"4" 3 0.0662807960950072 0.104464975120466 0.00691604061977391 3 0.0662807960947709 0.0348216583734888 0.00691604061977391 3 0.0662807960947709 0 0.00691604061977391 0.1 0.1 "simulation1" 0.0503744628452999 0.0730117670229702
"5" 4 0.0876861416708373 0.121973533890252 0.0128999930583945 4 0.0876861412079433 0.0445639460616565 0.0128999930583945 4 0.0876861412079386 0 0.0128999930583945 0.1 0.1 "simulation1" 0.0700634077245035 0.0965505429152337
"6" 5 0.108756795150494 0.13981715279174 0.023138976814242 5 0.108756749162792 0.0475616863256604 0.023138976814242 5 0.108756749162416 0 0.023138976814242 0.1 0.1 "simulation1" 0.0852120005409782 0.10201920250912
"7" 6 0.129499205855998 0.12152835705863 0.038064326963386 6 0.129497678697297 0.0405094523528767 0.038064326963386 6 0.129497678684857 0 0.038064326963386 0.1 0.1 "simulation1" 0.144703059701494 0.137379322957175
"8" 7 0.149934981409008 0.116402373637508 0.0534107943901927 7 0.149914092473449 0.0388007912125026 0.0534107943901927 7 0.149914092042366 0 0.0534107943901927 0.1 0.1 "simulation1" 0.208344461257336 0.165308474872248
"9" 8 0.172428729122137 0.165223507522869 0.0604806119517437 8 0.170011085067599 0.0550745025076229 0.0604806119517437 8 0.170011067309439 0 0.0604806119517437 0.1 0.1 "simulation1" 0.266145407913785 0.188414647994321
"10" 9 0.197131120560172 0.143924365645379 0.0563166088724317 9 0.189793716218935 0.0611906776656453 0.0563166088724317 9 0.189793598068552 0 0.0563166088724317 0.1 0.1 "simulation1" 0.492676142576145 0.469793439906983
"11" 10 0.216708599812037 0.113107887650675 0.0463231622785894 10 0.209266789846413 0.0377026292168918 0.0463231622785894 10 0.209266604834128 0 0.0463231622785894 0.1 0.1 "simulation1" 0.420227069068308 0.408203119424691
"12" 11 0.235768235169726 0.133324529153203 0.0358465105127139 11 0.228435091923509 0.0444415097177343 0.0358465105127139 11 0.228434931003092 0 0.0358465105127139 0.1 0.1 "simulation1" 0.422682011761808 0.44290682894227
"13" 12 0.254523376215268 0.112212180473733 0.0270215061041417 12 0.247303504563789 0.0374040601579112 0.0270215061041417 12 0.247303343702065 0 0.0270215061041417 0.1 0.1 "simulation1" 0.408454171467982 0.416573559588833
"14" 13 0.272983679299107 0.116933676098808 0.0201547336868207 13 0.265876693333314 0.0389778920329359 0.0201547336868207 13 0.265876535429475 0 0.0201547336868207 0.1 0.1 "simulation1" 0.439369835627194 0.436281120820133
"15" 14 0.291155071070306 0.116214094242151 0.0149705338312928 14 0.284159277796117 0.0387380314140504 0.0149705338312928 14 0.284159125337056 0 0.0149705338312928 0.1 0.1 "simulation1" 0.45654673405584 0.429206277627319
"16" 15 0.309042144224747 0.135006013207147 0.011101814245912 15 0.302155806459098 0.0450020044023822 0.011101814245912 15 0.30215566028494 0 0.011101814245912 0.1 0.1 "simulation1" 0.450474927138954 0.407814946308965
"17" 16 0.326649348992913 0.109365957733826 0.00822768847160972 16 0.319870758390058 0.0364553192446088 0.00822768847160972 16 0.319870615965904 0 0.00822768847160972 0.1 0.1 "simulation1" 0.412250881099715 0.376220762501185
"18" 17 0.343981066016417 0.110267624148978 0.00609615668272501 17 0.337308539669553 0.0367558747163261 0.00609615668272501 17 0.337308398053818 0 0.00609615668272501 0.1 0.1 "simulation1" 0.412517250248071 0.335255710189173
"19" 18 0.361041608119149 0.09965709652216 0.0045164119283351 18 0.354473483145809 0.0332190321740533 0.0045164119283351 18 0.354473343291135 0 0.0045164119283351 0.1 0.1 "simulation1" 0.470686812523232 0.31656605854171
"20" 19 0.377835217339137 0.113964433338325 0.00334591703295873 19 0.371369858259219 0.0379881444461084 0.00334591703295873 19 0.371369720566334 0 0.00334591703295873 0.1 0.1 "simulation1" 0.471952640720143 0.326368412100945
"21" 20 0.394366067867895 0.110557780248428 0.00247873830268809 20 0.388001867539866 0.0368525934161426 0.00247873830268809 20 0.388001731975564 0 0.00247873830268809 0.1 0.1 "simulation1" 0.44603355415445 0.300392804747085
"22" 21 0.410638271448289 0.111660008969264 0.00183630080205394 21 0.404373647337127 0.0372200029897548 0.00183630080205394 21 0.404373513867698 0 0.00183630080205394 0.1 0.1 "simulation1" 0.41324659271621 0.258548271963512
"23" 22 0.426655875174726 0.119810675122273 0.00136036689869699 22 0.420489269246861 0.0399368917074244 0.00136036689869699 22 0.420489137873035 0 0.00136036689869699 0.1 0.1 "simulation1" 0.419891514332086 0.295590254235072
"24" 23 0.442422862578408 0.11859604540398 0.0010077851027621 23 0.436352741223327 0.0395320151346599 0.0010077851027621 23 0.436352611915898 0 0.0010077851027621 0.1 0.1 "simulation1" 0.443482013048592 0.318625679718674
"25" 24 0.457943154873596 0.120558520870581 0.000746585714894038 24 0.45196800849467 0.040186173623527 0.000746585714894038 24 0.451967881211453 0 0.000746585714894038 0.1 0.1 "simulation1" 0.428921721627147 0.289520950486815
"26" 25 0.473220611950345 0.099657844360729 0.000553084343364606 25 0.467338954538414 0.0332192814535763 0.000553084343364606 25 0.467338829247041 0 0.000553084343364606 0.1 0.1 "simulation1" 0.396488215264983 0.267634976111507
"27" 26 0.488259033285721 0.10897294780305 0.000409734971306263 26 0.482469402077941 0.0363243159343501 0.000409734971306263 26 0.482469278747326 0 0.000409734971306263 0.1 0.1 "simulation1" 0.314787160478213 0.244086201619895
"28" 27 0.503062158900304 0.0994898992602811 0.000303539135880365 27 0.497363114026096 0.033163299753427 0.000303539135880365 27 0.497362992625484 0 0.000303539135880365 0.1 0.1 "simulation1" 0.241387155027867 0.11802733400089
"29" 28 0.517633670302073 0.100079259648602 0.000224867323548967 28 0.512023794420058 0.0333597532162006 0.000224867323548967 28 0.512023674919192 0 0.000224867323548967 0.1 0.1 "simulation1" 0.300061838305534 0.23134211404953
"30" 29 0.531977191397549 0.0973705862964794 0.00016658581080717 29 0.526455089342512 0.0324568620988265 0.00016658581080717 29 0.526454971711664 0 0.00016658581080717 0.1 0.1 "simulation1" 0.237936346787847 0.136913652141828
"31" 30 0.546096289392517 0.0810286144920405 0.000123409804034976 30 0.540660587828424 0.0270095381640135 0.000123409804034976 30 0.540660472038329 0 0.000123409804034976 0.1 0.1 "simulation1" 0.189670763087937 0.117659502485944
"32" 31 0.559994475679174 0.101385588675765 9.14242314633601e-05 31 0.554643822757623 0.0337951962252551 9.14242314633601e-05 31 0.554643708779477 0 9.14242314633601e-05 0.1 0.1 "simulation1" 0.228773476179088 0.16834682479345
"33" 32 0.573675206709404 0.0890908413789515 6.77287364866098e-05 32 0.568408271733422 0.0296969471263172 6.77287364866098e-05 32 0.568408159538874 0 6.77287364866098e-05 0.1 0.1 "simulation1" 0.253327424691975 0.191183367185403
"34" 0 0 0 0.001 0 0 0 0.001 0 0 0 0.001 0.32 0.32 "simulation2" 0 0
"35" 1 0.0224429397075824 0.369848408200736 0.00191250814637267 1 0.0224429397075196 0.13715230770434 0.00191250814637267 1 0.0224429397075196 0 0.00191250814637267 0.32 0.32 "simulation2" 0 0
"36" 2 0.0445343412988837 0.350733895378558 0.00364855138955103 2 0.0445343434778051 0.136008293931616 0.00364855138955103 2 0.0445343434779266 0 0.00364855138955103 0.32 0.32 "simulation2" 0 0
"37" 3 0.0662810311660877 0.4406877556798 0.00691604061977391 3 0.0662807962240324 0.1833554418654 0.00691604061977391 3 0.0662807960947813 0.0143101442311029 0.00691604061977391 0.32 0.32 "simulation2" 0 0
"38" 4 0.0876977431683529 0.411342595625963 0.0128999930583945 4 0.0876862117181873 0.2150829515986 0.0128999930583945 4 0.0876861412250584 0.105881167500824 0.0128999930583945 0.32 0.32 "simulation2" 0.00828953338419895 0.014357892992471
"39" 5 0.111835472573684 0.421093286369637 0.023138976814242 5 0.108760448460413 0.218243273884566 0.023138976814242 5 0.108756752118453 0.0983088305372479 0.023138976814242 0.32 0.32 "simulation2" 0.0726457410310782 0.0560832749113563
"40" 6 0.28805666730737 0.404965625140144 0.038064326963386 6 0.129786158875727 0.208258971258607 0.038064326963386 6 0.129497845034566 0.0999275620157221 0.038064326963386 0.32 0.32 "simulation2" 0.277987142850369 0.076990149046195
"41" 7 0.716167161707698 0.39921114024836 0.0534107943901927 7 0.158395457608043 0.203105532220741 0.0534107943901927 7 0.149917173083452 0.0951040706899597 0.0534107943901927 0.32 0.32 "simulation2" 0.492508330817325 0.158777641792358
"42" 8 1.14603640781248 0.385111507240051 0.0604806119517437 8 0.208500792833167 0.191900023355583 0.0604806119517437 8 0.170017967928682 0.0774896602009954 0.0604806119517437 0.32 0.32 "simulation2" 0.661294903885325 0.183736519941626
"43" 9 1.59669790160956 0.435822121576751 0.0563166088724317 9 0.29842049056958 0.227652546612993 0.0563166088724317 9 0.189813935717568 0.1019884630219 0.0563166088724317 0.32 0.32 "simulation2" 0.919340486601227 0.329346812986291
"44" 10 1.99473450060871 0.334187472620461 0.0463231622785894 10 0.344996098500193 0.178654058542941 0.0463231622785894 10 0.209294057711266 0.0865994971140551 0.0463231622785894 0.32 0.32 "simulation2" 0.930953442757749 0.351807102813421
"45" 11 2.1771774330955 0.346133078217308 0.0358465105127139 11 0.36253390071997 0.180604342376385 0.0358465105127139 11 0.228461901548292 0.0954933364012968 0.0358465105127139 0.32 0.32 "simulation2" 0.936998547848975 0.30036104808714
"46" 12 2.20784439445996 0.343719348015768 0.0270215061041417 12 0.379354008595578 0.187116639110011 0.0270215061041417 12 0.247330107983617 0.105457601474639 0.0270215061041417 0.32 0.32 "simulation2" 0.955659917982285 0.293517383741967
"47" 13 2.19959997797913 0.379809691412895 0.0201547336868207 13 0.39586525728832 0.193579479665018 0.0201547336868207 13 0.265903127477756 0.0999190492088351 0.0201547336868207 0.32 0.32 "simulation2" 0.940102701023423 0.236251198399335
"48" 14 2.18852817148303 0.441903756760262 0.0149705338312928 14 0.412114303977871 0.210280569964884 0.0149705338312928 14 0.284185366647019 0.0752494223844495 0.0149705338312928 0.32 0.32 "simulation2" 0.932367814422925 0.209189649091902
"49" 15 2.17686030309493 0.423336430762411 0.011101814245912 15 0.428108845246756 0.191125379952402 0.011101814245912 15 0.302181492036613 0.0591426537049147 0.011101814245912 0.32 0.32 "simulation2" 0.810484446130564 0.0987991722985368
"50" 16 2.1652482821948 0.396735203359176 0.00822768847160972 16 0.443853090313648 0.179459555452019 0.00822768847160972 16 0.319896043747355 0.0460047230643017 0.00822768847160972 0.32 0.32 "simulation2" 0.969527291343628 0.190835314194444
"51" 17 2.15381299151982 0.375632194259994 0.00609615668272501 17 0.459351001618266 0.167216049837842 0.00609615668272501 17 0.337333428014636 0.0424214327768241 0.00609615668272501 0.32 0.32 "simulation2" 0.968525809529213 0.155676088331589
"52" 18 2.14255661975313 0.380081368069238 0.0045164119283351 18 0.474606428610578 0.170319821423448 0.0045164119283351 18 0.354497981651878 0.0605052523645127 0.0045164119283351 0.32 0.32 "simulation2" 1.00786285953118 0.139729326199286
"53" 19 2.13147631004957 0.384109518423812 0.00334591703295873 19 0.489623164587159 0.179781287155116 0.00334591703295873 19 0.371393973455751 0.0448111959875197 0.00334591703295873 0.32 0.32 "simulation2" 0.98882435816084 0.162208363059412
"54" 20 2.12056916356574 0.363270623185544 0.00247873830268809 20 0.504404947392507 0.175207057848047 0.00247873830268809 20 0.388025605424418 0.0669361315555304 0.00247873830268809 0.32 0.32 "simulation2" 0.954081634760399 0.159772930413838
"55" 21 2.1098326677095 0.353962853378121 0.00183630080205394 21 0.518955449669489 0.167774539008609 0.00183630080205394 21 0.404397013811855 0.0542540126546402 0.00183630080205394 0.32 0.32 "simulation2" 0.820515479191409 0.160797935005803
"56" 22 2.09926415821429 0.356829762267844 0.00136036689869699 22 0.533278289873515 0.157585808907238 0.00136036689869699 22 0.420512270147949 0.0402052985989494 0.00136036689869699 0.32 0.32 "simulation2" 0.805556200506791 0.165059574576726
"57" 23 2.08886100686473 0.327432014259932 0.0010077851027621 23 0.54737703050886 0.140789949656145 0.0010077851027621 23 0.436375382247888 0.0400147722135193 0.0010077851027621 0.32 0.32 "simulation2" 0.786829561180437 0.182624478101048
"58" 24 2.07862062639244 0.347508697476244 0.000746585714894038 24 0.561255177952906 0.151629101622275 0.000746585714894038 24 0.451990295263278 0.0377466774374676 0.000746585714894038 0.32 0.32 "simulation2" 0.564457431495168 0.199097612314334
"59" 25 2.06854047003495 0.343116592042876 0.000553084343364606 25 0.574916183649853 0.141872046359309 0.000553084343364606 25 0.467360892600698 0.0380096189013306 0.000553084343364606 0.32 0.32 "simulation2" 0.677879748312176 0.304729782761125
"60" 26 2.05861803087473 0.341830435360856 0.000409734971306263 26 0.588363445081959 0.139427176243916 0.000409734971306263 26 0.482490996890608 0.0178042767970574 0.000409734971306263 0.32 0.32 "simulation2" 0.731422181368165 0.136556053331912
"61" 27 2.04885084122056 0.334628251590708 0.000303539135880365 27 0.601600306572706 0.130825606118067 0.000303539135880365 27 0.497384370959746 0.0162705282617521 0.000303539135880365 0.32 0.32 "simulation2" 0.568623108445606 0.0498755872514303
"62" 28 2.03923647200313 0.316667743726597 0.000224867323548967 28 0.614630060098312 0.126129157244756 0.000224867323548967 28 0.512044718761249 0.013310489173911 0.000224867323548967 0.32 0.32 "simulation2" 0.523032442089172 0.0682140581832576
"63" 29 2.02977253214539 0.282930634075752 0.00016658581080717 29 0.627455946131156 0.125734713817677 0.00016658581080717 29 0.526475686295087 0.0108151993788039 0.00016658581080717 0.32 0.32 "simulation2" 0.514954592605337 0.04215187805752
"64" 30 2.02045666797075 0.267615447384845 0.000123409804034976 30 0.640081154443999 0.116516823464097 0.000123409804034976 30 0.540680862514804 0.0182524681141882 0.000123409804034976 0.32 0.32 "simulation2" 0.462675530111357 0.0553092815404486
"65" 31 2.01128656264201 0.241646787648494 9.14242314633601e-05 31 0.652508824901579 0.122869670344955 9.14242314633601e-05 31 0.554663780220084 0.0335592229437069 9.14242314633601e-05 0.32 0.32 "simulation2" 0.390988053564815 0.0954114315485951
"66" 32 2.00225993557448 0.245792995558877 6.77287364866098e-05 32 0.664742048241354 0.118322711044187 6.77287364866098e-05 32 0.56842791693535 0.0276578859342243 6.77287364866098e-05 0.32 0.32 "simulation2" 0.443351307430087 0.0693656569841261
"67" 0 0 0 0.001 0 0 0 0.001 0 0 0 0.001 1 1 "simulation3" 0 0
"68" 1 0.02244293970752 0.112922389354349 0.00191250814637267 1 0.0224429397075196 0.0599352121175789 0.00191250814637267 1 0.0224429397075196 0 0.00191250814637267 1 1 "simulation3" 0.00449451269690404 0.00778472434630121
"69" 2 0.0445343328093017 0.263649888855049 0.00364855138955103 2 0.0445343418293232 0.219552298622846 0.00364855138955103 2 0.0445343433187355 0.188708358713786 0.00364855138955103 1 1 "simulation3" 0.00683569974006062 0.0118397792550704
"70" 3 0.0662811644495349 0.549437446861098 0.00691604061977391 3 0.0662808832257949 0.462569819640675 0.00691604061977391 3 0.0662811494936348 0.369752249508426 0.00691604061977391 1 1 "simulation3" 0.0125093483680936 0.0161300260227306
"71" 4 0.0883387273006436 0.625033575858014 0.0128999930583945 4 0.0878032989989123 0.532129377731628 0.0128999930583945 4 0.0877071599184078 0.443622992980154 0.0128999930583945 1 1 "simulation3" 0.0691224366951116 0.0467009123539102
"72" 5 0.197918928012005 0.578769271097823 0.023138976814242 5 0.126549844861046 0.485685009311983 0.023138976814242 5 0.110002038935605 0.373440686003902 0.023138976814242 1 1 "simulation3" 0.379343101292495 0.16947659478875
"73" 6 0.726134445820514 0.532124793325417 0.038064326963386 6 0.430298187136169 0.447486668547336 0.038064326963386 6 0.209484911566933 0.369413091530006 0.038064326963386 1 1 "simulation3" 0.973965564389581 0.380196166346788
"74" 7 1.29653098417527 0.495831523983405 0.0534107943901927 7 0.896201442245374 0.406444271602731 0.0534107943901927 7 0.524247237847723 0.310096351189071 0.0534107943901927 1 1 "simulation3" 1.79250744595268 0.39358780072176
"75" 8 1.8203970299014 0.466661017013947 0.0604806119517437 8 1.33207695159369 0.392232709270834 0.0604806119517437 8 0.818421071933034 0.285245280959972 0.0604806119517437 1 1 "simulation3" 2.24890409298316 0.417090848624139
"76" 9 2.28319914095459 0.404223337620798 0.0563166088724317 9 1.75762299590208 0.39511194433363 0.0563166088724317 9 1.17956037345144 0.382814043913847 0.0563166088724317 1 1 "simulation3" 3.00359107841086 0.701560734195982
"77" 10 2.68773442133465 0.388180937645175 0.0463231622785894 10 2.14982023611973 0.362875383620836 0.0463231622785894 10 1.54029786323857 0.321677036941844 0.0463231622785894 1 1 "simulation3" 3.13926172197856 0.674814776402803
"78" 11 3.02022110450029 0.397506141817347 0.0358465105127139 11 2.40822174950924 0.362938522920855 0.0358465105127139 11 1.68406076971385 0.323710965296163 0.0358465105127139 1 1 "simulation3" 3.23337608545256 0.683243677839051
"79" 12 3.12834638944103 0.389655774555362 0.0270215061041417 12 2.4536795565578 0.347562268529555 0.0270215061041417 12 1.70307735976395 0.321852695296654 0.0270215061041417 1 1 "simulation3" 3.30478246361783 0.610929777423527
"80" 13 3.11054000964948 0.354559081915879 0.0201547336868207 13 2.44032626271388 0.316220885246508 0.0201547336868207 13 1.70006837784673 0.289539710329305 0.0201547336868207 1 1 "simulation3" 3.38466540845384 0.574680558971849
"81" 14 3.08450493693366 0.340416333460962 0.0149705338312928 14 2.42463463335734 0.283459538933447 0.0149705338312928 14 1.6959223150077 0.234594092332751 0.0149705338312928 1 1 "simulation3" 3.44859974581759 0.62969999038401
"82" 15 3.0586956481185 0.362299874676541 0.011101814245912 15 2.40914140746463 0.269983912214995 0.011101814245912 15 1.69182964748893 0.194298602027879 0.011101814245912 1 1 "simulation3" 3.52767227270752 0.562581891155245
"83" 16 3.03328151565525 0.312711601292728 0.00822768847160972 16 2.39388959912033 0.253506096357375 0.00822768847160972 16 1.68780133068654 0.220086747621278 0.00822768847160972 1 1 "simulation3" 3.54444747183315 0.652130697715131
"84" 17 3.00826540174191 0.306858151123589 0.00609615668272501 17 2.37887665312381 0.24253264260491 0.00609615668272501 17 1.68383605114523 0.200036432791607 0.00609615668272501 1 1 "simulation3" 3.50612338013116 0.62995207120852
"85" 18 2.98363988496664 0.302955685091715 0.0045164119283351 18 2.36409859983651 0.239994559050191 0.0045164119283351 18 1.67993281453844 0.191683875670842 0.0045164119283351 1 1 "simulation3" 3.59990949272407 0.748268527190212
"86" 19 2.95939952217272 0.276406355296407 0.00334591703295873 19 2.34955176994802 0.217808181649119 0.00334591703295873 19 1.67609064915411 0.17449619443386 0.00334591703295873 1 1 "simulation3" 3.5538657220195 0.630492034290642
"87" 20 2.93553843108028 0.292267129784494 0.00247873830268809 20 2.3352325447351 0.238252214368055 0.00247873830268809 20 1.67230859945481 0.209424944439102 0.00247873830268809 1 1 "simulation3" 3.4986876579461 0.569244053478737
"88" 21 2.91205067768505 0.269989347377616 0.00183630080205394 21 2.3211373633583 0.211216422637058 0.00183630080205394 21 1.66858572485555 0.159214463391318 0.00183630080205394 1 1 "simulation3" 3.38377569502413 0.611163059657323
"89" 22 2.88893042082999 0.290926763160047 0.00136036689869699 22 2.3072627173671 0.204018451087178 0.00136036689869699 22 1.66492109948644 0.154888503153157 0.00136036689869699 1 1 "simulation3" 3.31085984865087 0.556882103324053
"90" 23 2.86617191056435 0.271796011559898 0.0010077851027621 23 2.29360515608942 0.203476330916609 0.0010077851027621 23 1.66131381196231 0.159403021957426 0.0010077851027621 1 1 "simulation3" 3.22849401217637 0.558206675959932
"91" 24 2.84376948688355 0.264075012799523 0.000746585714894038 24 2.28016128593869 0.186715357195701 0.000746585714894038 24 1.65776296516253 0.130908312523702 0.000746585714894038 1 1 "simulation3" 3.12870970210586 0.61522915424309
"92" 25 2.82171757835009 0.260981818974435 0.000553084343364606 25 2.26692776302289 0.192288193727196 0.000553084343364606 25 1.65426767599685 0.151207043811315 0.000553084343364606 1 1 "simulation3" 2.94381135565633 0.59512589378822
"93" 26 2.800010700701 0.245490629695425 0.000409734971306263 26 2.25390129583879 0.173569701915099 0.000409734971306263 26 1.65082707518896 0.133936440770758 0.000409734971306263 1 1 "simulation3" 2.87534160519679 0.636533552310086
"94" 27 2.77864345551179 0.228151973747973 0.000303539135880365 27 2.24107864472662 0.169699345489421 0.000303539135880365 27 1.64744030706848 0.130056832558281 0.000303539135880365 1 1 "simulation3" 2.71921542170775 0.643383781052658
"95" 28 2.75761052875246 0.224222372811781 0.000224867323548967 28 2.2284566207471 0.155994245659017 0.000224867323548967 28 1.64410652935364 0.116443870543616 0.000224867323548967 1 1 "simulation3" 2.56036935157251 0.62121267587862
"96" 29 2.73690668956067 0.200657991000217 0.00016658581080717 29 2.21603208480298 0.151364135935839 0.00016658581080717 29 1.64082491294049 0.110478496168279 0.00016658581080717 1 1 "simulation3" 2.39343071522047 0.540828116929034
"97" 30 2.71652678894269 0.202680229688157 0.000123409804034976 30 2.20380194692516 0.134159344665372 0.000123409804034976 30 1.63759464169741 0.0802305565671738 0.000123409804034976 1 1 "simulation3" 2.18758221910515 0.518550092937509
"98" 31 2.69646575845807 0.192140891336511 9.14242314633601e-05 31 2.19176316550943 0.122398551754008 9.14242314633601e-05 31 1.63441491226224 0.0544545285706088 9.14242314633601e-05 1 1 "simulation3" 2.00526918311182 0.454178421412599
"99" 32 2.67671860896758 0.169259472396042 6.77287364866098e-05 32 2.17991274653509 0.10450220403265 6.77287364866098e-05 32 1.63128493384244 0.0469276317210688 6.77287364866098e-05 1 1 "simulation3" 1.88251187859639 0.43792592396106
"100" 0 0 0 0.001 0 0 0 0.001 0 0 0 0.001 3.16 3.16 "simulation4" 0 0
"101" 1 0.0224429397130948 0.16945871611576 0.00191250814637267 1 0.0224429397085041 0.0578760968953774 0.00191250814637267 1 0.0224429397075474 0 0.00191250814637267 3.16 3.16 "simulation4" 0 0
"102" 2 0.0445347245262941 0.625509447902885 0.00364855138955103 2 0.0445347518168587 0.543854870814095 0.00364855138955103 2 0.0445342988113269 0.40015663445039 0.00364855138955103 3.16 3.16 "simulation4" 0.00202925440838297 0.00351477173680243
"103" 3 0.0664836343118801 1.02322200735721 0.00691604061977391 3 0.0663026657405125 0.820683164424531 0.00691604061977391 3 0.0662817727688071 0.596543364780435 0.00691604061977391 3.16 3.16 "simulation4" 0.0252747064873936 0.0140564234141031
"104" 4 0.324616602488788 1.14839274962269 0.0128999930583945 4 0.121488820717521 0.909854787464004 0.0128999930583945 4 0.0892988711249912 0.681686024113703 0.0128999930583945 3.16 3.16 "simulation4" 0.174910830552785 0.0779236601794618
"105" 5 1.53311410336849 1.0852400869886 0.023138976814242 5 0.841118147353255 0.855708275548598 0.023138976814242 5 0.26639493453238 0.621971398604468 0.023138976814242 3.16 3.16 "simulation4" 0.873980942728269 0.257804702335581
"106" 6 2.72447699843885 1.05343898031339 0.038064326963386 6 1.78371941607683 0.825088999794172 0.038064326963386 6 0.908417765314342 0.611757021013786 0.038064326963386 3.16 3.16 "simulation4" 2.05620188476115 0.366221788305515
"107" 7 3.85609004172445 1.03742514482953 0.0534107943901927 7 2.66347641958512 0.784499599837932 0.0534107943901927 7 1.57308893479232 0.581023346322286 0.0534107943901927 3.16 3.16 "simulation4" 3.30241690251415 0.436611370617311
"108" 8 4.91062884747135 0.961601031619352 0.0604806119517437 8 3.46474765518084 0.729582733958084 0.0604806119517437 8 2.15299200705754 0.505820515981072 0.0604806119517437 3.16 3.16 "simulation4" 4.21122182401569 0.460472158074924
"109" 9 5.79596885970233 0.788400585565917 0.0563166088724317 9 4.20547982468177 0.701327867350802 0.0563166088724317 9 2.74548428676153 0.614217321107096 0.0563166088724317 3.16 3.16 "simulation4" 5.4980815407432 0.816811064288342
"110" 10 6.57976989783892 0.777414829377173 0.0463231622785894 10 4.92344382579946 0.696074730347002 0.0463231622785894 10 3.38689032056882 0.588042139439853 0.0463231622785894 3.16 3.16 "simulation4" 5.95474852749615 0.790892469722187
"111" 11 7.36883247943611 0.788223850696584 0.0358465105127139 11 5.63473804146131 0.690383251554649 0.0358465105127139 11 3.98500860574926 0.556399284456823 0.0358465105127139 3.16 3.16 "simulation4" 6.3138174254427 0.572483840651703
"112" 12 8.07842161546757 0.664702967159959 0.0270215061041417 12 6.25335373727809 0.585557052648662 0.0270215061041417 12 4.4076304807918 0.489559612929208 0.0270215061041417 3.16 3.16 "simulation4" 6.4515214807484 0.725962877823504
"113" 13 8.44225038932503 0.60739505420182 0.0201547336868207 13 6.47857313791837 0.566428991192255 0.0201547336868207 13 4.46803602576979 0.50700808885619 0.0201547336868207 3.16 3.16 "simulation4" 6.79408543086871 0.508394646015449
"114" 14 8.38429419231121 0.558261491384201 0.0149705338312928 14 6.42626872628533 0.517948312957509 0.0149705338312928 14 4.42979927876937 0.472886816821321 0.0149705338312928 3.16 3.16 "simulation4" 7.04780409142015 0.58212969507747
"115" 15 8.27707561218829 0.544690764382359 0.011101814245912 15 6.3488281670724 0.503276060577504 0.011101814245912 15 4.38317656817733 0.451224469964385 0.011101814245912 3.16 3.16 "simulation4" 7.14653476252536 0.465866088329269
"116" 16 8.17007887359825 0.530370289045045 0.00822768847160972 16 6.27196219096647 0.490688931789517 0.00822768847160972 16 4.33704688269927 0.432402997380483 0.00822768847160972 3.16 3.16 "simulation4" 7.20161308042132 0.600529733366214
"117" 17 8.06469273161205 0.502109214467307 0.00609615668272501 17 6.19627307591955 0.464221115039078 0.00609615668272501 17 4.29163105427103 0.400754597009637 0.00609615668272501 3.16 3.16 "simulation4" 7.38352707267437 0.574883758430435
"118" 18 7.96095303279669 0.494932569731348 0.0045164119283351 18 6.12176695307756 0.441624741969576 0.0045164119283351 18 4.24692544538762 0.357384133516548 0.0045164119283351 3.16 3.16 "simulation4" 7.37058209150282 0.671912732989611
"119" 19 7.85883617581199 0.456771424860185 0.00334591703295873 19 6.04842655354821 0.402709022789444 0.00334591703295873 19 4.2029193341177 0.323517808281486 0.00334591703295873 3.16 3.16 "simulation4" 7.32541021360967 0.745957980759153
"120" 20 7.75831702088644 0.444853708753014 0.00247873830268809 20 5.97623361535582 0.391717983533453 0.00247873830268809 20 4.15960176022063 0.311839417487817 0.00247873830268809 3.16 3.16 "simulation4" 7.41951508727132 0.680984509773761
"121" 21 7.65937062062864 0.417494691385505 0.00183630080205394 21 5.90517023175229 0.359304443316248 0.00183630080205394 21 4.11696194607771 0.26726243124079 0.00183630080205394 3.16 3.16 "simulation4" 7.36377688236809 0.769381653621519
"122" 22 7.56197236568643 0.374375473132951 0.00136036689869699 22 5.83521871938193 0.340725175848383 0.00136036689869699 22 4.07498928891513 0.2847100231349 0.00136036689869699 3.16 3.16 "simulation4" 7.33297792505161 0.869688364963984
"123" 23 7.46609803326204 0.344290445203496 0.0010077851027621 23 5.76636168000289 0.307883538832024 0.0010077851027621 23 4.03367334375871 0.269607698908369 0.0010077851027621 3.16 3.16 "simulation4" 7.2488097653438 0.886930824656869
"124" 24 7.37172377960463 0.347375068327185 0.000746585714894038 24 5.69858200234341 0.299153482844302 0.000746585714894038 24 3.99300383385219 0.235920731000649 0.000746585714894038 3.16 3.16 "simulation4" 7.09649129610483 0.944740481203016
"125" 25 7.27882613409668 0.331628367852931 0.000553084343364606 25 5.631862827464 0.28682266224336 0.000553084343364606 25 3.95297065368715 0.228107128909907 0.000553084343364606 3.16 3.16 "simulation4" 6.88498615510133 0.993443321511684
"126" 26 7.18738197513681 0.335056214432929 0.000409734971306263 26 5.56618756111791 0.269897408680806 0.000409734971306263 26 3.91356384577645 0.207083893749182 0.000409734971306263 3.16 3.16 "simulation4" 6.55704094761415 0.978602537299626
"127" 27 7.09736857856688 0.319293088822125 0.000303539135880365 27 5.50153987003058 0.24945827135492 0.000303539135880365 27 3.87477360878683 0.190009485121631 0.000303539135880365 3.16 3.16 "simulation4" 6.25545997440033 0.916834037576126
"128" 28 7.00876356226983 0.307467817708552 0.000224867323548967 28 5.43790367651819 0.219700944766133 0.000224867323548967 28 3.83659029566904 0.107490121488018 0.000224867323548967 3.16 3.16 "simulation4" 5.96444463201287 0.895987599209322
"129" 29 6.92154488754699 0.292843293425716 0.00016658581080717 29 5.37526315427625 0.200100670581831 0.00016658581080717 29 3.79900441037274 0.0897701451429974 0.00016658581080717 3.16 3.16 "simulation4" 5.71327080213037 0.860440105671179
"130" 30 6.83569086277987 0.284496114370324 0.000123409804034976 30 5.31360272469549 0.188349748714837 0.000123409804034976 30 3.76200660529343 0.0801231052913477 0.000123409804034976 3.16 3.16 "simulation4" 5.3172702130404 0.744939587215007
"131" 31 6.75118013637359 0.295523464508107 9.14242314633601e-05 31 5.25290705297638 0.193087335873977 9.14242314633601e-05 31 3.72558767912125 0.101079321745868 9.14242314633601e-05 3.16 3.16 "simulation4" 4.96111737801742 0.852613439274184
"132" 32 6.66799169060163 0.267374478175775 6.77287364866098e-05 32 5.19316104422659 0.159851361001237 6.77287364866098e-05 32 3.68973857456007 0.0894004670559758 6.77287364866098e-05 3.16 3.16 "simulation4" 4.67174826761735 0.876701292891075
"133" 0 0 0 0.001 0 0 0 0.001 0 0 0 0.001 10 10 "simulation5" 0 0
"134" 1 0.0224429535136413 0.205539699243165 0.00191250814637267 1 0.0224429411251106 0.132184562336932 0.00191250814637267 1 0.0224429400986034 0.0562448214566751 0.00191250814637267 10 10 "simulation5" 0.00255317191082353 0.00442222347000408
"135" 2 0.0445388194214255 1.27738090933002 0.00364855138955103 2 0.0445352290620875 1.03678173733499 0.00364855138955103 2 0.044534906611321 0.912505387137473 0.00364855138955103 10 10 "simulation5" 0.00433901832827193 0.00751540019953955
"136" 3 0.100218164931549 1.62217807244527 0.00691604061977391 3 0.0688593611077392 1.26429741301875 0.00691604061977391 3 0.0665871295735303 1.02751593543907 0.00691604061977391 10 10 "simulation5" 0.0272037216871044 0.0254630282602143
"137" 4 1.50916403289134 1.72179365801596 0.0128999930583945 4 0.630485039222913 1.31767617793265 0.0128999930583945 4 0.188963279545576 1.01809671822212 0.0128999930583945 10 10 "simulation5" 0.251728872196285 0.10488533436472
"138" 5 3.45459371162338 1.71132231711057 0.023138976814242 5 2.13386956084266 1.35697701076517 0.023138976814242 5 1.26622442834492 1.12798217852863 0.023138976814242 10 10 "simulation5" 1.195468205385 0.283183678308208
"139" 6 5.38429763751991 1.79324177039068 0.038064326963386 6 3.67231049460883 1.41004108537701 0.038064326963386 6 2.58564959303608 1.2152353950746 0.038064326963386 10 10 "simulation5" 2.74924492226405 0.491856496031761
"140" 7 7.32299210663586 1.82613028834322 0.0534107943901927 7 5.20763532339624 1.43203606599998 0.0534107943901927 7 3.89371400524636 1.18457550655405 0.0534107943901927 10 10 "simulation5" 4.38401158579886 0.578033963012921
"141" 8 9.19917481192493 1.7847213201773 0.0604806119517437 8 6.66875926585081 1.36528877515207 0.0604806119517437 8 5.12627015650633 1.1494300340519 0.0604806119517437 10 10 "simulation5" 5.83526640735781 0.636435421505577
"142" 9 10.9970728895643 1.75084101289145 0.0563166088724317 9 8.08926710578733 1.40449822041319 0.0563166088724317 9 6.26089057499482 1.05206088064311 0.0563166088724317 10 10 "simulation5" 7.32762741443298 0.664997152593314
"143" 10 12.7590937182992 1.73090309175017 0.0463231622785894 10 9.51036905242422 1.37186866241898 0.0463231622785894 10 7.33220495825236 1.05219634595592 0.0463231622785894 10 10 "simulation5" 8.31079084414847 0.854026988591068
"144" 11 14.3861189685775 1.52859843857421 0.0358465105127139 11 10.8563668222814 1.2901450534694 0.0358465105127139 11 8.39472295235829 1.0371773192387 0.0358465105127139 10 10 "simulation5" 8.86517461622848 0.783544087725059
"145" 12 15.8799455476859 1.50856878285487 0.0270215061041417 12 12.1397074782786 1.27035608412541 0.0270215061041417 12 9.44177019967707 1.03139181231841 0.0270215061041417 10 10 "simulation5" 9.40440661116098 0.857865380250877
"146" 13 17.3009110687242 1.40748509906788 0.0201547336868207 13 13.3612041007003 1.19610637342391 0.0201547336868207 13 10.4352263971079 0.962906054742976 0.0201547336868207 10 10 "simulation5" 9.77232072509183 0.798860023158587
"147" 14 18.622432707276 1.37750495930561 0.0149705338312928 14 14.4713464400441 1.15597191005267 0.0149705338312928 14 11.1097504896675 0.888229169419319 0.0149705338312928 10 10 "simulation5" 10.0770310308843 0.743114560242506
"148" 15 19.7015154568712 1.31022071123935 0.011101814245912 15 15.0754840712569 1.10052827787877 0.011101814245912 15 11.1431282007722 0.886078441646904 0.011101814245912 10 10 "simulation5" 10.3934761976541 0.828286092854579
"149" 16 19.9222191119556 1.32635009424733 0.00822768847160972 16 14.9741070158645 1.08464756831383 0.00822768847160972 16 11.0031537752157 0.851482347888903 0.00822768847160972 10 10 "simulation5" 10.7654785782702 0.872763212416279
"150" 17 19.6836107461635 1.30040824356611 0.00609615668272501 17 14.768328095248 1.06977120226588 0.00609615668272501 17 10.8538985942569 0.859484719623916 0.00609615668272501 10 10 "simulation5" 10.87856398912 0.847441505106566
"151" 18 19.4001357597378 1.24093859215511 0.0045164119283351 18 14.5599337956258 0.99453196899707 0.0045164119283351 18 10.7065403586714 0.819790616890478 0.0045164119283351 10 10 "simulation5" 11.0414885250137 0.645017091475601
"152" 19 19.1190971677895 1.18016892382874 0.00334591703295873 19 14.3545725668897 0.969573984856179 0.00334591703295873 19 10.5614661217848 0.788828326193819 0.00334591703295873 10 10 "simulation5" 11.0813383464998 0.895992085019996
"153" 20 18.8423984931173 1.1959620845982 0.00247873830268809 20 14.1524179307743 0.971423586790241 0.00247873830268809 20 10.4186609538646 0.785389289602928 0.00247873830268809 10 10 "simulation5" 11.3152304338898 0.886993712931733
"154" 21 18.5700263298926 1.12205878449269 0.00183630080205394 21 13.9534273371459 0.908448756620781 0.00183630080205394 21 10.278090022389 0.732927796137615 0.00183630080205394 10 10 "simulation5" 11.2871161787737 0.907312969394079
"155" 22 18.3019162126092 1.13301448975035 0.00136036689869699 22 13.7575503453369 0.889588938483148 0.00136036689869699 22 10.1397184920606 0.71602924788213 0.00136036689869699 10 10 "simulation5" 11.5045712244754 0.989315696299998
"156" 23 18.0380014055535 1.04580170696366 0.0010077851027621 23 13.564738097198 0.841063489620814 0.0010077851027621 23 10.0035119650871 0.689204609211516 0.0010077851027621 10 10 "simulation5" 11.2756169668582 1.16080905041317
"157" 24 17.7782159167569 1.00428350329443 0.000746585714894038 24 13.374942647681 0.806605949277491 0.000746585714894038 24 9.86943653826405 0.661922475645943 0.000746585714894038 10 10 "simulation5" 11.1461228695606 1.32326064716758
"158" 25 17.5224951095358 0.998277038009062 0.000553084343364606 25 13.188116795502 0.791828295328089 0.000553084343364606 25 9.73745889766117 0.620621631249158 0.000553084343364606 10 10 "simulation5" 11.0947229445564 1.22239756375061
"159" 26 17.2707753879819 0.990970452630118 0.000409734971306263 26 13.004214077524 0.766726299767736 0.000409734971306263 26 9.60754622389616 0.56384402150422 0.000409734971306263 10 10 "simulation5" 10.9641358871447 1.28976881221272
"160" 27 17.0229941498664 0.91154662267292 0.000303539135880365 27 12.8231887574982 0.71788006485083 0.000303539135880365 27 9.47966620391768 0.539594664850733 0.000303539135880365 10 10 "simulation5" 10.8133513757077 1.48233057327706
"161" 28 16.7790897724891 0.855286410137085 0.000224867323548967 28 12.6449958147797 0.660334240680653 0.000224867323548967 28 9.35378703369121 0.521772949853264 0.000224867323548967 10 10 "simulation5" 10.545969237917 1.5676688736874
"162" 29 16.5390015973068 0.779636191004205 0.00016658581080717 29 12.4695909334913 0.610594489734438 0.00016658581080717 29 9.2298774075239 0.483569011323398 0.00016658581080717 10 10 "simulation5" 10.0768239802572 1.48758483009674
"163" 30 16.3026699148575 0.76507949387907 0.000123409804034976 30 12.2969304904663 0.586279159004837 0.000123409804034976 30 9.10790650919428 0.465157561631108 0.000123409804034976 10 10 "simulation5" 9.58397092834751 1.35758610891206
"164" 31 16.0700359502581 0.68987983809785 9.14242314633601e-05 31 12.1269715452141 0.552622597661688 9.14242314633601e-05 31 8.98784400463142 0.449018328429227 9.14242314633601e-05 10 10 "simulation5" 9.36802207747708 1.43597697545527
"165" 32 15.8410418477281 0.6453942036986 6.77287364866098e-05 32 11.9596718293819 0.519359103647315 6.77287364866098e-05 32 8.86966003456869 0.405458408993506 6.77287364866098e-05 10 10 "simulation5" 8.87895717848819 1.5842219602682
"166" 0 0 0 0.001 0 0 0 0.001 0 0 0 0.001 31.62 31.62 "simulation6" 0 0
"167" 1 0.0224429494829999 0.365694093336732 0.00191250814637267 1 0.0224429433465955 0.248077515374607 0.00191250814637267 1 0.0224429425707651 0.155365288374495 0.00191250814637267 31.62 31.62 "simulation6" 0.0025066729132283 0.00434168484366811
"168" 2 0.0445377076008637 1.20961665722905 0.00364855138955103 2 0.0445359044681171 1.11008338735217 0.00364855138955103 2 0.0445355487126227 1.03847942060029 0.00364855138955103 31.62 31.62 "simulation6" 0.00746087666741124 0.0117048069065187
"169" 3 0.0794900041076909 1.48339938640721 0.00691604061977391 3 0.0689008156460738 1.26207761355992 0.00691604061977391 3 0.0667086795397683 1.05523046267975 0.00691604061977391 31.62 31.62 "simulation6" 0.0478418655983071 0.0436292938340369
"170" 4 1.28521591918649 1.71004927302591 0.0128999930583945 4 0.732447736535248 1.41491167533369 0.0128999930583945 4 0.274196846466505 1.11970443069677 0.0128999930583945 31.62 31.62 "simulation6" 0.383266085624811 0.160887460854622
"171" 5 3.33773398672704 1.89339298643051 0.023138976814242 5 2.42906596794505 1.57531732779417 0.023138976814242 5 1.57665367888382 1.29990025630772 0.023138976814242 31.62 31.62 "simulation6" 1.67592824764366 0.449376526539374
"172" 6 5.47737733254917 1.97241296735968 0.038064326963386 6 4.2437370432082 1.6850981941827 0.038064326963386 6 3.16587468543823 1.52091217681335 0.038064326963386 31.62 31.62 "simulation6" 3.82405302618128 0.707033720677949
"173" 7 7.65755620176134 2.09554350303559 0.0534107943901927 7 6.09778732169391 1.75524335150597 0.0534107943901927 7 4.8308417854431 1.54415967384991 0.0534107943901927 31.62 31.62 "simulation6" 6.1310810530095 1.02715939371345
"174" 8 9.883751328542 2.16772892498395 0.0604806119517437 8 7.96484302190278 1.81583935166381 0.0604806119517437 8 6.48696641764934 1.60827558295011 0.0604806119517437 31.62 31.62 "simulation6" 8.54044206598519 1.0808476656546
"175" 9 12.1618209124094 2.25574086830036 0.0563166088724317 9 9.92259223530362 1.9638187393687 0.0563166088724317 9 8.21735349835471 1.71300137221539 0.0563166088724317 31.62 31.62 "simulation6" 10.8517402170956 0.600055017895891
"176" 10 14.4709336073969 2.24595341961629 0.0463231622785894 10 11.9277691807081 1.91922312293789 0.0463231622785894 10 9.97402127614039 1.67663213601869 0.0463231622785894 31.62 31.62 "simulation6" 13.0105188255218 0.674894530585433
"177" 11 16.7123452628916 2.16222359255972 0.0358465105127139 11 13.8549619661401 1.85732172843647 0.0358465105127139 11 11.6837902802635 1.65242503113074 0.0358465105127139 31.62 31.62 "simulation6" 14.6870774140134 0.722034697180818
"178" 12 18.8721522650576 2.13009134313544 0.0270215061041417 12 15.7284128666839 1.84235417280923 0.0270215061041417 12 13.359707107013 1.62763902936171 0.0270215061041417 31.62 31.62 "simulation6" 16.1276635109183 0.563381280528817
"179" 13 21.0265663601519 2.1607857900179 0.0201547336868207 13 17.5910600637793 1.84975587809184 0.0201547336868207 13 14.9847428662125 1.58032608086665 0.0201547336868207 31.62 31.62 "simulation6" 17.0011893605 0.956141072668164
"180" 14 23.110774631105 2.04022336621375 0.0149705338312928 14 19.399998771368 1.77751737662795 0.0149705338312928 14 16.5187428396848 1.50206407173675 0.0149705338312928 31.62 31.62 "simulation6" 17.8315490312452 1.35787918401653
"181" 15 25.0526196246268 1.97415140083328 0.011101814245912 15 21.0887716410896 1.71641586251475 0.011101814245912 15 17.8643203593049 1.43870943909914 0.011101814245912 31.62 31.62 "simulation6" 18.9295388653388 1.6311784291288
"182" 16 26.7745413910946 1.92129641395345 0.00822768847160972 16 22.3547489026125 1.67516420430723 0.00822768847160972 16 18.4393373518453 1.42418396140746 0.00822768847160972 31.62 31.62 "simulation6" 19.4963528329965 1.8141109037556
"183" 17 27.4162136860458 1.87797662909016 0.00609615668272501 17 22.4613942329604 1.64858143590397 0.00609615668272501 17 18.2721593681561 1.38459211767807 0.00609615668272501 31.62 31.62 "simulation6" 19.6568767897645 1.86915842435431
"184" 18 27.1157817198254 1.83322781348114 0.0045164119283351 18 22.1603005360414 1.60992873870481 0.0045164119283351 18 18.0132806279296 1.37816065722916 0.0045164119283351 31.62 31.62 "simulation6" 20.1292688708918 1.71309941455141
"185" 19 26.7195949070668 1.89558668287435 0.00334591703295873 19 21.8372810803096 1.62557191808614 0.00334591703295873 19 17.7541012642107 1.33457698210078 0.00334591703295873 31.62 31.62 "simulation6" 20.6424214030457 1.72905945355
"186" 20 26.3243304706868 1.8335594555076 0.00247873830268809 20 21.5181166755824 1.57909136735479 0.00247873830268809 20 17.4987662378681 1.31715444126516 0.00247873830268809 31.62 31.62 "simulation6" 21.1065647071371 1.90673268142879
"187" 21 25.9349105433757 1.83817640373933 0.00183630080205394 21 21.2038835123166 1.58290456761503 0.00183630080205394 21 17.2474213274914 1.3124923068146 0.00183630080205394 31.62 31.62 "simulation6" 20.9874801702825 2.26389034233281
"188" 22 25.5515696872837 1.74887020779537 0.00136036689869699 22 20.8945646870671 1.53058449091984 0.00136036689869699 22 17.000005762177 1.29102680468802 0.00136036689869699 31.62 31.62 "simulation6" 20.9094275913949 1.99025086326035
"189" 23 25.1742245342671 1.75003973288624 0.0010077851027621 23 20.5900845314682 1.53066738023477 0.0010077851027621 23 16.7564610815764 1.31390802619835 0.0010077851027621 31.62 31.62 "simulation6" 20.9962438111488 2.20933999893119
"190" 24 24.8027835624949 1.6415258934702 0.000746585714894038 24 20.2903684185887 1.47816696256117 0.000746585714894038 24 16.5167269632824 1.30210363067526 0.000746585714894038 31.62 31.62 "simulation6" 20.7046218395641 2.37514013169973
"191" 25 24.4371542811726 1.62655088007541 0.000553084343364606 25 19.9953417564709 1.45747850713921 0.000553084343364606 25 16.280743803371 1.2511571784383 0.000553084343364606 31.62 31.62 "simulation6" 20.9799883531154 2.49986289767177
"192" 26 24.0772457556978 1.64106790069757 0.000409734971306263 26 19.7049311706771 1.45023706575846 0.000409734971306263 26 16.0484529041459 1.25150771032911 0.000409734971306263 31.62 31.62 "simulation6" 20.8101851428674 2.3979927858979
"193" 27 23.7229684668731 1.60386183205975 0.000303539135880365 27 19.4190644366417 1.42465280296789 0.000303539135880365 27 15.8197964964761 1.2182879133683 0.000303539135880365 31.62 31.62 "simulation6" 20.6842150693769 2.55082955054931
"194" 28 23.3742343108473 1.61710631342635 0.000224867323548967 28 19.1376704737005 1.41229935856341 0.000224867323548967 28 15.5947177165182 1.21286647031447 0.000224867323548967 31.62 31.62 "simulation6" 20.6087785126307 2.49924842680105
"195" 29 23.0309565109103 1.58007486022097 0.00016658581080717 29 18.8606792498955 1.37241531358633 0.00016658581080717 29 15.3731605877137 1.14177041162641 0.00016658581080717 31.62 31.62 "simulation6" 20.2802064090908 2.97588111863358
"196" 30 22.693049702974 1.55280987769438 0.000123409804034976 30 18.5880218700307 1.34178077218279 0.000123409804034976 30 15.15507000924 1.12866155440389 0.000123409804034976 31.62 31.62 "simulation6" 20.2542169377777 2.77712850899933
"197" 31 22.3604299039029 1.48174946638988 9.14242314633601e-05 31 18.3196305856086 1.30192415437066 9.14242314633601e-05 31 14.9403917423941 1.08879638585772 9.14242314633601e-05 31.62 31.62 "simulation6" 20.0113463827466 2.79669307113243
"198" 32 22.0330143806576 1.46843123901278 6.77287364866098e-05 32 18.055438639555 1.27507121580896 6.77287364866098e-05 32 14.7290723971083 1.01430931002828 6.77287364866098e-05 31.62 31.62 "simulation6" 19.8023245935868 2.94626133104468
