"time" "Srxn1_max" "NRF2_max" "Fraction_X_max" "time2" "Srxn1_mean" "NRF2_mean" "Fraction_X_mean" "time3" "Srxn1_min" "NRF2_min" "Fraction_X_min" "dose1" "dose2" "Simulation" "SRXN1_observed" "SRXN1_SD"
"1" 0 0 0 0.001 0 0 0 0.001 0 0 0 0.001 0.1 0.1 "simulation1" 0 0
"2" 1 0.0224429397075196 0.080343379137727 0.00191250814637267 1 0.0224429397075196 0.0365592048272522 0.00191250814637267 1 0.0224429397075196 0 0.00191250814637267 0.1 0.1 "simulation1" 0.00455682374803401 0.00789265025273135
"3" 2 0.0445343434779266 0.0117166882237594 0.00364855138955103 2 0.0445343434779266 0.00390556274125312 0.00364855138955103 2 0.0445343434779266 0 0.00364855138955103 0.1 0.1 "simulation1" 0 0
"4" 3 0.0662807960947712 0.0794941243399867 0.00691604061977391 3 0.0662807960947709 0.0383247522221812 0.00691604061977391 3 0.0662807960947709 0 0.00691604061977391 0.1 0.1 "simulation1" 0 0
"5" 4 0.087686141241189 0.0632713144571989 0.0128999930583945 4 0.0876861412079469 0.040423274859613 0.0128999930583945 4 0.0876861412079386 0 0.0128999930583945 0.1 0.1 "simulation1" 0 0
"6" 5 0.108756750627766 0.115788476416331 0.023138976814242 5 0.108756749162824 0.0515882661769616 0.023138976814242 5 0.108756749162416 0 0.023138976814242 0.1 0.1 "simulation1" 0.0196044852596801 0.0339559645260011
"7" 6 0.129497690616092 0.0692275580513186 0.038064326963386 6 0.129497678690515 0.0359921104791706 0.038064326963386 6 0.129497678684857 0 0.038064326963386 0.1 0.1 "simulation1" 0.0862589655254466 0.0599562014449025
"8" 7 0.149914422645864 0.0699392120104743 0.0534107943901927 7 0.149914093023879 0.0366911816631011 0.0534107943901927 7 0.149914092042366 0 0.0534107943901927 0.1 0.1 "simulation1" 0.191920631002405 0.0791785863750381
"9" 8 0.170024493336851 0.101094371396279 0.0604806119517437 8 0.170011129746747 0.0631241364814096 0.0604806119517437 8 0.170011067309439 0 0.0604806119517437 0.1 0.1 "simulation1" 0.269022298541306 0.145695779627004
"10" 9 0.189950347875537 0.127291539624838 0.0563166088724317 9 0.189794442507 0.0779870021223359 0.0563166088724317 9 0.189793598068552 0 0.0563166088724317 0.1 0.1 "simulation1" 0.331311583757579 0.177748421467099
"11" 10 0.209744255548001 0.150343042514947 0.0463231622785894 10 0.209268348456938 0.0809820267112898 0.0463231622785894 10 0.209266604834128 0 0.0463231622785894 0.1 0.1 "simulation1" 0.341357758557848 0.207461732973935
"12" 11 0.228954199333038 0.109942953976063 0.0358465105127139 11 0.228436704245111 0.0711893090257495 0.0358465105127139 11 0.228434931003092 0 0.0358465105127139 0.1 0.1 "simulation1" 0.358529512543967 0.218248417582644
"13" 12 0.247814769476088 0.10887675229805 0.0270215061041417 12 0.24730505213302 0.0571878953278885 0.0270215061041417 12 0.247303343702065 0 0.0270215061041417 0.1 0.1 "simulation1" 0.365152268659605 0.243600744918032
"14" 13 0.266380362776576 0.121678647975606 0.0201547336868207 13 0.265878210850191 0.0695352812196506 0.0201547336868207 13 0.265876535429475 0 0.0201547336868207 0.1 0.1 "simulation1" 0.394895674768612 0.214049595548816
"15" 14 0.284654760719146 0.112812567606724 0.0149705338312928 14 0.284160771594538 0.0585149682969478 0.0149705338312928 14 0.284159125337056 0 0.0149705338312928 0.1 0.1 "simulation1" 0.428464161282935 0.277432497932536
"16" 15 0.302644586230574 0.104275558394785 0.011101814245912 15 0.302157276882002 0.0601407193620829 0.011101814245912 15 0.30215566028494 0 0.011101814245912 0.1 0.1 "simulation1" 0.419929412953641 0.264447815805204
"17" 16 0.320351701964726 0.0863576685450057 0.00822768847160972 16 0.319872205806742 0.0521629118740951 0.00822768847160972 16 0.319870615965904 0 0.00822768847160972 0.1 0.1 "simulation1" 0.339171724319983 0.269159702139243
"18" 17 0.337781954248766 0.121671855870745 0.00609615668272501 17 0.337309964440575 0.0550754428523561 0.00609615668272501 17 0.337308398053818 0 0.00609615668272501 0.1 0.1 "simulation1" 0.32360091731048 0.272458813001221
"19" 18 0.354939484885418 0.106486609163655 0.0045164119283351 18 0.35447488562471 0.0462728552534206 0.0045164119283351 18 0.354473343291135 0 0.0045164119283351 0.1 0.1 "simulation1" 0.33326659231964 0.304093089478495
"20" 19 0.371828568447798 0.0669955562158658 0.00334591703295873 19 0.371371238794508 0.0406579008261322 0.00334591703295873 19 0.371369720566334 0 0.00334591703295873 0.1 0.1 "simulation1" 0.363571716815508 0.347581523712247
"21" 20 0.38845340200766 0.0899346754339351 0.00247873830268809 20 0.388003226474879 0.0409447019851253 0.00247873830268809 20 0.388001731975564 0 0.00247873830268809 0.1 0.1 "simulation1" 0.352741388601871 0.365746655943162
"22" 21 0.404818117415851 0.122810058134827 0.00183630080205394 21 0.404374985009829 0.053113978098726 0.00183630080205394 21 0.404373513867698 0 0.00183630080205394 0.1 0.1 "simulation1" 0.398906939533119 0.364789229899895
"23" 22 0.42092678504339 0.120066737045803 0.00136036689869699 22 0.420490585989929 0.0498439425250444 0.00136036689869699 22 0.420489137873035 0 0.00136036689869699 0.1 0.1 "simulation1" 0.397848730420871 0.447522473662148
"24" 23 0.436783411544803 0.109929750048386 0.0010077851027621 23 0.436354037364231 0.0506934878814696 0.0010077851027621 23 0.436352611915898 0 0.0010077851027621 0.1 0.1 "simulation1" 0.338827742619939 0.422790173289598
"25" 24 0.452391940450989 0.0793158969335038 0.000746585714894038 24 0.451969284355759 0.0453231761319034 0.000746585714894038 24 0.451967881211453 0 0.000746585714894038 0.1 0.1 "simulation1" 0.353253696038762 0.471643229057851
"26" 25 0.467756253519925 0.191187391259183 0.000553084343364606 25 0.467340210436992 0.116496812157156 0.000553084343364606 25 0.467338829247041 0 0.000553084343364606 0.1 0.1 "simulation1" 0.442273321501446 0.518007661833521
"27" 26 0.482880171861123 0.0611243723480767 0.000409734971306263 26 0.482470638326347 0.0272397332725799 0.000409734971306263 26 0.482469278747326 0 0.000409734971306263 0.1 0.1 "simulation1" 0.297724588252255 0.337763416700816
"28" 27 0.497767456779067 0.039249778304971 0.000303539135880365 27 0.497364330931783 0.0171113027111596 0.000303539135880365 27 0.497362992625484 0 0.000303539135880365 0.1 0.1 "simulation1" 0.31898569299998 0.373342451101988
"29" 28 0.512421810703131 0.0456415245835869 0.000224867323548967 28 0.512024992285667 0.0216816883543732 0.000224867323548967 28 0.512023674919192 0 0.000224867323548967 0.1 0.1 "simulation1" 0.309619221223064 0.341877822627958
"30" 29 0.526846878141574 0.0736457522665069 0.00016658581080717 29 0.526456268465951 0.0365813117288323 0.00016658581080717 29 0.526454971711664 0 0.00016658581080717 0.1 0.1 "simulation1" 0.330304097510995 0.378185198574363
"31" 30 0.541046246580588 0.0535184088191322 0.000123409804034976 30 0.540661748502939 0.030873858387827 0.000123409804034976 30 0.540660472038329 0 0.000123409804034976 0.1 0.1 "simulation1" 0.349467383381145 0.400609480835146
"32" 31 0.555023447375468 0.050136602699165 9.14242314633601e-05 31 0.554644965271871 0.0300142645744087 9.14242314633601e-05 31 0.554643708779477 0 9.14242314633601e-05 0.1 0.1 "simulation1" 0.370859373534569 0.44688601262919
"33" 32 0.568781956628856 0.0422152411336887 6.77287364866098e-05 32 0.568409396371545 0.0277265657281884 6.77287364866098e-05 32 0.568408159538874 0 6.77287364866098e-05 0.1 0.1 "simulation1" 0.313142840378071 0.352462752106481
"34" 33 0.582325196055229 0.055566496422462 5.01746820549593e-05 33 0.581958464989223 0.0289792903379319 5.01746820549593e-05 33 0.581957247508639 0 5.01746820549593e-05 0.1 0.1 "simulation1" 0.313160020152254 0.370112866380053
"35" 34 0.595656533831878 0.0292183592830348 3.71703186837784e-05 34 0.595295540752125 0.0164102577580553 3.71703186837784e-05 34 0.595294342320586 0 3.71703186837784e-05 0.1 0.1 "simulation1" 0.319353857985201 0.38389706764366
"36" 35 0.608779285436552 0.0470548942550059 2.75364493496473e-05 35 0.608423940564867 0.0209643006896813 2.75364493496473e-05 35 0.608422760884239 0 2.75364493496473e-05 0.1 0.1 "simulation1" 0.301829029993101 0.370409154511126
"37" 36 0.621696714472083 0.0285440087505612 2.03995034111434e-05 36 0.621346929434784 0.0180539400016577 2.03995034111434e-05 36 0.62134576821175 0 2.03995034111434e-05 0.1 0.1 "simulation1" 0.298460261021555 0.365131030085129
"38" 37 0.634412033478146 0.0361059289439862 1.51123238198468e-05 37 0.634067721284079 0.0203872511082666 1.51123238198468e-05 37 0.634066578229892 0 1.51123238198468e-05 0.1 0.1 "simulation1" 0.268341400914497 0.330566614946266
"39" 38 0.646928404729679 0.0331195812671499 1.11954848425886e-05 38 0.646589479748976 0.0123152511096393 1.11954848425886e-05 38 0.646588354579363 0 1.11954848425886e-05 0.1 0.1 "simulation1" 0.252649797736403 0.286093974607034
"40" 39 0.659248941023702 0.0222150931821802 8.2938191607567e-06 39 0.658915318966441 0.00897218252303626 8.2938191607567e-06 39 0.658914211401575 0 8.2938191607567e-06 0.1 0.1 "simulation1" 0.248764470668877 0.262675719167208
"41" 40 0.671376706453627 0.0139359489958707 6.14421235332802e-06 40 0.671048304348703 0.0046453163319569 6.14421235332802e-06 40 0.671047214113134 0 6.14421235332802e-06 0.1 0.1 "simulation1" 0.243414563013742 0.234365985821764
"42" 41 0.683314717171165 0.0268555536181859 4.55174446308318e-06 41 0.682991453345615 0.00895185120606198 4.55174446308318e-06 41 0.682990380168204 0 4.55174446308318e-06 0.1 0.1 "simulation1" 0.236958430620186 0.209966101978803
"43" 42 0.695065942136352 0.0232201341067997 3.37201523413917e-06 42 0.694747736195093 0.00774004470226656 3.37201523413917e-06 42 0.694746679808943 0 3.37201523413917e-06 0.1 0.1 "simulation1" 0.207102529967032 0.182552524655352
"44" 43 0.706633303855971 0.018393937172294 2.49805032586663e-06 43 0.706320076661804 0.00937156363170955 2.49805032586663e-06 43 0.706319036804193 0 2.49805032586663e-06 0.1 0.1 "simulation1" 0.216644362279075 0.182939517732212
"45" 44 0.718019679110372 0.00989663046262435 1.85060119758191e-06 44 0.717711352764303 0.00329887682087478 1.85060119758191e-06 44 0.717710329176621 0 1.85060119758191e-06 0.1 0.1 "simulation1" 0.20533664808955 0.181573695541382
"46" 45 0.729227899668923 0.0258017527505582 1.37095908638408e-06 45 0.72892439749079 0.0129435248355387 1.37095908638408e-06 45 0.728923389918472 0 1.37095908638408e-06 0.1 0.1 "simulation1" 0.164219041521095 0.14110407387167
"47" 46 0.740260752994267 0.0388117101892017 1.01563147100249e-06 46 0.739961999503668 0.0206811235321252 1.01563147100249e-06 46 0.739961007696134 0 1.01563147100249e-06 0.1 0.1 "simulation1" 0.162597796466214 0.13026872539817
"48" 47 0.751120982935556 0.0254845068767062 7.52398299216421e-07 47 0.750826903833079 0.01275443486726 7.52398299216421e-07 47 0.750825927543668 0 7.52398299216421e-07 0.1 0.1 "simulation1" 0.160753710506629 0.105137361807631
"49" 48 0.761811290410843 0.0313852937976402 5.57390369269461e-07 48 0.761521812559589 0.0170537962431863 5.57390369269461e-07 48 0.761520851545499 0 5.57390369269461e-07 0.1 0.1 "simulation1" 0.144902377440842 0.096387877697903
"50" 0 0 0 0.001 0 0 0 0.001 0 0 0 0.001 0.32 0.32 "simulation2" 0 0
"51" 1 0.0224429397075196 0 0.00191250814637267 1 0.0224429397075196 0 0.00191250814637267 1 0.0224429397075196 0 0.00191250814637267 0.32 0.32 "simulation2" 0.0193187402528137 0.0334610396560994
"52" 2 0.0445343434779262 0.0322841940334015 0.00364855138955103 2 0.0445343434779266 0.0148116659715562 0.00364855138955103 2 0.0445343434779266 0.00418692633347639 0.00364855138955103 0.32 0.32 "simulation2" 0.0130260965505663 0.0225618610498785
"53" 3 0.0662807961195984 0.122911298583551 0.00691604061977391 3 0.0662807960950254 0.0990503649128807 0.00691604061977391 3 0.0662807960947709 0.0564755170258682 0.00691604061977391 0.32 0.32 "simulation2" 0.0130796214090902 0.0226545688243099
"54" 4 0.0876861632833414 0.190618782169056 0.0128999930583945 4 0.0876861423084437 0.123648123667745 0.0128999930583945 4 0.087686141208132 0.0311480150874837 0.0128999930583945 0.32 0.32 "simulation2" 0.0275440712917585 0.0477077309246251
"55" 5 0.108758005396272 0.1983779113757 0.023138976814242 5 0.108757031853496 0.152907882861599 0.023138976814242 5 0.108756749248379 0.0767014223883824 0.023138976814242 0.32 0.32 "simulation2" 0.172018318292054 0.244894442510769
"56" 6 0.130059132275769 0.227568840355865 0.038064326963386 6 0.129509961633102 0.153250339673593 0.038064326963386 6 0.129497976665438 0.0743297209509929 0.038064326963386 0.32 0.32 "simulation2" 0.480724942432475 0.412536530838587
"57" 7 0.157436221316304 0.191939183608021 0.0534107943901927 7 0.15037581859412 0.156896274593877 0.0534107943901927 7 0.149925517763318 0.114781968444348 0.0534107943901927 0.32 0.32 "simulation2" 0.784527620292329 0.582377393689538
"58" 8 0.277708834877597 0.254351005139788 0.0604806119517437 8 0.174653625678793 0.161663253978081 0.0604806119517437 8 0.170034901026146 0.0648593916730021 0.0604806119517437 0.32 0.32 "simulation2" 1.01722067242684 0.734418171936741
"59" 9 0.49299558261122 0.246226838114737 0.0563166088724317 9 0.198410617229333 0.151250043328687 0.0563166088724317 9 0.189817079243446 0.0649017966112543 0.0563166088724317 0.32 0.32 "simulation2" 1.18959675994977 0.841293827787877
"60" 10 0.573657647037419 0.221709479367154 0.0463231622785894 10 0.218497467853632 0.150436675942014 0.0463231622785894 10 0.209289785870183 0.073457042904685 0.0463231622785894 0.32 0.32 "simulation2" 1.30230506327205 0.912741349504201
"61" 11 0.592424653052957 0.219915526606421 0.0358465105127139 11 0.237611805956481 0.154233744528455 0.0358465105127139 11 0.228458274908172 0.0966306938151635 0.0358465105127139 0.32 0.32 "simulation2" 1.381702460334 0.944658240619109
"62" 12 0.605974382940881 0.217896693891496 0.0270215061041417 12 0.256346772623001 0.164666646041619 0.0270215061041417 12 0.247326660472508 0.120715845464002 0.0270215061041417 0.32 0.32 "simulation2" 1.3120370213772 0.896613200570732
"63" 13 0.618962126051045 0.225252823192106 0.0201547336868207 13 0.274780207564628 0.180001157300441 0.0201547336868207 13 0.265899931554337 0.132265463274548 0.0201547336868207 0.32 0.32 "simulation2" 1.18850696578703 0.968987211598852
"64" 14 0.631721851141031 0.177415421117351 0.0149705338312928 14 0.292923633661223 0.128977585659984 0.0149705338312928 14 0.284182027872871 0.103103835325031 0.0149705338312928 0.32 0.32 "simulation2" 1.2525136736135 1.06543856750624
"65" 15 0.644280323746878 0.188562216722204 0.011101814245912 15 0.310783057157542 0.13817816553593 0.011101814245912 15 0.302178199338641 0.094634394749207 0.011101814245912 0.32 0.32 "simulation2" 1.30695548530979 1.09715069153018
"66" 16 0.656642353272605 0.203905046875977 0.00822768847160972 16 0.328363022873255 0.137423850867114 0.00822768847160972 16 0.31989279949028 0.076025083453175 0.00822768847160972 0.32 0.32 "simulation2" 1.19868147204304 1.25228514284668
"67" 17 0.668811079650332 0.152175122125541 0.00609615668272501 17 0.34566793147685 0.103000863117214 0.00609615668272501 17 0.3373302316424 0.0506832899894204 0.00609615668272501 0.32 0.32 "simulation2" 1.2172483609563 1.3047397505321
"68" 18 0.680789301133726 0.168368323238966 0.0045164119283351 18 0.362702082664399 0.123607382416852 0.0045164119283351 18 0.354494832468941 0.0613240013156967 0.0045164119283351 0.32 0.32 "simulation2" 1.24114754258668 1.31579133519536
"69" 19 0.69258004169585 0.135016775887741 0.00334591703295873 19 0.379469711095271 0.110833192088929 0.00334591703295873 19 0.37139087076596 0.0713389429475001 0.00334591703295873 0.32 0.32 "simulation2" 1.2951612128598 1.355716129017
"70" 20 0.704186298595464 0.135295062437415 0.00247873830268809 20 0.395974987603269 0.104234791523465 0.00247873830268809 20 0.388022548126022 0.0488976909181922 0.00247873830268809 0.32 0.32 "simulation2" 1.57670378050325 1.31449051289776
"71" 21 0.7156109604189 0.140219890181468 0.00183630080205394 21 0.412222017509322 0.109094683960518 0.00183630080205394 21 0.404394003074792 0.06392859008402 0.00183630080205394 0.32 0.32 "simulation2" 1.38932531263675 1.53111806560777
"72" 22 0.726856868519778 0.127730381516706 0.00136036689869699 22 0.428214841435541 0.0997872885326997 0.00136036689869699 22 0.420509307698905 0.0569172128460784 0.00136036689869699 0.32 0.32 "simulation2" 1.62435208965363 1.39657958651032
"73" 23 0.737926819732317 0.122477116374314 0.0010077851027621 23 0.443957436766974 0.0910317704890359 0.0010077851027621 23 0.436372466513425 0.0717895312297886 0.0010077851027621 0.32 0.32 "simulation2" 1.30955181531124 1.39340664750367
"74" 24 0.748823567121817 0.122986501990515 0.000746585714894038 24 0.459453718656244 0.0913983172912429 0.000746585714894038 24 0.451987425182652 0.0516022075661902 0.000746585714894038 0.32 0.32 "simulation2" 1.4574882917675 1.21101559406592
"75" 25 0.759549820682343 0.181118153288835 0.000553084343364606 25 0.47470754099845 0.137894337413804 0.000553084343364606 25 0.467358067452029 0.102903204628138 0.000553084343364606 0.32 0.32 "simulation2" 1.60773490435145 1.0088855893106
"76" 26 0.770108248011845 0.161689981364638 0.000409734971306263 26 0.489722697389539 0.0785234196333394 0.000409734971306263 26 0.482488215964089 0.0248469154451888 0.000409734971306263 0.32 0.32 "simulation2" 1.3747941311286 0.80859182915686
"77" 27 0.780501474956074 0.189424565477595 0.000303539135880365 27 0.504502922069686 0.0857883213523933 0.000303539135880365 27 0.497381633536883 0.0080775127814946 0.000303539135880365 0.32 0.32 "simulation2" 1.30172229347175 0.762673158082018
"78" 28 0.790732086296109 0.172653467762073 0.000224867323548967 28 0.519051890852008 0.0787367854094657 0.000224867323548967 28 0.512042024160183 0.00852735984307651 0.000224867323548967 0.32 0.32 "simulation2" 1.2327900640569 0.716549601359125
"79" 29 0.800802626378556 0.167450572764781 0.00016658581080717 29 0.533373222036869 0.0743146621959807 0.00016658581080717 29 0.526473033853782 0 0.00016658581080717 0.32 0.32 "simulation2" 1.15736891269629 0.69791036575324
"80" 30 0.810715599725667 0.14960472905518 0.000123409804034976 30 0.54747047731152 0.068206623933598 0.000123409804034976 30 0.540678251574394 0 0.000123409804034976 0.32 0.32 "simulation2" 1.15593720011593 0.69144498299823
"81" 31 0.820473471672227 0.133214227008308 9.14242314633601e-05 31 0.561347162635732 0.0659749853800293 9.14242314633601e-05 31 0.554661210131245 0 9.14242314633601e-05 0.32 0.32 "simulation2" 0.935552460785096 0.788040140800891
"82" 32 0.830078668981786 0.171810057244896 6.77287364866098e-05 32 0.575006729114058 0.0748191001421817 6.77287364866098e-05 32 0.568425387058904 0.0112347437533662 6.77287364866098e-05 0.32 0.32 "simulation2" 0.969913148986079 0.641882736572472
"83" 33 0.839533580448221 0.136847375861318 5.01746820549593e-05 33 0.588452573854136 0.0622071425825162 5.01746820549593e-05 33 0.58197420548139 0.00156703766257449 5.01746820549593e-05 0.32 0.32 "simulation2" 0.865276519735367 0.740958628944501
"84" 34 0.848840557489615 0.132419514510853 3.71703186837784e-05 34 0.601688040811416 0.0592935333339099 3.71703186837784e-05 34 0.59531103496348 0.0171202600333149 3.71703186837784e-05 0.32 0.32 "simulation2" 0.799347839997132 0.668808784471859
"85" 35 0.858001914733047 0.134322335325552 2.75364493496473e-05 35 0.614716421620777 0.0637364497644646 2.75364493496473e-05 35 0.608439192348712 0 2.75364493496473e-05 0.32 0.32 "simulation2" 0.696488959111051 0.530135150660922
"86" 36 0.867019930590237 0.210967043337719 2.03995034111434e-05 36 0.627540956415172 0.0832567565575758 2.03995034111434e-05 36 0.621361942584282 0.00376420257075361 2.03995034111434e-05 0.32 0.32 "simulation2" 0.640277646792966 0.502165431571379
"87" 37 0.875896847824179 0.189742663305538 1.51123238198468e-05 37 0.64016483463145 0.0714724563394323 1.51123238198468e-05 37 0.634082499533026 0.0062282172710677 1.51123238198468e-05 0.32 0.32 "simulation2" 0.592593556973694 0.426815934972394
"88" 38 0.884634874106915 0.156820347171911 1.11954848425886e-05 38 0.652591195803557 0.0620725611218006 1.11954848425886e-05 38 0.646604026772757 0 1.11954848425886e-05 0.32 0.32 "simulation2" 0.555936057183196 0.399207749036334
"89" 39 0.893236182568695 0.100443211039654 8.2938191607567e-06 39 0.664823130343336 0.0408397981370782 8.2938191607567e-06 39 0.658929638383094 0 8.2938191607567e-06 0.32 0.32 "simulation2" 0.520635067487681 0.355242080441369
"90" 40 0.901702912338174 0.0872661435711932 6.14421235332802e-06 40 0.676863680309105 0.0482665084607359 6.14421235332802e-06 40 0.671062399719499 0.0121478480443898 6.14421235332802e-06 0.32 0.32 "simulation2" 0.466495278416142 0.355237959361942
"91" 41 0.910037169074463 0.103750079875125 4.55174446308318e-06 41 0.688715840162209 0.0433052163923237 4.55174446308318e-06 41 0.683005328175986 0 4.55174446308318e-06 0.32 0.32 "simulation2" 0.39757874587573 0.268695091263962
"92" 42 0.918241025490963 0.109274613975941 3.37201523413917e-06 42 0.70038255751174 0.0401117153512748 3.37201523413917e-06 42 0.694761393935642 0 3.37201523413917e-06 0.32 0.32 "simulation2" 0.356313153553681 0.221872717322646
"93" 43 0.926316521870827 0.089526390927019 2.49805032586663e-06 43 0.711866733847601 0.0375212205299432 2.49805032586663e-06 43 0.706333520709184 0 2.49805032586663e-06 0.32 0.32 "simulation2" 0.328299108786311 0.173882320413737
"94" 44 0.934265666574301 0.0933641647182677 1.85060119758191e-06 44 0.723171225262099 0.0387623341117033 1.85060119758191e-06 44 0.717724586462022 0 1.85060119758191e-06 0.32 0.32 "simulation2" 0.283814463915656 0.140737820247031
"95" 45 0.942090436538205 0.0877970912730337 1.37095908638408e-06 45 0.73429884316025 0.0403470303031536 1.37095908638408e-06 45 0.728937424130043 0 1.37095908638408e-06 0.32 0.32 "simulation2" 0.232118249644782 0.0972985052771274
"96" 46 0.949792777767602 0.077502333575598 1.01563147100249e-06 46 0.745252354958972 0.0402037605427888 1.01563147100249e-06 46 0.739974822324155 0 1.01563147100249e-06 0.32 0.32 "simulation2" 0.213732979412264 0.059884767431638
"97" 47 0.957374605819768 0.11295434222596 7.52398299216421e-07 47 0.756034484775334 0.0480245122277952 7.52398299216421e-07 47 0.750839526023811 0 7.52398299216421e-07 0.32 0.32 "simulation2" 0.199949170251787 0.0851600323711526
"98" 48 0.964837806280586 0.0934763242943986 5.57390369269461e-07 48 0.766647914104041 0.0397436095301998 5.57390369269461e-07 48 0.761534237259679 0.0049816280369458 5.57390369269461e-07 0.32 0.32 "simulation2" 0.168669785212906 0.0583887469039642
"99" 0 0 0 0.001 0 0 0 0.001 0 0 0 0.001 1 1 "simulation3" 0 0
"100" 1 0.0224429397075223 0.154363696764214 0.00191250814637267 1 0.0224429397075197 0.090059429290266 0.00191250814637267 1 0.0224429397075196 0.0433567468287264 0.00191250814637267 1 1 "simulation3" 0 0
"101" 2 0.0445342880786461 0.307729844903092 0.00364855138955103 2 0.0445343389740245 0.233508867306404 0.00364855138955103 2 0.0445343434580795 0.15149851962113 0.00364855138955103 1 1 "simulation3" 0 0
"102" 3 0.06628236653064 0.640921084763091 0.00691604061977391 3 0.0662809855347663 0.513042599781191 0.00691604061977391 3 0.0662809491475836 0.311748292233898 0.00691604061977391 1 1 "simulation3" 0.00108608621714238 0.00188115650949089
"103" 4 0.0913479089139052 0.73782448766561 0.0128999930583945 4 0.0882500947545454 0.62170503489073 0.0128999930583945 4 0.0876972385852522 0.42277119043817 0.0128999930583945 1 1 "simulation3" 0.0880620292892533 0.132709470983184
"104" 5 0.474730775834932 0.739945261382577 0.023138976814242 5 0.224281684736508 0.604990551801538 0.023138976814242 5 0.111285122862218 0.40830428137106 0.023138976814242 1 1 "simulation3" 0.617375664817503 0.342176400626741
"105" 6 1.25311364743888 0.661059988159661 0.038064326963386 6 0.810786700886764 0.55974820414653 0.038064326963386 6 0.289938428224604 0.41528201274087 0.038064326963386 1 1 "simulation3" 1.41171534587167 0.579267370748792
"106" 7 1.97570555666788 0.661129752970303 0.0534107943901927 7 1.42254933437549 0.542315858093208 0.0534107943901927 7 0.738213834361344 0.412993436882582 0.0534107943901927 1 1 "simulation3" 2.09933197451796 0.764622846249429
"107" 8 2.70970467749136 0.701809487616265 0.0604806119517437 8 1.98995475155608 0.505196215770467 0.0604806119517437 8 1.14142405367252 0.317840712030964 0.0604806119517437 1 1 "simulation3" 2.60869850398622 1.01083879278883
"108" 9 3.40752737699273 0.62201472874417 0.0563166088724317 9 2.51379030185454 0.482511854315716 0.0563166088724317 9 1.48310892472939 0.338699188182274 0.0563166088724317 1 1 "simulation3" 3.09130920176397 1.19590954295169
"109" 10 4.05950453087782 0.632829448172347 0.0463231622785894 10 3.01483183193493 0.470317301121532 0.0463231622785894 10 1.84513241940094 0.362243428334008 0.0463231622785894 1 1 "simulation3" 3.37285018300556 1.37436975607024
"110" 11 4.69348339332314 0.590003609801028 0.0358465105127139 11 3.453090862901 0.434832023391107 0.0358465105127139 11 2.02343871621385 0.305356418828509 0.0358465105127139 1 1 "simulation3" 3.39921088896305 1.4016998375715
"111" 12 5.1965087097189 0.534243597264898 0.0270215061041417 12 3.65468240649279 0.432026542214326 0.0270215061041417 12 2.04349134719382 0.373059651256798 0.0270215061041417 1 1 "simulation3" 3.57738101311119 1.50291582997119
"112" 13 5.31010198745782 0.515231183473512 0.0201547336868207 13 3.64605098913374 0.392717098774915 0.0201547336868207 13 2.03883447872157 0.294258739983945 0.0201547336868207 1 1 "simulation3" 3.60069853104603 1.46108845278188
"113" 14 5.26002348789724 0.479480215830631 0.0149705338312928 14 3.61198234470649 0.35849452535616 0.0149705338312928 14 2.02939098730809 0.218939093067234 0.0149705338312928 1 1 "simulation3" 3.69105694598331 1.56833449980774
"114" 15 5.20043026195275 0.445432187041041 0.011101814245912 15 3.5779226813629 0.334645971475294 0.011101814245912 15 2.02008101274838 0.256316475370303 0.011101814245912 1 1 "simulation3" 3.84398762862169 1.59633193648397
"115" 16 5.14151223779283 0.433403125704327 0.00822768847160972 16 3.54438463620346 0.327831352564772 0.00822768847160972 16 2.01091662039475 0.230877356075567 0.00822768847160972 1 1 "simulation3" 3.98057480090013 1.63257227103377
"116" 17 5.08350892830784 0.433492419442199 0.00609615668272501 17 3.51137069770876 0.311679678464385 0.00609615668272501 17 2.0018956015064 0.16707178222767 0.00609615668272501 1 1 "simulation3" 4.0216335644102 1.61630679928027
"117" 18 5.02641223557758 0.419218094764943 0.0045164119283351 18 3.47887327677113 0.29994728542338 0.0045164119283351 18 1.9930159615917 0.216597552154181 0.0045164119283351 1 1 "simulation3" 4.16515863809329 1.7633943904166
"118" 19 4.97020926070335 0.422895635675258 0.00334591703295873 19 3.44688433858637 0.305802379955796 0.00334591703295873 19 1.98427521530103 0.218952246030143 0.00334591703295873 1 1 "simulation3" 4.25300734413744 1.7988211175572
"119" 20 4.91488565787531 0.392188789687649 0.00247873830268809 20 3.41539591142024 0.294226574028537 0.00247873830268809 20 1.97567121734615 0.216557333291264 0.00247873830268809 1 1 "simulation3" 4.41521223915316 2.04979937948315
"120" 21 4.86042877269793 0.403999208976452 0.00183630080205394 21 3.38440016169642 0.282667490935747 0.00183630080205394 21 1.96720184020449 0.165944102388242 0.00183630080205394 1 1 "simulation3" 4.45733067567668 1.95106393630264
"121" 22 4.80682360676323 0.371009518014277 0.00136036689869699 22 3.35388938091841 0.273954046406675 0.00136036689869699 22 1.95886497576809 0.19548599626478 0.00136036689869699 1 1 "simulation3" 4.4133090923986 2.15155434467979
"122" 23 4.75405716479212 0.38219861260097 0.0010077851027621 23 3.3238559811112 0.274372862383685 0.0010077851027621 23 1.95065855248591 0.192969380609899 0.0010077851027621 1 1 "simulation3" 4.34300545677683 2.14230432825222
"123" 24 4.7021163165111 0.346606257490466 0.000746585714894038 24 3.29429249302709 0.246229316448512 0.000746585714894038 24 1.94258052968513 0.163352889476423 0.000746585714894038 1 1 "simulation3" 4.13561530613603 1.94946830482019
"124" 25 4.65098814390752 0.362216022805729 0.000553084343364606 25 3.26519156428419 0.284141834444921 0.000553084343364606 25 1.93462889812586 0.23831453461814 0.000553084343364606 1 1 "simulation3" 4.14548112370301 1.68782844986772
"125" 26 4.60065994080227 0.353550546488146 0.000409734971306263 26 3.23654595754611 0.225818477972025 0.000409734971306263 26 1.92680168021645 0.110708259159968 0.000409734971306263 1 1 "simulation3" 3.65368782664638 1.46857555630603
"126" 27 4.55111918898332 0.37581546865883 0.000303539135880365 27 3.20834854868345 0.22970654575726 0.000303539135880365 27 1.91909692935594 0.10016699841433 0.000303539135880365 1 1 "simulation3" 3.49444507402512 1.52349083782672
"127" 28 4.50235356685777 0.414095576849521 0.000224867323548967 28 3.18059232513439 0.245872255903608 0.000224867323548967 28 1.91151272937974 0.123575869203519 0.000224867323548967 1 1 "simulation3" 3.32683731153586 1.60399583186724
"128" 29 4.45435094654269 0.383981530601431 0.00016658581080717 29 3.15327038392272 0.227111647971244 0.00016658581080717 29 1.90404719410287 0.133505481551325 0.00016658581080717 1 1 "simulation3" 3.08187670095314 1.40409170539854
"129" 30 4.40709938992309 0.342929922596417 0.000123409804034976 30 3.12637593010826 0.204595668523856 0.000123409804034976 30 1.89669846686377 0.108335860217825 0.000123409804034976 1 1 "simulation3" 2.78114533135086 1.31215301696678
"130" 31 4.36058714555125 0.328910025025981 9.14242314633601e-05 31 3.0999022751092 0.210518306555029 9.14242314633601e-05 31 1.8894647200496 0.138814983065063 9.14242314633601e-05 1 1 "simulation3" 2.6632475042565 1.34587916853419
"131" 32 4.31480264590142 0.352838419799137 6.77287364866098e-05 32 3.07384283498086 0.202812153254176 6.77287364866098e-05 32 1.88234415464168 0.106057264911141 6.77287364866098e-05 1 1 "simulation3" 2.41045804942985 1.25517480365932
"132" 33 4.26973450447824 0.256731326098064 5.01746820549593e-05 33 3.04819112879122 0.179139977615137 5.01746820549593e-05 33 1.87533499976927 0.135807802446115 5.01746820549593e-05 1 1 "simulation3" 2.29009034151171 1.23870142144469
"133" 34 4.22537151292478 0.278596595412571 3.71703186837784e-05 34 3.02294077701088 0.172349515158993 3.71703186837784e-05 34 1.86843551226918 0.107625287927148 3.71703186837784e-05 1 1 "simulation3" 2.02885465111457 1.1220737065804
"134" 35 4.1817026382514 0.274069162535553 2.75364493496473e-05 35 2.99808549992646 0.174411802408586 2.75364493496473e-05 35 1.8616439762523 0.103070316419077 2.75364493496473e-05 1 1 "simulation3" 1.85156015989219 0.998195650174814
"135" 36 4.13871702009396 0.275481391373135 2.03995034111434e-05 36 2.97361911607894 0.155425580278069 2.03995034111434e-05 36 1.85495870267683 0.0565677337446293 2.03995034111434e-05 1 1 "simulation3" 1.68910270121404 0.951439966379454
"136" 37 4.09640396801286 0.268216988616032 1.51123238198468e-05 37 2.94953554072626 0.15008708710104 1.51123238198468e-05 37 1.84837802892825 0.0662850531348984 1.51123238198468e-05 1 1 "simulation3" 1.53017246940235 0.872401149453942
"137" 38 4.05475295883439 0.259136727441869 1.11954848425886e-05 38 2.92582878433011 0.137006350714894 1.11954848425886e-05 38 1.8419003184058 0.0501032388014562 1.11954848425886e-05 1 1 "simulation3" 1.37603653936569 0.789817190993318
"138" 39 4.01375363403362 0.24457533663813 8.2938191607567e-06 39 2.90249295106626 0.162374005862194 8.2938191607567e-06 39 1.83552396011538 0.114301090605283 8.2938191607567e-06 1 1 "simulation3" 1.2432671825461 0.755860729037055
"139" 40 3.97339579715825 0.224661380124652 6.14421235332802e-06 40 2.87952223735797 0.140670099814568 6.14421235332802e-06 40 1.82924736826914 0.0636560900429137 6.14421235332802e-06 1 1 "simulation3" 1.08523247600944 0.705130339549563
"140" 41 3.93366941129253 0.219792016834858 4.55174446308318e-06 41 2.85691093043374 0.14428204486845 4.55174446308318e-06 41 1.82306898189096 0.0918669486402919 4.55174446308318e-06 1 1 "simulation3" 0.964333445420524 0.663840326382223
"141" 42 3.89456459656124 0.20844093857705 3.37201523413917e-06 42 2.83465340690581 0.131186360199742 3.37201523413917e-06 42 1.8169872644282 0.0821780644787564 3.37201523413917e-06 1 1 "simulation3" 0.857138464324869 0.583327748980416
"142" 43 3.85607162767354 0.193818246804123 2.49805032586663e-06 43 2.81274413137138 0.127124691032531 2.49805032586663e-06 43 1.81100070336954 0.0827627455148239 2.49805032586663e-06 1 1 "simulation3" 0.779843468668422 0.571536171761869
"143" 44 3.81818093150332 0.186639667593431 1.85060119758191e-06 44 2.79117765503616 0.130079533630661 1.85060119758191e-06 44 1.80510780986888 0.0938698189751128 1.85060119758191e-06 1 1 "simulation3" 0.678788273336301 0.500280121726691
"144" 45 3.78088308470808 0.179615779981721 1.37095908638408e-06 45 2.76994861435946 0.11714213828146 1.37095908638408e-06 45 1.79930711837507 0.0795307421873539 1.37095908638408e-06 1 1 "simulation3" 0.594919641813754 0.428666748628332
"145" 46 3.74416881138581 0.19997669407612 1.01563147100249e-06 46 2.74905172972016 0.136104018912911 1.01563147100249e-06 46 1.79359718626744 0.094124815990303 1.01563147100249e-06 1 1 "simulation3" 0.521395256980293 0.407520233868911
"146" 47 3.70802898076817 0.193262341213621 7.52398299216421e-07 47 2.72848180410372 0.127751398633213 7.52398299216421e-07 47 1.78797659349697 0.0677013331701051 7.52398299216421e-07 1 1 "simulation3" 0.424250513685283 0.327596053754348
"147" 48 3.67245460494961 0.194884278658832 5.57390369269461e-07 48 2.70823372180968 0.124716355322315 5.57390369269461e-07 48 1.78244394223319 0.0703918554517584 5.57390369269461e-07 1 1 "simulation3" 0.382482309594365 0.321960807876957
"148" 0 0 0 0.001 0 0 0 0.001 0 0 0 0.001 3.16 3.16 "simulation4" 0 0
"149" 1 0.0224429397442865 0.0388251484098336 0.00191250814637267 1 0.0224429397081617 0.0129417161366112 0.00191250814637267 1 0.0224429397075234 0 0.00191250814637267 3.16 3.16 "simulation4" 0 0
"150" 2 0.0445347341710997 0.769347345710357 0.00364855138955103 2 0.0445347305498555 0.538197515675183 0.00364855138955103 2 0.0445341431346486 0.344363470123755 0.00364855138955103 3.16 3.16 "simulation4" 0 0
"151" 3 0.0672107971810156 1.16294171608309 0.00691604061977391 3 0.0663371702379188 0.898283761857429 0.00691604061977391 3 0.0662851836714463 0.688185399036903 0.00691604061977391 3.16 3.16 "simulation4" 0.00280283946334838 0.00485466035597848
"152" 4 0.437874418019005 1.21280468675558 0.0128999930583945 4 0.133858138455367 0.935811237384383 0.0128999930583945 4 0.0902794260518288 0.70732835858409 0.0128999930583945 3.16 3.16 "simulation4" 0.256185063805458 0.212890791962073
"153" 5 1.83051166818452 1.29501389036575 0.023138976814242 5 0.990066165219381 0.971516343412383 0.023138976814242 5 0.389753296435183 0.707469333379395 0.023138976814242 3.16 3.16 "simulation4" 1.28070173108394 0.486661023645556
"154" 6 3.23915764938485 1.22224408985555 0.038064326963386 6 2.07383760467088 0.951407453283375 0.038064326963386 6 1.17191621193774 0.703442261713325 0.038064326963386 3.16 3.16 "simulation4" 2.62138660231885 0.852624246099183
"155" 7 4.52332468161245 1.16228509591104 0.0534107943901927 7 3.08757905976169 0.907953383896061 0.0534107943901927 7 1.92843971788134 0.663420658901522 0.0534107943901927 3.16 3.16 "simulation4" 3.89793648584056 1.13468871218572
"156" 8 5.68848070175545 1.08015487087593 0.0604806119517437 8 4.0158551661897 0.849177064392946 0.0604806119517437 8 2.62334304042897 0.627995732085779 0.0604806119517437 3.16 3.16 "simulation4" 4.91572480330803 1.48352398428238
"157" 9 6.7881001534586 1.06920432301941 0.0563166088724317 9 4.86268380006922 0.790603687539259 0.0563166088724317 9 3.22545152233307 0.526457194156439 0.0563166088724317 3.16 3.16 "simulation4" 5.65422070853085 1.55895818947379
"158" 10 7.82368441722189 0.96707597528871 0.0463231622785894 10 5.65410820964542 0.755420698866679 0.0463231622785894 10 3.7946372576849 0.569352443079523 0.0463231622785894 3.16 3.16 "simulation4" 6.08393390167037 1.72019518667184
"159" 11 8.73691633488197 0.878733412803995 0.0358465105127139 11 6.37242791075251 0.676740859632519 0.0358465105127139 11 4.31280814445231 0.466533465124004 0.0358465105127139 3.16 3.16 "simulation4" 6.58179832459753 1.89570228830446
"160" 12 9.59525805820818 0.869138309214242 0.0270215061041417 12 7.03615855738295 0.67673117493019 0.0270215061041417 12 4.67318639007334 0.519873543494313 0.0270215061041417 3.16 3.16 "simulation4" 6.62885769768332 1.57679191524904
"161" 13 10.3929561514901 0.832000165527453 0.0201547336868207 13 7.50080994843671 0.64568070450915 0.0201547336868207 13 4.76533852071955 0.49354572085592 0.0201547336868207 3.16 3.16 "simulation4" 6.86506272732433 1.80402853958285
"162" 14 10.8104522833088 0.809810428068464 0.0149705338312928 14 7.51548322507869 0.634095391023451 0.0149705338312928 14 4.72124247608195 0.491913329158504 0.0149705338312928 3.16 3.16 "simulation4" 7.19150582048611 1.97596630821589
"163" 15 10.7289821146002 0.735894320296352 0.011101814245912 15 7.42591036172071 0.590053451212636 0.011101814245912 15 4.67013719600462 0.428792668040583 0.011101814245912 3.16 3.16 "simulation4" 7.44024015596037 1.85029830257631
"164" 16 10.584847135249 0.652760398977182 0.00822768847160972 16 7.33229603226078 0.540808369311274 0.00822768847160972 16 4.61951569350496 0.427569999966373 0.00822768847160972 3.16 3.16 "simulation4" 7.84361081446054 2.08860059977231
"165" 17 10.4416976536148 0.629447684139176 0.00609615668272501 17 7.24001830788633 0.510808701337558 0.00609615668272501 17 4.56968025373127 0.392399460232422 0.00609615668272501 3.16 3.16 "simulation4" 8.30172863801461 2.34537671105021
"166" 18 10.3007667612947 0.617925771596651 0.0045164119283351 18 7.14918173941038 0.499055014687173 0.0045164119283351 18 4.52062420443317 0.417160037502585 0.0045164119283351 3.16 3.16 "simulation4" 8.43684697870263 2.35305990030938
"167" 19 10.1620404483086 0.592088695758966 0.00334591703295873 19 7.0597660310007 0.462718429808304 0.00334591703295873 19 4.47233572178957 0.377698154308708 0.00334591703295873 3.16 3.16 "simulation4" 8.65166143536958 2.60915050762784
"168" 20 10.0254848617212 0.595762809561488 0.00247873830268809 20 6.97174936580628 0.463306542374584 0.00247873830268809 20 4.42480277723429 0.387570405064356 0.00247873830268809 3.16 3.16 "simulation4" 8.84746696055414 2.63053168972808
"169" 21 9.89106580234236 0.526844360309223 0.00183630080205394 21 6.88510983921449 0.42829065027387 0.00183630080205394 21 4.37801354788382 0.336481414447996 0.00183630080205394 3.16 3.16 "simulation4" 8.89770666902731 2.74350443412849
"170" 22 9.75874975290209 0.521104724293968 0.00136036689869699 22 6.79982590251254 0.418205199249524 0.00136036689869699 22 4.33195639693496 0.328129006009941 0.00136036689869699 3.16 3.16 "simulation4" 8.82975131636951 2.61347365582031
"171" 23 9.62850395670405 0.466369961969268 0.0010077851027621 23 6.71587634387996 0.386672584449005 0.0010077851027621 23 4.28661987008175 0.302097379021329 0.0010077851027621 3.16 3.16 "simulation4" 8.58260559923209 2.55766666909756
"172" 24 9.50029602578662 0.478618095484597 0.000746585714894038 24 6.63324028590682 0.368909019027557 0.000746585714894038 24 4.24199269222441 0.270594213178587 0.000746585714894038 3.16 3.16 "simulation4" 8.3077655694167 2.38419317217999
"173" 25 9.3740940752981 0.439498180407975 0.000553084343364606 25 6.5518971652283 0.418152346303645 0.000553084343364606 25 4.19806375430465 0.405035581864795 0.000553084343364606 3.16 3.16 "simulation4" 8.4749672858851 0.923419155779283
"174" 26 9.24986671889604 0.41795491327733 0.000409734971306263 26 6.4718267566994 0.369007004372168 0.000409734971306263 26 4.15482214370885 0.288807130638098 0.000409734971306263 3.16 3.16 "simulation4" 8.03265851681338 0.798359869928098
"175" 27 9.12758306143431 0.390106197052291 0.000303539135880365 27 6.3930091577819 0.347791015756781 0.000303539135880365 27 4.11225710583343 0.286323598629605 0.000303539135880365 3.16 3.16 "simulation4" 7.71353959931974 0.831871061666376
"176" 28 9.00721269131957 0.339699565410592 0.000224867323548967 28 6.31542476406659 0.31510300498802 0.000224867323548967 28 4.07035805356114 0.283058922042529 0.000224867323548967 3.16 3.16 "simulation4" 7.37464363699925 0.736492209162867
"177" 29 8.88872567271265 0.338962991962425 0.00016658581080717 29 6.23905427940874 0.311313270600844 0.00016658581080717 29 4.02911456662612 0.276376900803275 0.00016658581080717 3.16 3.16 "simulation4" 7.11589069345831 0.793101973337856
"178" 30 8.77209253805502 0.327430654998892 0.000123409804034976 30 6.16387871069446 0.306198018894925 0.000123409804034976 30 3.98851638793156 0.26902092672107 0.000123409804034976 3.16 3.16 "simulation4" 6.62855720581452 0.633005865132723
"179" 31 8.65728428120943 0.325213713059109 9.14242314633601e-05 31 6.08987936192465 0.304562762602468 9.14242314633601e-05 31 3.94855342072617 0.279987667461238 9.14242314633601e-05 3.16 3.16 "simulation4" 6.28729150032783 0.774692226240085
"180" 32 8.54427234935652 0.307046875820002 6.77287364866098e-05 32 6.01703782949388 0.272742736808683 6.77287364866098e-05 32 3.90921572625439 0.251534181257876 6.77287364866098e-05 3.16 3.16 "simulation4" 5.85799507555168 0.75583337801453
"181" 33 8.43302863654283 0.285450532785629 5.01746820549593e-05 33 5.94533599784117 0.266693459740019 5.01746820549593e-05 33 3.87049352132955 0.256288780723623 5.01746820549593e-05 3.16 3.16 "simulation4" 5.40874737547458 0.737500404545245
"182" 34 8.32352547674051 0.274890438380103 3.71703186837784e-05 34 5.87475603488637 0.264092970030168 3.71703186837784e-05 34 3.83237717581868 0.255876511198728 3.71703186837784e-05 3.16 3.16 "simulation4" 5.01588835548978 0.663461782521515
"183" 35 8.21573563673416 0.267026405830952 2.75364493496473e-05 35 5.8052803875326 0.24447493252521 2.75364493496473e-05 35 3.794857210261 0.214579669882869 2.75364493496473e-05 3.16 3.16 "simulation4" 4.56027599534572 0.602093773956389
"184" 36 8.10963230940042 0.322059863070087 2.03995034111434e-05 36 5.7368917773216 0.267902432276586 2.03995034111434e-05 36 3.7579242935141 0.221717708089926 2.03995034111434e-05 3.16 3.16 "simulation4" 4.24646335443827 0.572458788675208
"185" 37 8.00518910704827 0.276384552615402 1.51123238198468e-05 37 5.6695731961391 0.255692032642941 1.51123238198468e-05 37 3.72156924043344 0.226554876605801 1.51123238198468e-05 3.16 3.16 "simulation4" 3.88806425076674 0.48252569709314
"186" 38 7.90238005485651 0.239836849156063 1.11954848425886e-05 38 5.60330790198495 0.22321899662955 1.11954848425886e-05 38 3.68578300958807 0.199126344847141 1.11954848425886e-05 3.16 3.16 "simulation4" 3.52684319376564 0.485540964530145
"187" 39 7.80117958441393 0.24458394390678 8.2938191607567e-06 39 5.53807941480944 0.214406723522885 8.2938191607567e-06 39 3.65055670101202 0.197316191381423 8.2938191607567e-06 3.16 3.16 "simulation4" 3.19356722557083 0.450649745435734
"188" 40 7.70156252736045 0.217300977100898 6.14421235332802e-06 40 5.47387151241474 0.180102835785731 6.14421235332802e-06 40 3.6158815539909 0.147423259963897 6.14421235332802e-06 3.16 3.16 "simulation4" 2.89624922082964 0.472819551863548
"189" 41 7.60350410912789 0.213828032956985 4.55174446308318e-06 41 5.41066822642048 0.174930225579004 4.55174446308318e-06 41 3.58174894488311 0.148857485942872 4.55174446308318e-06 3.16 3.16 "simulation4" 2.59986499745591 0.469085179682495
"190" 42 7.50697994277824 0.225835110317532 3.37201523413917e-06 42 5.34845383829184 0.173320174864782 3.37201523413917e-06 42 3.54815038497456 0.133474505400241 3.37201523413917e-06 3.16 3.16 "simulation4" 2.33633487244101 0.450239183161
"191" 43 7.41196602293749 0.210337807200799 2.49805032586663e-06 43 5.28721287543128 0.159214757318178 2.49805032586663e-06 43 3.51507751836915 0.130377956472697 2.49805032586663e-06 3.16 3.16 "simulation4" 2.10608736025423 0.491215615947194
"192" 44 7.3184387198299 0.203411948972628 1.85060119758191e-06 44 5.22693010733129 0.145663606036341 1.85060119758191e-06 44 3.48252211990974 0.114590305582128 1.85060119758191e-06 3.16 3.16 "simulation4" 1.84413430820776 0.434430332260069
"193" 45 7.22637477339832 0.191101427653919 1.37095908638408e-06 45 5.16759054178514 0.14719937417585 1.37095908638408e-06 45 3.45047609313208 0.114131546594343 1.37095908638408e-06 3.16 3.16 "simulation4" 1.64069464680267 0.418101036480213
"194" 46 7.1357512875183 0.216632532337753 1.01563147100249e-06 46 5.10917942115821 0.155142005060635 1.01563147100249e-06 46 3.41893146825154 0.0978394991990402 1.01563147100249e-06 3.16 3.16 "simulation4" 1.44387648659379 0.394769763510938
"195" 47 7.04654572430491 0.19646734579017 7.52398299216421e-07 47 5.05168221871833 0.141109333730756 7.52398299216421e-07 47 3.38788040018129 0.0974422314114203 7.52398299216421e-07 3.16 3.16 "simulation4" 1.25475376061891 0.350086193831814
"196" 48 6.95873589850815 0.196509319940803 5.57390369269461e-07 48 4.99508463502314 0.139114976181721 5.57390369269461e-07 48 3.35731516658111 0.0922923864277688 5.57390369269461e-07 3.16 3.16 "simulation4" 1.08733484087622 0.312270400353625
"197" 0 0 0 0.001 0 0 0 0.001 0 0 0 0.001 10 10 "simulation5" 0 0
"198" 1 0.0224429426532648 0.126368054618328 0.00191250814637267 1 0.0224429398242337 0.0740967456777419 0.00191250814637267 1 0.0224429397075848 0 0.00191250814637267 10 10 "simulation5" 0.0189085187704998 0.0327505152063755
"199" 2 0.0445357843573355 1.12660681843114 0.00364855138955103 2 0.0445347770840312 0.839361040985462 0.00364855138955103 2 0.0445342070154683 0.43412188352725 0.00364855138955103 10 10 "simulation5" 0.0221150829854588 0.0383044473444167
"200" 3 0.0862606567555216 1.5328370221193 0.00691604061977391 3 0.0669495832240112 1.12512924870411 0.00691604061977391 3 0.0662836234151955 0.665883907573333 0.00691604061977391 10 10 "simulation5" 0.0876015079069148 0.0492579708911702
"201" 4 1.17188245399603 1.54733076033025 0.0128999930583945 4 0.416697902781531 1.20880437688012 0.0128999930583945 4 0.094109274548108 0.78275289076204 0.0128999930583945 10 10 "simulation5" 0.596743317664587 0.431680633607373
"202" 5 2.9839526398074 1.6614518929791 0.023138976814242 5 1.7849988661423 1.26490532089309 0.023138976814242 5 0.616119255468031 0.826451671913925 0.023138976814242 10 10 "simulation5" 2.06575032747662 0.82603992504841
"203" 6 4.84998940033671 1.70570978250503 0.038064326963386 6 3.23843102939197 1.34011737062825 0.038064326963386 6 1.58044188565117 0.88722861756003 0.038064326963386 10 10 "simulation5" 3.88105741725364 1.16587578896837
"204" 7 6.69054525964183 1.72923860747677 0.0534107943901927 7 4.70429538152333 1.36575318699145 0.0534107943901927 7 2.58500438805572 0.936347599339452 0.0534107943901927 10 10 "simulation5" 5.83144542681211 1.68114727609507
"205" 8 8.50790982453499 1.74672290526351 0.0604806119517437 8 6.13759268386216 1.36352500644308 0.0604806119517437 8 3.56577549518264 0.896251338674769 0.0604806119517437 10 10 "simulation5" 7.44336590250584 2.07076251435157
"206" 9 10.215385657551 1.5930848526245 0.0563166088724317 9 7.4923662684826 1.25609396820629 0.0563166088724317 9 4.4814564128035 0.853603766035989 0.0563166088724317 10 10 "simulation5" 8.8256756077402 2.51461734948898
"207" 10 11.7826992280014 1.53086778393631 0.0463231622785894 10 8.73990848405805 1.20566380658 0.0463231622785894 10 5.33228594749058 0.795560022241004 0.0463231622785894 10 10 "simulation5" 9.94254717802648 2.85117400379545
"208" 11 13.3041332790811 1.50856098908528 0.0358465105127139 11 9.95364445369197 1.19471595359098 0.0358465105127139 11 6.15066266926991 0.800251047491644 0.0358465105127139 10 10 "simulation5" 10.6804266799951 3.20119031414189
"209" 12 14.7671930262438 1.43689213201275 0.0270215061041417 12 11.125751535327 1.13905973514891 0.0270215061041417 12 6.95407979681044 0.779027385035288 0.0270215061041417 10 10 "simulation5" 11.3329162333401 3.45156746017137
"210" 13 16.1475208523846 1.37955180178913 0.0201547336868207 13 12.229007397836 1.09192405571603 0.0201547336868207 13 7.674067014659 0.768757057303095 0.0201547336868207 10 10 "simulation5" 11.6782257722138 3.31307530424878
"211" 14 17.3972793766509 1.26903280236027 0.0149705338312928 14 13.1407559969787 0.999024755903816 0.0149705338312928 14 7.87619482149115 0.671946627882114 0.0149705338312928 10 10 "simulation5" 12.4372159228661 3.82813642627828
"212" 15 18.3378424951174 1.26382022864748 0.011101814245912 15 13.3893596787421 0.999513577865906 0.011101814245912 15 7.7860527420198 0.653963086869008 0.011101814245912 10 10 "simulation5" 12.8121604506626 3.87320964691332
"213" 16 18.4138644036248 1.20052073211595 0.00822768847160972 16 13.2426497103259 0.954042058883334 0.00822768847160972 16 7.68714349204621 0.644555881891062 0.00822768847160972 10 10 "simulation5" 13.1895264636573 3.951519553397
"214" 17 18.1669102921061 1.20406938521475 0.00609615668272501 17 13.0594272264553 0.949141931296558 0.00609615668272501 17 7.58933478404522 0.658454884480392 0.00609615668272501 10 10 "simulation5" 13.798936453027 4.16646856205453
"215" 18 17.9059135385781 1.09175221174373 0.0045164119283351 18 12.877603228031 0.89751731717272 0.0045164119283351 18 7.49303366187759 0.662786236708585 0.0045164119283351 10 10 "simulation5" 14.172274425262 4.49777302608489
"216" 19 17.6481773880907 1.14451976589751 0.00334591703295873 19 12.698560935683 0.92447436619097 0.00334591703295873 19 7.3982361713537 0.648953085629058 0.00334591703295873 10 10 "simulation5" 14.7175923351256 4.70875778489265
"217" 20 17.3944923838732 1.065723901384 0.00247873830268809 20 12.5223165822312 0.880651766864367 0.00247873830268809 20 7.30492177820391 0.683266561782241 0.00247873830268809 10 10 "simulation5" 15.2710219127611 4.66102497837972
"218" 21 17.1447754956873 1.05157941616168 0.00183630080205394 21 12.3488311537841 0.849786631974647 0.00183630080205394 21 7.21306743834563 0.648502326758451 0.00183630080205394 10 10 "simulation5" 15.6830324874693 4.85070358032231
"219" 22 16.8989657289537 1.03577180844183 0.00136036689869699 22 12.1780601566118 0.819218250596616 0.00136036689869699 22 7.1226530606643 0.629778295484011 0.00136036689869699 10 10 "simulation5" 15.6059616008857 4.75289648060061
"220" 23 16.6570019770798 0.987331280539728 0.0010077851027621 23 12.0099610929029 0.76436610479086 0.0010077851027621 23 7.03365247309112 0.557368681351804 0.0010077851027621 10 10 "simulation5" 15.4216411661289 4.81318015900454
"221" 24 16.4188240643843 0.951191362444972 0.000746585714894038 24 11.8444921580484 0.715640384426507 0.000746585714894038 24 6.94604439286084 0.532538243023897 0.000746585714894038 10 10 "simulation5" 15.3803927115952 4.92989551470283
"222" 25 16.1843727148929 0.9617648317772 0.000553084343364606 25 11.6816122004892 0.810301277843501 0.000553084343364606 25 6.8598070555965 0.707240592988989 0.000553084343364606 10 10 "simulation5" 15.8389871533834 3.62172951038043
"223" 26 15.953589652819 1.00560377053774 0.000409734971306263 26 11.5212807123683 0.837889575707081 0.000409734971306263 26 6.77491899333307 0.721605233685333 0.000409734971306263 10 10 "simulation5" 15.8665648680854 3.63965270379393
"224" 27 15.726417502036 0.914576898291316 0.000303539135880365 27 11.3634578195563 0.804140085863877 0.000303539135880365 27 6.69135911945965 0.72851014026859 0.000303539135880365 10 10 "simulation5" 15.6606226993136 4.05478699202666
"225" 28 15.5027997579014 0.889397629490052 0.000224867323548967 28 11.2081042720446 0.765793593918382 0.000224867323548967 28 6.6091066512842 0.677668343732974 0.000224867323548967 10 10 "simulation5" 15.4971354051443 4.34171278241335
"226" 29 15.282680805113 0.83201812101412 0.00016658581080717 29 11.0551814335853 0.741403660759209 0.00016658581080717 29 6.52814113034629 0.684928864778565 0.00016658581080717 10 10 "simulation5" 14.8554644294631 3.77716323337896
"227" 30 15.066005900809 0.761328682907758 0.000123409804034976 30 10.9046512723731 0.674060653653365 0.000123409804034976 30 6.44844242061703 0.607719744975832 0.000123409804034976 10 10 "simulation5" 14.5532396769181 3.44420640908326
"228" 31 14.8527211582751 0.701071404838823 9.14242314633601e-05 31 10.756476351886 0.632410468993675 9.14242314633601e-05 31 6.36999070133646 0.597944235783789 9.14242314633601e-05 10 10 "simulation5" 14.1786889013385 3.30716318789676
"229" 32 14.6427735337201 0.695491088679252 6.77287364866098e-05 32 10.6106198213406 0.607349577833458 6.77287364866098e-05 32 6.29276646158608 0.535235876379002 6.77287364866098e-05 10 10 "simulation5" 13.3799374485036 3.23464500741472
"230" 33 14.4361108135953 0.665308173538599 5.01746820549593e-05 33 10.4670454065042 0.582934334056937 5.01746820549593e-05 33 6.21675049576556 0.498638083190299 5.01746820549593e-05 10 10 "simulation5" 12.874107085118 3.3141637241981
"231" 34 14.23268160134 0.622545943049428 3.71703186837784e-05 34 10.3257174006992 0.546526448086168 3.71703186837784e-05 34 6.14192389889582 0.462684108752503 3.71703186837784e-05 10 10 "simulation5" 12.0726283351954 3.05921058292268
"232" 35 14.0324353045099 0.59400335892476 2.75364493496473e-05 35 10.1866006559255 0.533604472935615 2.75364493496473e-05 35 6.06826806175477 0.469453853407762 2.75364493496473e-05 10 10 "simulation5" 11.2362156407576 2.65158365180317
"233" 36 13.8353221222408 0.572136405265736 2.03995034111434e-05 36 10.0496605741196 0.498787699670409 2.03995034111434e-05 36 5.99576466627931 0.461944237479357 2.03995034111434e-05 10 10 "simulation5" 10.62784124051 2.76351610672705
"234" 37 13.6412930328678 0.536702144500416 1.51123238198468e-05 37 9.91486309854946 0.471633370712307 1.51123238198468e-05 37 5.92439568101607 0.419461543018287 1.51123238198468e-05 10 10 "simulation5" 9.89409975161347 2.74144796803223
"235" 38 13.4502997817339 0.483939949472071 1.11954848425886e-05 38 9.78217470534526 0.439601507021173 1.11954848425886e-05 38 5.85414335663731 0.385133912156138 1.11954848425886e-05 10 10 "simulation5" 9.06947688140387 2.60368949105093
"236" 39 13.2622948691893 0.473005988674023 8.2938191607567e-06 39 9.65156239516183 0.421609859362779 8.2938191607567e-06 39 5.78499022152664 0.380649369731915 8.2938191607567e-06 10 10 "simulation5" 8.58431244226365 2.5910329136039
"237" 40 13.0772315387781 0.434120293739181 6.14421235332802e-06 40 9.52299368496988 0.390595140343071 6.14421235332802e-06 40 5.71691907743394 0.355446718845963 6.14421235332802e-06 10 10 "simulation5" 7.99014965333103 2.42103820661582
"238" 41 12.89506376561 0.418930713475762 4.55174446308318e-06 41 9.39643659998195 0.366667769307052 4.55174446308318e-06 41 5.64991299519814 0.314171039362603 4.55174446308318e-06 10 10 "simulation5" 7.4138367488228 2.20843827927124
"239" 42 12.7157462449122 0.407243267816896 3.37201523413917e-06 42 9.27185966569888 0.345239055177982 3.37201523413917e-06 42 5.58395531053697 0.270406072465705 3.37201523413917e-06 10 10 "simulation5" 6.72851646260604 2.24231474849445
"240" 43 12.5392343807664 0.364896648326048 2.49805032586663e-06 43 9.14923190007989 0.321093232812099 2.49805032586663e-06 43 5.51902961990136 0.252936593765745 2.49805032586663e-06 10 10 "simulation5" 6.28214608506087 2.15649885090044
"241" 44 12.3654842750176 0.352810707949083 1.85060119758191e-06 44 9.02852280583789 0.303373899906709 1.85060119758191e-06 44 5.45511977639916 0.235883683391415 1.85060119758191e-06 10 10 "simulation5" 5.73625232738046 1.97260053303976
"242" 45 12.1944527163535 0.361163564674364 1.37095908638408e-06 45 8.90970236285589 0.298635095757909 1.37095908638408e-06 45 5.39220988577746 0.20716604153848 1.37095908638408e-06 10 10 "simulation5" 5.26188536713395 1.89993770933797
"243" 46 12.0260971695577 0.341262176743133 1.01563147100249e-06 46 8.79274102072092 0.28486862338035 1.01563147100249e-06 46 5.33028430246886 0.202676267114017 1.01563147100249e-06 10 10 "simulation5" 4.80432533074317 1.8095975851779
"244" 47 11.860375764933 0.331613671330185 7.52398299216421e-07 47 8.67760969137481 0.272800006109561 7.52398299216421e-07 47 5.26932762570105 0.171718362348161 7.52398299216421e-07 10 10 "simulation5" 4.40307277754698 1.75150937326667
"245" 48 11.6972472878887 0.296388937072164 5.57390369269461e-07 48 8.56427974187999 0.262054394741724 5.57390369269461e-07 48 5.20932469566712 0.20891555373223 5.57390369269461e-07 10 10 "simulation5" 4.00502219327409 1.61139482096046
"246" 0 0 0 0.001 0 0 0 0.001 0 0 0 0.001 31.62 31.62 "simulation6" 0 0
"247" 1 0.0224429386398212 0.351545657648717 0.00191250814637267 1 0.022442946335025 0.261837599907355 0.00191250814637267 1 0.0224429400080024 0.129168518329817 0.00191250814637267 31.62 31.62 "simulation6" 0.0153443658813965 0.017949213756775
"248" 2 0.0445455304013281 1.42223229817636 0.00364855138955103 2 0.0445368316266496 1.18220039160769 0.00364855138955103 2 0.0445348569106861 0.89683744125866 0.00364855138955103 31.62 31.62 "simulation6" 0.0279551152869574 0.0242291838023595
"249" 3 0.146967395475866 1.76778570425119 0.00691604061977391 3 0.0793946786215927 1.48108766470572 0.00691604061977391 3 0.0668364733571385 1.10243942341588 0.00691604061977391 31.62 31.62 "simulation6" 0.123833389283216 0.0789943769954892
"250" 4 1.83292855834429 1.84800235726456 0.0128999930583945 4 1.19659236074856 1.62661119520033 0.0128999930583945 4 0.487471588231979 1.28753717888493 0.0128999930583945 31.62 31.62 "simulation6" 0.739815133879149 0.61501607271269
"251" 5 4.09524192643475 2.14821940434194 0.023138976814242 5 3.16409194599384 1.83965622246226 0.023138976814242 5 2.03459181650793 1.45841555684083 0.023138976814242 31.62 31.62 "simulation6" 2.76540316860662 0.89410277163216
"252" 6 6.51265624498455 2.22513387863511 0.038064326963386 6 5.2832104892377 1.98361412062525 0.038064326963386 6 3.73939156832831 1.59571353080876 0.038064326963386 31.62 31.62 "simulation6" 5.17267880891852 1.21318977897466
"253" 7 8.97718748743285 2.38090992215192 0.0534107943901927 7 7.4920047961859 2.1212942614701 0.0534107943901927 7 5.51182078873999 1.67739051459256 0.0534107943901927 31.62 31.62 "simulation6" 7.8429444454469 1.66807898460704
"254" 8 11.4720352175596 2.39570375212657 0.0604806119517437 8 9.7293291246734 2.14619626065818 0.0604806119517437 8 7.28876957364585 1.70000442392317 0.0604806119517437 31.62 31.62 "simulation6" 10.3491982918231 2.00714696708211
"255" 9 13.8876874702867 2.3288976300384 0.0563166088724317 9 11.9161214102459 2.11122391821913 0.0563166088724317 9 9.05214971763051 1.71437009061905 0.0563166088724317 31.62 31.62 "simulation6" 12.7642949880177 2.47806863960544
"256" 10 16.2299614589985 2.29887755485572 0.0463231622785894 10 14.0713270381122 2.1147141047888 0.0463231622785894 10 10.8315416866443 1.74806226181843 0.0463231622785894 31.62 31.62 "simulation6" 14.6788952535303 2.75943084803342
"257" 11 18.530452801623 2.2607650541878 0.0358465105127139 11 16.1759645997113 2.03671793139059 0.0358465105127139 11 12.6091778151396 1.73016509157172 0.0358465105127139 31.62 31.62 "simulation6" 16.6050193343929 3.63035785372522
"258" 12 20.7424396353239 2.162143225131 0.0270215061041417 12 18.2167315989968 2.01965154557728 0.0270215061041417 12 14.4222529380153 1.81433383224334 0.0270215061041417 31.62 31.62 "simulation6" 17.704230512935 3.73742839786863
"259" 13 22.8318460446064 2.08074780890949 0.0201547336868207 13 20.192238064959 1.94265036921562 0.0201547336868207 13 16.2170353005753 1.71513285832355 0.0201547336868207 31.62 31.62 "simulation6" 18.7657404069003 4.04441797084517
"260" 14 24.8481004755826 2.06134063284654 0.0149705338312928 14 22.0720577762454 1.89208017470942 0.0149705338312928 14 17.889164477817 1.65383980098427 0.0149705338312928 31.62 31.62 "simulation6" 19.9114668363719 4.62046015298791
"261" 15 26.799576530867 2.01529630619245 0.011101814245912 15 23.897949029665 1.89568749685734 0.011101814245912 15 19.5137931276948 1.70189263661607 0.011101814245912 31.62 31.62 "simulation6" 20.3709068233562 4.32333225745155
"262" 16 28.6527669091772 2.06374542543004 0.00822768847160972 16 25.5526060250695 1.89329730103998 0.00822768847160972 16 20.8909022433861 1.73924241673875 0.00822768847160972 31.62 31.62 "simulation6" 21.2544163952942 4.63902263343589
"263" 17 29.6642039887669 2.00169055066551 0.00609615668272501 17 26.1870956094718 1.88650643715047 0.00609615668272501 17 21.1596391852215 1.70352053359295 0.00609615668272501 31.62 31.62 "simulation6" 21.780308099295 4.36863271857293
"264" 18 29.4308804506872 1.99269176252831 0.0045164119283351 18 25.9112902242631 1.82767204859877 0.0045164119283351 18 20.8916867971342 1.67877933696824 0.0045164119283351 31.62 31.62 "simulation6" 22.1115291496035 4.87510175374044
"265" 19 29.0062419292054 2.0347774582654 0.00334591703295873 19 25.5332013597646 1.83202385186902 0.00334591703295873 19 20.5890009051267 1.62817649872434 0.00334591703295873 31.62 31.62 "simulation6" 22.4876979506514 4.5037349847167
"266" 20 28.5756168221753 1.96754280959114 0.00247873830268809 20 25.1564224125169 1.84602618473639 0.00247873830268809 20 20.2893920448861 1.75121075206092 0.00247873830268809 31.62 31.62 "simulation6" 23.1803243137737 5.5190059949679
"267" 21 28.1509861384455 1.89688272757105 0.00183630080205394 21 24.7852897203689 1.82784167666662 0.00183630080205394 21 19.9943856701977 1.72528249310291 0.00183630080205394 31.62 31.62 "simulation6" 23.0283522221164 5.25909069637122
"268" 22 27.7329724237363 1.92297425971191 0.00136036689869699 22 24.4199430339779 1.81435966101161 0.00136036689869699 22 19.7039905442472 1.70086479474111 0.00136036689869699 31.62 31.62 "simulation6" 23.356062536662 4.99302864778966
"269" 23 27.3214964566092 1.88127624549496 0.0010077851027621 23 24.0603042768084 1.7875562654213 0.0010077851027621 23 19.4181385574304 1.63510923157476 0.0010077851027621 31.62 31.62 "simulation6" 23.3398681868878 4.97202490892872
"270" 24 26.9164586061551 1.94187869809544 0.000746585714894038 24 23.7062920261825 1.79051879411795 0.000746585714894038 24 19.1367590801377 1.59032887263627 0.000746585714894038 31.62 31.62 "simulation6" 23.3574605932077 4.63545342684319
"271" 25 26.5177581304047 1.90719338467405 0.000553084343364606 25 23.357818822085 1.89659521666421 0.000553084343364606 25 18.8597821378896 1.87838762916221 0.000553084343364606 31.62 31.62 "simulation6" 24.5622751762256 2.6732435317844
"272" 26 26.1252958482236 2.09183363619361 0.000409734971306263 26 23.0147978903224 1.935777364734 0.000409734971306263 26 18.5871388618696 1.78831698142135 0.000409734971306263 31.62 31.62 "simulation6" 24.1537397166337 3.30531543765621
"273" 27 25.738974148973 1.95259406091327 0.000303539135880365 27 22.67714392975 1.8349736177426 0.000303539135880365 27 18.3187614026236 1.70419386511956 0.000303539135880365 31.62 31.62 "simulation6" 24.3035640209592 2.77312525913501
"274" 28 25.358696956216 1.96674688003429 0.000224867323548967 28 22.3447730029894 1.81228238646421 0.000224867323548967 28 18.0545830421322 1.67262122560497 0.000224867323548967 31.62 31.62 "simulation6" 24.3217913272296 3.29941172984819
"275" 29 24.98436962592 1.91128560026497 0.00016658581080717 29 22.0176024528991 1.83194311679373 0.00016658581080717 29 17.7945381079046 1.77217311499346 0.00016658581080717 31.62 31.62 "simulation6" 24.0538035625217 3.01271507025023
"276" 30 24.615899125831 1.84675994038367 0.000123409804034976 30 21.6955509129117 1.80055798957153 0.000123409804034976 30 17.5385619187108 1.7472692340138 0.000123409804034976 31.62 31.62 "simulation6" 23.9328112166523 3.42243423786911
"277" 31 24.2531938414238 1.83677982106751 9.14242314633601e-05 31 21.3785382894298 1.79803507762043 9.14242314633601e-05 31 17.2865908109498 1.76206943953793 9.14242314633601e-05 31.62 31.62 "simulation6" 23.8662371796668 3.66256177562013
"278" 32 23.8961635569612 1.80969234149906 6.77287364866098e-05 32 21.0664857420252 1.7889465620744 6.77287364866098e-05 32 17.0385621201974 1.75076441567629 6.77287364866098e-05 31.62 31.62 "simulation6" 23.7158213240029 3.6656504111554
"279" 33 23.5447194770953 1.79105239170162 5.01746820549593e-05 33 20.7593156638375 1.73197252019518 5.01746820549593e-05 33 16.7944141621725 1.68703669933995 5.01746820549593e-05 31.62 31.62 "simulation6" 23.1805440447611 3.12460530386352
"280" 34 23.1987741988773 1.74782511893636 3.71703186837784e-05 34 20.4569516622658 1.73138898778311 3.71703186837784e-05 34 16.5540862174044 1.71391979432835 3.71703186837784e-05 31.62 31.62 "simulation6" 22.8649356541897 3.43044404431884
"281" 35 22.8582416861675 1.67858415792995 2.75364493496473e-05 35 20.1593185399715 1.63372678610784 2.75364493496473e-05 35 16.3175185167921 1.5643956499287 2.75364493496473e-05 31.62 31.62 "simulation6" 22.5541811303543 3.44214983301988
"282" 36 22.5230372487468 1.6510217987137 2.03995034111434e-05 36 19.8663422761762 1.6152840585522 2.03995034111434e-05 36 16.0846522264819 1.55348868549927 2.03995034111434e-05 31.62 31.62 "simulation6" 21.5827575487097 3.49681193972308
"283" 37 22.1930775219843 1.60922096023034 1.51123238198468e-05 37 19.5779500082477 1.55455489739093 1.51123238198468e-05 37 15.8554294330875 1.45983101799778 1.51123238198468e-05 31.62 31.62 "simulation6" 21.0449812155167 3.55795890773895
"284" 38 21.8682804456153 1.52883334142408 1.11954848425886e-05 38 19.2940700135934 1.48341173402444 1.11954848425886e-05 38 15.6297931293465 1.39494416823488 1.11954848425886e-05 31.62 31.62 "simulation6" 20.435034185804 3.28024291788505
"285" 39 21.5485652432454 1.51649217471135 8.2938191607567e-06 39 19.0146316918149 1.45151889350041 8.2938191607567e-06 39 15.407687199949 1.34871224281252 8.2938191607567e-06 31.62 31.62 "simulation6" 19.839826806026 3.35617115402849
"286" 40 21.2338524023263 1.43409739862832 6.14421235332802e-06 40 18.739565547145 1.38197183173492 6.14421235332802e-06 40 15.1890564075827 1.34831550940796 6.14421235332802e-06 31.62 31.62 "simulation6" 19.4092266713703 2.98542557379188
"287" 41 20.9240636543868 1.40039062901216 4.55174446308318e-06 41 18.4688031711678 1.35543991062823 4.55174446308318e-06 41 14.973846379195 1.27165816479858 4.55174446308318e-06 31.62 31.62 "simulation6" 18.5246005506592 2.97708339296949
"288" 42 20.6191219555681 1.37042821624802 3.37201523413917e-06 42 18.2022772258072 1.28665021715561 3.37201523413917e-06 42 14.7620035924706 1.17646344982563 3.37201523413917e-06 31.62 31.62 "simulation6" 17.61347216818 3.01257889851728
"289" 43 20.3189514674631 1.32046765661289 2.49805032586663e-06 43 17.9399214265793 1.2546047793161 2.49805032586663e-06 43 14.5534753625206 1.12440925287292 2.49805032586663e-06 31.62 31.62 "simulation6" 17.2089139019767 3.48930493758229
"290" 44 20.0234775382555 1.308242891745 1.85060119758191e-06 44 17.6816705261072 1.22788967123573 1.85060119758191e-06 44 14.3482098287779 1.07148910414232 1.85060119758191e-06 31.62 31.62 "simulation6" 16.2792829947016 3.29135352306389
"291" 45 19.7326266841541 1.21165938578279 1.37095908638408e-06 45 17.4274602978946 1.15465716981317 1.37095908638408e-06 45 14.1461559421032 1.05777100266041 1.37095908638408e-06 31.62 31.62 "simulation6" 15.5022190604482 2.78372086813875
"292" 46 19.4463265711135 1.18776718961632 1.01563147100249e-06 46 17.1772275203525 1.13338430189416 1.01563147100249e-06 46 13.9472634520907 1.04877113422385 1.01563147100249e-06 31.62 31.62 "simulation6" 14.7808704267057 2.93640753543892
"293" 47 19.1645059968535 1.14615079470145 7.52398299216421e-07 47 16.9309099610759 1.09062204136709 7.52398299216421e-07 47 13.7514828945663 1.00738802318098 7.52398299216421e-07 31.62 31.62 "simulation6" 14.1263247013155 2.82467139685878
"294" 48 18.8870948731495 1.17617532025401 5.57390369269461e-07 48 16.6884463613672 1.05005335180744 5.57390369269461e-07 48 13.5587655792857 0.934915364998295 5.57390369269461e-07 31.62 31.62 "simulation6" 13.3517714206887 2.70514465264965
