"time" "Srxn1_max" "NRF2_max" "Fraction_X_max" "time2" "Srxn1_mean" "NRF2_mean" "Fraction_X_mean" "time3" "Srxn1_min" "NRF2_min" "Fraction_X_min" "dose1" "dose2" "Simulation" "SRXN1_observed" "SRXN1_SD"
"1" 0 0 0 0.001 0 0 0 0.001 0 0 0 0.001 0.01 0.01 "simulation1" 0 0
"2" 1 0.0224429397075197 0.0312671240046491 0.00318820710112109 1 0.0224429397075196 0.0104223746682164 0.00318820710112109 1 0.0224429397075196 0 0.00318820710112109 0.01 0.01 "simulation1" 0 0
"3" 2 0.0445347208681726 0.105971608803237 0.010099670443294 2 0.044534230935599 0.0376016997516232 0.010099670443294 2 0.0445343434778914 0 0.010099670443294 0.01 0.01 "simulation1" 0 0
"4" 3 0.0666810812001203 0.293427014004684 0.0312928372548655 3 0.0662934833740849 0.211461661456896 0.0312928372548655 3 0.0662808316406547 0.0590057638631851 0.0312928372548655 0.01 0.01 "simulation1" 0 0
"5" 4 0.398725624377955 0.427854278621995 0.0902248939569184 4 0.240408197241678 0.28412730631736 0.0902248939569184 4 0.0878211339689185 0.0986151593226372 0.0902248939569184 0.01 0.01 "simulation1" 0.0456143815102565 0.0790064263315947
"6" 5 0.855632648623372 0.461070338793521 0.21406758993616 5 0.540420002193316 0.288866572743445 0.21406758993616 5 0.153944839954015 0.0855158339232409 0.21406758993616 0.01 0.01 "simulation1" 0.458206370054939 0.384583525654451
"7" 6 1.24173059578433 0.45900780951245 0.357588634235358 6 0.784760717412019 0.276355220854778 0.357588634235358 6 0.224241964537376 0.0479255836342044 0.357588634235358 0.01 0.01 "simulation1" 1.18248249689589 0.78629025174771
"8" 7 1.55499421080288 0.441760239582037 0.424564666650019 7 0.986983404366748 0.28360849617388 0.424564666650019 7 0.285255483265199 0.077964896906681 0.424564666650019 0.01 0.01 "simulation1" 1.93604642201763 1.119548739004
"9" 8 1.84656344677199 0.449495408098629 0.420414433736374 8 1.18180196090441 0.28823754161318 0.420414433736374 8 0.343167359723429 0.0459946742964256 0.420414433736374 0.01 0.01 "simulation1" 2.5202798721767 1.45386765887852
"10" 9 2.13615915452521 0.420711808750109 0.389906227242388 9 1.38324220961333 0.292555230254149 0.389906227242388 9 0.402841908481991 0.0844806404697088 0.389906227242388 0.01 0.01 "simulation1" 2.92503985244007 1.6102550165956
"11" 10 2.43185085896308 0.433429113291715 0.354450534567555 10 1.59515274075225 0.295350870946989 0.354450534567555 10 0.486673666703413 0.101847804846855 0.354450534567555 0.01 0.01 "simulation1" 3.15701839072001 1.77519858419384
"12" 11 2.74656377466378 0.433802763927965 0.320363170634371 11 1.82121640871636 0.306874577530659 0.320363170634371 11 0.580516682019609 0.108214189476091 0.320363170634371 0.01 0.01 "simulation1" 3.40290676862594 1.93747781042471
"13" 12 3.06997772719102 0.426946331393913 0.289079367359083 12 2.06148096770475 0.311887745545506 0.289079367359083 12 0.69058290830301 0.137831913192291 0.289079367359083 0.01 0.01 "simulation1" 3.45558117811243 1.99159069528989
"14" 13 3.38930573364946 0.411021068965683 0.260729536664501 13 2.31824604178894 0.330960192846722 0.260729536664501 13 0.835318078360502 0.176367149720148 0.260729536664501 0.01 0.01 "simulation1" 3.59730351863425 2.03804667064041
"15" 14 3.75718091629183 0.510364983724561 0.235129178609131 14 2.60229693107197 0.356291219083066 0.235129178609131 14 0.976722405434197 0.127649755950109 0.235129178609131 0.01 0.01 "simulation1" 3.75077302601785 2.13366552554365
"16" 15 4.17203702288449 0.490054561661201 0.212034622377939 15 2.89352708692384 0.337185666039918 0.212034622377939 15 1.09229413346044 0.122836104921561 0.212034622377939 0.01 0.01 "simulation1" 4.160722004154 2.39285817235087
"17" 16 4.55952854210242 0.452728721263742 0.191206437613498 16 3.18123356560954 0.342166741073616 0.191206437613498 16 1.21723846805383 0.142260088353025 0.191206437613498 0.01 0.01 "simulation1" 4.3966485800828 2.38485640973957
"18" 17 4.94696066227322 0.480057589690369 0.1724237008875 17 3.47518253442387 0.342426683544991 0.1724237008875 17 1.3669884519901 0.169317720294407 0.1724237008875 0.01 0.01 "simulation1" 4.78717470867461 2.53431162870098
"19" 18 5.36311137205325 0.495656255493423 0.155485915333096 18 3.77618303833331 0.350509993227236 0.155485915333096 18 1.53338651030667 0.173033397886775 0.155485915333096 0.01 0.01 "simulation1" 5.10782302941631 2.77696734116307
"20" 19 5.77093892942446 0.462023705017302 0.140211955117065 19 4.0721938028507 0.3295647798995 0.140211955117065 19 1.69144298161029 0.156647732562568 0.140211955117065 0.01 0.01 "simulation1" 5.61613064911078 3.08620479809544
"21" 20 6.16325747523192 0.463332447404514 0.126438404519146 20 4.35912083573182 0.330959485019414 0.126438404519146 20 1.8398147451364 0.155870020910645 0.126438404519146 0.01 0.01 "simulation1" 5.89528915488162 3.16739527615026
"22" 21 6.54646886560336 0.441758362744632 0.114017879761039 21 4.63799018690098 0.314072682221467 0.114017879761039 21 1.96868463956298 0.140833523236825 0.114017879761039 0.01 0.01 "simulation1" 6.10951124376986 3.32754469057004
"23" 22 6.91978887975276 0.445382992148512 0.102817469789605 22 4.919495937188 0.335236830544627 0.102817469789605 22 2.11609224829434 0.18770380632817 0.102817469789605 0.01 0.01 "simulation1" 6.57560384951971 3.52387217127472
"24" 23 7.29876458321369 0.446881682467766 0.0927173185505679 23 5.21057102254571 0.328994218663707 0.0927173185505679 23 2.26379133349339 0.156770005455601 0.0927173185505679 0.01 0.01 "simulation1" 6.74857866213229 3.62776661182846
"25" 24 7.63942008342954 0.395073638044433 0.0836093435600304 24 5.47516850306234 0.306054192668977 0.0836093435600304 24 2.28935801068232 0.14120319229549 0.0836093435600304 0.01 0.01 "simulation1" 6.95917737454341 3.86167077724864
"26" 25 8.06734901237991 0.585782329087195 0.0753960795997537 25 5.83216428680306 0.482056365411338 0.0753960795997537 25 2.54992074091844 0.416081424038645 0.0753960795997537 0.01 0.01 "simulation1" 7.87444544937861 3.31010066003876
"27" 26 8.49637290684897 0.40535640057049 0.0679896358083677 26 6.22888732280687 0.380664450616971 0.0679896358083677 26 2.94822755428474 0.334361120689473 0.0679896358083677 0.01 0.01 "simulation1" 7.13685163760428 2.97869481104007
"28" 27 8.85965035060405 0.493993728632756 0.0613107551725562 27 6.5527276377647 0.370686278725373 0.0613107551725562 27 3.19464188810298 0.236239026216365 0.0613107551725562 0.01 0.01 "simulation1" 7.37768399034271 3.24448206488203
"29" 28 9.29632567145295 0.521037750736816 0.0552879663955566 28 6.88218252421617 0.392573672835437 0.0552879663955566 28 3.3582480562519 0.282763102206234 0.0552879663955566 0.01 0.01 "simulation1" 7.47659369425022 3.24207704241139
"30" 29 9.74754358972178 0.52943110375011 0.0498568190776774 29 7.21699271303832 0.392959102653444 0.0498568190776774 29 3.57498782764164 0.300048132230346 0.0498568190776774 0.01 0.01 "simulation1" 7.67350429061702 3.33189027213993
"31" 30 10.1778553316991 0.497420398030487 0.0449591940271384 30 7.533166214708 0.388611078553983 0.0449591940271384 30 3.7147826513954 0.2866881678583 0.0449591940271384 0.01 0.01 "simulation1" 7.83697030228978 3.21523136600365
"32" 31 10.5848351136901 0.503701327165664 0.040542681321496 31 7.81358187749206 0.390395427537437 0.040542681321496 31 3.81108765044129 0.322166948972513 0.040542681321496 0.01 0.01 "simulation1" 7.92822234249666 3.19827496762565
"33" 32 10.9659375904415 0.478830072269512 0.0365600194644097 32 7.99337012596037 0.368743187394103 0.0365600194644097 32 3.85136327978345 0.291294706684441 0.0365600194644097 0.01 0.01 "simulation1" 7.70522333428502 3.17337562585705
"34" 33 11.200667446411 0.423852740252189 0.03296858963616 33 8.01105898273943 0.350627634305867 0.03296858963616 33 3.8284928396879 0.282517624978823 0.03296858963616 0.01 0.01 "simulation1" 7.89189055810741 3.29539365412491
"35" 34 11.3160461552303 0.464156184985782 0.0297299596258589 34 7.95382146041541 0.355311483535143 0.0297299596258589 34 3.79402858517244 0.251406334682243 0.0297299596258589 0.01 0.01 "simulation1" 7.66012396557877 3.1785935494086
"36" 35 11.339952367263 0.437827203121777 0.026809472564934 35 7.86766791705193 0.337389583651975 0.026809472564934 35 3.75751518710607 0.245002486214277 0.026809472564934 0.01 0.01 "simulation1" 7.58302531431785 3.03703049661567
"37" 36 11.26453731486 0.464690114112267 0.0241758760608873 36 7.77150278627032 0.343256524009044 0.0241758760608873 36 3.72130611881834 0.247754066590494 0.0241758760608873 0.01 0.01 "simulation1" 7.49043945383917 3.15335640401148
"38" 37 11.1511894567508 0.449592869391017 0.0218009877626558 37 7.67410561356941 0.337334745082167 0.0218009877626558 37 3.68557552192809 0.242670444789373 0.0218009877626558 0.01 0.01 "simulation1" 7.25116825202847 2.95451632130046
"39" 38 11.0109864620626 0.444805891382653 0.0196593937787596 38 7.57699472336308 0.329970760194818 0.0196593937787596 38 3.65036024665107 0.195575101803526 0.0196593937787596 0.01 0.01 "simulation1" 7.08715615463043 2.97893720924847
"40" 39 10.8640457284808 0.40897375103945 0.0177281767209821 39 7.4810066634322 0.310784093626718 0.0177281767209821 39 3.61568917478646 0.217509112963025 0.0177281767209821 0.01 0.01 "simulation1" 7.03464222365314 3.16743335174905
"41" 40 10.7172207999631 0.429010421227808 0.0159866704633555 40 7.38644765030984 0.342053122437726 0.0159866704633555 40 3.58156041419316 0.257228088497258 0.0159866704633555 0.01 0.01 "simulation1" 6.76290263431111 3.18781579086013
"42" 41 10.5723102696933 0.415273301578158 0.0144162389921035 41 7.29334728952822 0.323260345048319 0.0144162389921035 41 3.547965778297 0.23366556221677 0.0144162389921035 0.01 0.01 "simulation1" 6.63631105576896 3.03252682765332
"43" 42 10.4294122209934 0.40140156960669 0.0130000769799957 42 7.20168025011814 0.322008545877837 0.0130000769799957 42 3.51489585965221 0.247091951047971 0.0130000769799957 0.01 0.01 "simulation1" 6.48469333107519 3.11268697790812
"44" 43 10.2886955809801 0.412005521361685 0.0117230299510424 43 7.11144540795808 0.315878987156407 0.0117230299510424 43 3.4823435434794 0.267133089397887 0.0117230299510424 0.01 0.01 "simulation1" 6.30075170516493 3.08652309419833
"45" 44 10.1501686789048 0.40285667787001 0.0105714321110953 44 7.02262063311205 0.292487384744468 0.0105714321110953 44 3.45030039135906 0.205595838820683 0.0105714321110953 0.01 0.01 "simulation1" 6.1435787958235 2.94311904788758
"46" 45 10.0138011800442 0.391592459103245 0.0095329601089656 45 6.9351852227379 0.285398640310727 0.0095329601089656 45 3.41875851591114 0.215808969874524 0.0095329601089656 0.01 0.01 "simulation1" 5.94252876628043 3.00223075771357
"47" 46 9.87956573793371 0.414544014458888 0.00859650116314411 46 6.84911782802569 0.304284844492994 0.00859650116314411 46 3.38771016027335 0.230681569396813 0.00859650116314411 0.01 0.01 "simulation1" 5.76185932777731 3.01298233659949
"48" 47 9.74743009724785 0.39789758394006 0.00775203414293494 47 6.76439704559672 0.302583793675901 0.00775203414293494 47 3.35714759740309 0.230191248582645 0.00775203414293494 0.01 0.01 "simulation1" 5.5409810026373 2.9735185614321
"49" 48 9.61736157241944 0.405504467557325 0.00699052233144233 48 6.68100181150633 0.308922124049185 0.00699052233144233 48 3.32706322153299 0.246707971785229 0.00699052233144233 0.01 0.01 "simulation1" 5.29155836042709 2.89117204489438
"50" 0 0 0 0.001 0 0 0 0.001 0 0 0 0.001 0.02 0.02 "simulation2" 0 0
"51" 1 0.022442939776361 0 0.00318820710112109 1 0.0224429397088366 0 0.00318820710112109 1 0.0224429397075197 0 0.00318820710112109 0.02 0.02 "simulation2" 0 0
"52" 2 0.0445335773624397 0.359947530118471 0.010099670443294 2 0.0445347114319889 0.251038715359749 0.010099670443294 2 0.0445347176268987 0.11054723146862 0.010099670443294 0.02 0.02 "simulation2" 0 0
"53" 3 0.256113311187661 0.653631171469623 0.0312928372548655 3 0.108844906689055 0.474332127463261 0.0312928372548655 3 0.0670025606778835 0.308816727176418 0.0312928372548655 0.02 0.02 "simulation2" 0.0022250680047472 0.00385393083451806
"54" 4 1.03916056901988 0.72771825067468 0.0902248939569184 4 0.683992899801086 0.553965722701473 0.0902248939569184 4 0.384849455447121 0.379858961942605 0.0902248939569184 0.02 0.02 "simulation2" 0.143558923642405 0.167930105999117
"55" 5 1.74055475118081 0.675620197993076 0.21406758993616 5 1.23505024872308 0.536152357907426 0.21406758993616 5 0.765181526479315 0.357485303544495 0.21406758993616 0.02 0.02 "simulation2" 0.763474959248827 0.540024717226746
"56" 6 2.25694570855608 0.60608023773805 0.357588634235358 6 1.66036000000027 0.502115262409824 0.357588634235358 6 1.06697027036376 0.36220498727599 0.357588634235358 0.02 0.02 "simulation2" 1.6265078216721 0.994061412350026
"57" 7 2.67785857399426 0.650969741959007 0.424564666650019 7 2.0180129081913 0.543406939543418 0.424564666650019 7 1.33530692022771 0.394954845118212 0.424564666650019 0.02 0.02 "simulation2" 2.38396236158031 1.29133581028403
"58" 8 3.06051161682139 0.570541746598629 0.420414433736374 8 2.34515181572092 0.476876763645486 0.420414433736374 8 1.57428070394306 0.328311808664148 0.420414433736374 0.02 0.02 "simulation2" 3.41434230959644 1.40557641215283
"59" 9 3.43874326546835 0.61670417989265 0.389906227242388 9 2.66113895545507 0.495746643119567 0.389906227242388 9 1.80739574398746 0.367177879245739 0.389906227242388 0.02 0.02 "simulation2" 3.94461922769024 1.52880914126465
"60" 10 3.83944072067444 0.581210446875112 0.354450534567555 10 2.98963289817122 0.469947770902505 0.354450534567555 10 2.06081759816382 0.351826285241918 0.354450534567555 0.02 0.02 "simulation2" 4.39390875593124 1.68409722849986
"61" 11 4.25495693920068 0.613843355405618 0.320363170634371 11 3.32977029249301 0.488708227007664 0.320363170634371 11 2.32468830457438 0.367671444694129 0.320363170634371 0.02 0.02 "simulation2" 4.7050310016952 1.74947510673886
"62" 12 4.71356784696117 0.639787273956578 0.289079367359083 12 3.69034327168091 0.488769693102189 0.289079367359083 12 2.59311550838959 0.343367737222313 0.289079367359083 0.02 0.02 "simulation2" 4.8698752915879 1.67589056193186
"63" 13 5.18919178750824 0.623270677533827 0.260729536664501 13 4.06830625787961 0.504485689279082 0.260729536664501 13 2.87910795136441 0.38914464521611 0.260729536664501 0.02 0.02 "simulation2" 5.18408996367226 1.85724334862378
"64" 14 5.66877146007535 0.621468986913431 0.235129178609131 14 4.46247157608175 0.500816125924441 0.235129178609131 14 3.19211330324283 0.385446875922589 0.235129178609131 0.02 0.02 "simulation2" 5.5676550081508 2.06587655224878
"65" 15 6.14092644521034 0.584912314505806 0.212034622377939 15 4.85492409497673 0.484994800311947 0.212034622377939 15 3.51283647972981 0.392456950245038 0.212034622377939 0.02 0.02 "simulation2" 5.85960832067516 2.15771517572649
"66" 16 6.61341173411263 0.608342768280767 0.191206437613498 16 5.24039398642508 0.474768648896136 0.191206437613498 16 3.81658012091651 0.344956184840617 0.191206437613498 0.02 0.02 "simulation2" 6.3378677005301 2.45001417708761
"67" 17 7.10836286608407 0.613656489473424 0.1724237008875 17 5.63158575036015 0.487109447187106 0.1724237008875 17 4.11885792835469 0.387009804668257 0.1724237008875 0.02 0.02 "simulation2" 6.88058543505712 2.72137105687648
"68" 18 7.60896223398494 0.610944749747728 0.155485915333096 18 6.0469490002717 0.510466891737553 0.155485915333096 18 4.48073750845483 0.44646496683572 0.155485915333096 0.02 0.02 "simulation2" 7.39102140352252 3.08994737384495
"69" 19 8.08316965567385 0.548480935756972 0.140211955117065 19 6.4604684581808 0.478127332838115 0.140211955117065 19 4.84810014818609 0.397845623284038 0.140211955117065 0.02 0.02 "simulation2" 7.88218384915292 3.25690385375385
"70" 20 8.50837316862862 0.521504584609514 0.126438404519146 20 6.84658483871258 0.457412222009679 0.126438404519146 20 5.19519172438641 0.407476457153991 0.126438404519146 0.02 0.02 "simulation2" 8.55788473953541 3.5684069604295
"71" 21 8.93733306613663 0.547656069353337 0.114017879761039 21 7.2177696543819 0.447199724839155 0.114017879761039 21 5.52594794872446 0.363966710739071 0.114017879761039 0.02 0.02 "simulation2" 8.95589331104788 3.76676053205007
"72" 22 9.37545269113556 0.538437226145722 0.102817469789605 22 7.58899806547122 0.455599403342314 0.102817469789605 22 5.8356863545326 0.370221074689126 0.102817469789605 0.02 0.02 "simulation2" 9.35781656711201 3.94917106018517
"73" 23 9.83772449542015 0.590042037339667 0.0927173185505679 23 7.96835248023124 0.460035588121763 0.0927173185505679 23 6.15134141553973 0.371495656153584 0.0927173185505679 0.02 0.02 "simulation2" 9.75463451845047 4.32451760308724
"74" 24 10.3066885533019 0.557628030304008 0.0836093435600304 24 8.33332613824323 0.442881695051801 0.0836093435600304 24 6.45986546523947 0.367249350025512 0.0836093435600304 0.02 0.02 "simulation2" 10.0207967390304 4.36842982130004
"75" 25 10.8041042665363 0.636876016562799 0.0753960795997537 25 8.7682230438845 0.576648834973476 0.0753960795997537 25 6.82128778591205 0.46456363882031 0.0753960795997537 0.02 0.02 "simulation2" 10.9802134372139 3.48237249140243
"76" 26 11.2786239710189 0.52101205413059 0.0679896358083677 26 9.22666220451163 0.487765512603488 0.0679896358083677 26 7.23230135027483 0.455969220326555 0.0679896358083677 0.02 0.02 "simulation2" 10.4634264440637 3.22027720113928
"77" 27 11.6809217466031 0.526711318816121 0.0613107551725562 27 9.6307934601273 0.499957091864377 0.0613107551725562 27 7.6278838250071 0.453005178413002 0.0613107551725562 0.02 0.02 "simulation2" 10.8316226769009 3.50975137981472
"78" 28 12.1115298784528 0.566752178185504 0.0552879663955566 28 10.0535799404829 0.516604891766604 0.0552879663955566 28 8.03946372946048 0.485597091970866 0.0552879663955566 0.02 0.02 "simulation2" 11.0896370214766 3.32632265052829
"79" 29 12.5815334581088 0.596343728522631 0.0498568190776774 29 10.4762501806535 0.506880281825984 0.0498568190776774 29 8.44944620911261 0.45871527278469 0.0498568190776774 0.02 0.02 "simulation2" 11.2502629132233 3.52907849937972
"80" 30 13.0421553429205 0.559383464176905 0.0449591940271384 30 10.8852183103899 0.503531597064702 0.0449591940271384 30 8.84397175903486 0.472480871263133 0.0449591940271384 0.02 0.02 "simulation2" 11.5735531985685 3.53880967540228
"81" 31 13.4584201601289 0.538630811969018 0.040542681321496 31 11.285030355715 0.504211854993998 0.040542681321496 31 9.23757892690492 0.473316742673228 0.040542681321496 0.02 0.02 "simulation2" 11.7096459778031 3.45972225524419
"82" 32 13.8776492468687 0.570324640008541 0.0365600194644097 32 11.6773842791988 0.50946482270924 0.0365600194644097 32 9.60710561923524 0.468574281792067 0.0365600194644097 0.02 0.02 "simulation2" 11.825172699089 3.59198546662244
"83" 33 14.2629040110379 0.519011499976523 0.03296858963616 33 11.9932013158613 0.464697790836247 0.03296858963616 33 9.82665702436672 0.401361629060684 0.03296858963616 0.02 0.02 "simulation2" 12.3509742632525 3.77353967846266
"84" 34 14.5485463148152 0.520103074340924 0.0297299596258589 34 12.1539115752865 0.459375158508688 0.0297299596258589 34 9.84622632378996 0.414454443207263 0.0297299596258589 0.02 0.02 "simulation2" 12.2178866088383 3.47940311234322
"85" 35 14.7321173525355 0.516154665501142 0.026809472564934 35 12.1878795991443 0.462819553134108 0.026809472564934 35 9.80356939340078 0.416105441189084 0.026809472564934 0.02 0.02 "simulation2" 11.9437149785822 3.46655735959519
"86" 36 14.7280932705043 0.493828634725659 0.0241758760608873 36 12.1280975547073 0.466964687815679 0.0241758760608873 36 9.71394146231428 0.423106232400796 0.0241758760608873 0.02 0.02 "simulation2" 12.0711553601237 3.7208851130881
"87" 37 14.6359236248829 0.535067690337988 0.0218009877626558 37 12.0029133783312 0.450912259363365 0.0218009877626558 37 9.59895273751767 0.402397331203471 0.0218009877626558 0.02 0.02 "simulation2" 12.0798212599302 3.78446255604096
"88" 38 14.4898885704394 0.498427785835641 0.0196593937787596 38 11.8474439672469 0.422938511281166 0.0196593937787596 38 9.47406610475373 0.375990699645796 0.0196593937787596 0.02 0.02 "simulation2" 11.6170725322504 3.78007676030753
"89" 39 14.292664536373 0.41420307628815 0.0177281767209821 39 11.6862013611375 0.390313239869311 0.0177281767209821 39 9.34876251013243 0.351163512859188 0.0177281767209821 0.02 0.02 "simulation2" 11.4161240525989 3.73936691403447
"90" 40 14.0919839032093 0.397201213914433 0.0159866704633555 40 11.5260798633002 0.372405587101491 0.0159866704633555 40 9.22501921069925 0.336137505406281 0.0159866704633555 0.02 0.02 "simulation2" 11.0448291832817 3.46458299946049
"91" 41 13.894118356761 0.409057492482128 0.0144162389921035 41 11.3682760847725 0.386913585495324 0.0144162389921035 41 9.10316170295646 0.364033594549892 0.0144162389921035 0.02 0.02 "simulation2" 11.0371727987782 3.90696871747884
"92" 42 13.6992407732659 0.390950032592905 0.0130000769799957 42 11.2128873542676 0.374332221979854 0.0130000769799957 42 8.98319613704555 0.364659490725451 0.0130000769799957 0.02 0.02 "simulation2" 10.7931621028663 4.01722066510306
"93" 43 13.5073626736103 0.42023245744066 0.0117230299510424 43 11.059902473081 0.392460685265947 0.0117230299510424 43 8.86508987820328 0.341853471082223 0.0117230299510424 0.02 0.02 "simulation2" 10.4898705079363 3.97291624356247
"94" 44 13.3184739814845 0.397276743532793 0.0105714321110953 44 10.9093045724445 0.370152901942426 0.0105714321110953 44 8.74882809505249 0.332537946813988 0.0105714321110953 0.02 0.02 "simulation2" 10.3050714337814 3.86005628468856
"95" 45 13.13253075852 0.392759411819215 0.0095329601089656 45 10.7610581029748 0.352778993304804 0.0095329601089656 45 8.63438428497223 0.322125033916159 0.0095329601089656 0.02 0.02 "simulation2" 10.175409196748 3.94351910651796
"96" 46 12.949501164867 0.379639727685798 0.00859650116314411 46 10.61513008028 0.358938706105962 0.00859650116314411 46 8.52173072390121 0.340510462137955 0.00859650116314411 0.02 0.02 "simulation2" 9.99585254566332 3.89468758046482
"97" 47 12.7693223071848 0.39167589794409 0.00775203414293494 47 10.4714852430132 0.368824084269789 0.00775203414293494 47 8.41083978671476 0.347923795221903 0.00775203414293494 0.02 0.02 "simulation2" 9.91727689465256 4.08948758529308
"98" 48 12.5919741656579 0.414004746018669 0.00699052233144233 48 10.3300878487116 0.36418741656998 0.00699052233144233 48 8.30168382691769 0.333010283448297 0.00699052233144233 0.02 0.02 "simulation2" 9.5187478298265 3.89506339336253
"99" 0 0 0 0.001 0 0 0 0.001 0 0 0 0.001 0.05 0.05 "simulation3" 0 0
"100" 1 0.0224429348704527 0.139310325135902 0.00318820710112109 1 0.0224429359173792 0.123086676025629 0.00318820710112109 1 0.0224429385652197 0.111036141800542 0.00318820710112109 0.05 0.05 "simulation3" 0 0
"101" 2 0.0446981820197494 0.759586328513882 0.010099670443294 2 0.0445993621269071 0.695481749804334 0.010099670443294 2 0.0445476386801601 0.602960664380015 0.010099670443294 0.05 0.05 "simulation3" 0 0
"102" 3 0.871121261589424 1.18137771457539 0.0312928372548655 3 0.706642460125703 1.02526686449678 0.0312928372548655 3 0.518119667628757 0.843442430253208 0.0312928372548655 0.05 0.05 "simulation3" 0.0222935562386057 0.0386135720866592
"103" 4 2.21463107904933 1.24185265830866 0.0902248939569184 4 1.89037726968924 1.10625602327016 0.0902248939569184 4 1.46476985079838 0.866893416697365 0.0902248939569184 0.05 0.05 "simulation3" 0.314248761447724 0.325688522282483
"104" 5 3.463895154945 1.31624442906871 0.21406758993616 5 2.99701272913166 1.15039945551478 0.21406758993616 5 2.36844851038828 0.97596641787588 0.21406758993616 0.05 0.05 "simulation3" 1.15868622801335 0.741875554596036
"105" 6 4.50055375150508 1.28332798971727 0.357588634235358 6 3.91590419096041 1.15249830200751 0.357588634235358 6 3.13668521424081 0.92788977177662 0.357588634235358 0.05 0.05 "simulation3" 2.48803069605266 1.01718320310917
"106" 7 5.33698332740182 1.26939686324921 0.424564666650019 7 4.67246888171996 1.14244451007038 0.424564666650019 7 3.75599605798441 0.943757421618587 0.424564666650019 0.05 0.05 "simulation3" 3.61469646251487 1.3424175965349
"107" 8 6.09242326614999 1.20758572081722 0.420414433736374 8 5.3627248113775 1.10164154213845 0.420414433736374 8 4.3370763342217 0.926493755471864 0.420414433736374 0.05 0.05 "simulation3" 4.5661422768487 1.70713893079624
"108" 9 6.84329731667224 1.19989891419612 0.389906227242388 9 6.05034412217879 1.08816645721803 0.389906227242388 9 4.92205405778672 0.926165679243379 0.389906227242388 0.05 0.05 "simulation3" 5.318017050173 2.05828223364658
"109" 10 7.58042314463697 1.0600624408888 0.354450534567555 10 6.7416250578009 1.02249297452197 0.354450534567555 10 5.56102279240557 0.991365563008918 0.354450534567555 0.05 0.05 "simulation3" 5.7441679277992 2.15589440562123
"110" 11 8.25377627365575 0.972331611952465 0.320363170634371 11 7.41516897544297 0.970742142594516 0.320363170634371 11 6.24712060644626 0.969772601196833 0.320363170634371 0.05 0.05 "simulation3" 6.07610782653289 2.20868846563702
"111" 12 8.93498821796417 1.00288200036915 0.289079367359083 12 8.0981259782745 0.969568016027401 0.289079367359083 12 6.9393846587372 0.950175974607842 0.289079367359083 0.05 0.05 "simulation3" 6.49449841482031 2.3232979850319
"112" 13 9.65956638613076 1.00610040262047 0.260729536664501 13 8.80261044738794 0.965358469279237 0.260729536664501 13 7.6447229716028 0.943645800214968 0.260729536664501 0.05 0.05 "simulation3" 6.87919311028342 2.52635710448885
"113" 14 10.3775327368807 0.952488310039426 0.235129178609131 14 9.50336013281442 0.919392677311935 0.235129178609131 14 8.3371521809636 0.879101714228114 0.235129178609131 0.05 0.05 "simulation3" 7.30281121344156 2.59134177356635
"114" 15 11.107895719992 0.996844451328976 0.212034622377939 15 10.2074963448345 0.940748087293142 0.212034622377939 15 9.02042709197744 0.890969456505252 0.212034622377939 0.05 0.05 "simulation3" 7.86716319323209 2.44139319235624
"115" 16 11.8695788420995 0.985826499428422 0.191206437613498 16 10.9327216999051 0.932040596258941 0.191206437613498 16 9.69103920071534 0.826771924371968 0.191206437613498 0.05 0.05 "simulation3" 8.47339355605377 2.58911628778546
"116" 17 12.6419652799751 0.998326659494944 0.1724237008875 17 11.6544133962128 0.916806590014114 0.1724237008875 17 10.3444143983942 0.839338825357926 0.1724237008875 0.05 0.05 "simulation3" 9.00661179281964 2.58413789135474
"117" 18 13.4193605742363 0.977259890561783 0.155485915333096 18 12.3771126179232 0.91593456863929 0.155485915333096 18 11.0106760366558 0.832914053116781 0.155485915333096 0.05 0.05 "simulation3" 9.75073671712028 2.77567582856124
"118" 19 14.1816433093595 0.960337995110153 0.140211955117065 19 13.0918956597808 0.885648383135745 0.140211955117065 19 11.6755176234982 0.826611516943096 0.140211955117065 0.05 0.05 "simulation3" 10.4435926141533 2.99858442735802
"119" 20 14.9458796868213 0.973646221683656 0.126438404519146 20 13.7821159230427 0.865805208834699 0.126438404519146 20 12.3314841257665 0.808232221786728 0.126438404519146 0.05 0.05 "simulation3" 10.8835476154006 3.11912968390203
"120" 21 15.7430563964809 1.00548588705754 0.114017879761039 21 14.4711779408427 0.872016384575104 0.114017879761039 21 12.9714473939857 0.790677451696803 0.114017879761039 0.05 0.05 "simulation3" 11.5627551525094 3.46544520137455
"121" 22 16.4942145454994 0.896260528803656 0.102817469789605 22 15.1295859458831 0.811722403417316 0.102817469789605 22 13.5828141423236 0.756043439084423 0.102817469789605 0.05 0.05 "simulation3" 12.0359579012195 3.48917971996161
"122" 23 17.2268605224358 0.971029934353634 0.0927173185505679 23 15.7861670035762 0.867834978434416 0.0927173185505679 23 14.1898621735931 0.782561348140388 0.0927173185505679 0.05 0.05 "simulation3" 12.6618735208096 3.72132186792719
"123" 24 18.0051975740932 0.985135182399302 0.0836093435600304 24 16.4795823813096 0.883607728171347 0.0836093435600304 24 14.8204284661324 0.795398149512016 0.0836093435600304 0.05 0.05 "simulation3" 13.2517272242531 3.85242124053654
"124" 25 18.9366963418635 1.26599521653766 0.0753960795997537 25 17.2548554029067 1.01815332024131 0.0753960795997537 25 15.45422004283 0.79553772338628 0.0753960795997537 0.05 0.05 "simulation3" 14.4866255470373 2.4713560084199
"125" 26 19.9807412885132 1.17426494745599 0.0679896358083677 26 18.056402505586 0.932149005885296 0.0679896358083677 26 16.0887646935313 0.800305063271135 0.0679896358083677 0.05 0.05 "simulation3" 14.1535735272475 2.5483348307042
"126" 27 20.9686234140661 1.20032553280919 0.0613107551725562 27 18.7975057898157 0.934012979736464 0.0613107551725562 27 16.7068599705542 0.776030373130582 0.0613107551725562 0.05 0.05 "simulation3" 14.6154007671155 2.55711982640491
"127" 28 21.9526904469856 1.17464945453072 0.0552879663955566 28 19.5486886395284 0.949786396831141 0.0552879663955566 28 17.3306484528952 0.815275459030052 0.0552879663955566 0.05 0.05 "simulation3" 15.1677372834819 3.05529959837449
"128" 29 22.9333073441269 1.20520192336508 0.0498568190776774 29 20.301829063045 0.947298044638252 0.0498568190776774 29 17.9652993149861 0.796287999162665 0.0498568190776774 0.05 0.05 "simulation3" 15.4730133448238 3.30729187612046
"129" 30 23.8940850188189 1.15553636771681 0.0449591940271384 30 21.0244400395589 0.906286755903405 0.0449591940271384 30 18.5505447057585 0.745196927367513 0.0449591940271384 0.05 0.05 "simulation3" 15.8246178882142 3.16577887680579
"130" 31 24.8320055037722 1.1820416451338 0.040542681321496 31 21.7252189566328 0.922897046633613 0.040542681321496 31 19.0983165771987 0.738677211672204 0.040542681321496 0.05 0.05 "simulation3" 15.9155045846173 3.24140983092244
"131" 32 25.7672846747767 1.16058842118568 0.0365600194644097 32 22.4293080669328 0.916879094401268 0.0365600194644097 32 19.6481133035795 0.750882859869237 0.0365600194644097 0.05 0.05 "simulation3" 16.3451555816631 3.55063689626236
"132" 33 26.6672351688651 1.13772567737445 0.03296858963616 33 23.1011359826071 0.880950814353601 0.03296858963616 33 20.1651271983315 0.695760247124389 0.03296858963616 0.05 0.05 "simulation3" 16.3052809810983 3.69434974099709
"133" 34 27.5119894764586 1.08743053887257 0.0297299596258589 34 23.7285933389436 0.85666563510081 0.0297299596258589 34 20.638056403056 0.697536224053748 0.0297299596258589 0.05 0.05 "simulation3" 16.4601698692319 3.56646482809859
"134" 35 28.3459210374481 1.13232211465548 0.026809472564934 35 24.3383589727727 0.862576716185361 0.026809472564934 35 21.0999498416935 0.701601631899089 0.026809472564934 0.05 0.05 "simulation3" 16.25307362512 3.2933045074672
"135" 36 29.1893054160219 1.11571864841844 0.0241758760608873 36 24.9287180252263 0.845885255841388 0.0241758760608873 36 21.524939317405 0.699724073727761 0.0241758760608873 0.05 0.05 "simulation3" 16.3379937810251 3.26702616916713
"136" 37 30.0101021048021 1.11828526968082 0.0218009877626558 37 25.482927636834 0.844350772969179 0.0218009877626558 37 21.8651209639988 0.699684907044916 0.0218009877626558 0.05 0.05 "simulation3" 16.4274499527694 3.28792195467655
"137" 38 30.8135302068615 1.1079056534366 0.0196593937787596 38 25.9548977111984 0.819216315962443 0.0196593937787596 38 22.0083195305421 0.670099164636043 0.0196593937787596 0.05 0.05 "simulation3" 16.2035767454341 3.18915427159332
"138" 39 31.5772686017357 1.09468155043283 0.0177281767209821 39 26.2697769479693 0.819181119660819 0.0177281767209821 39 21.927094607617 0.676338881236295 0.0177281767209821 0.05 0.05 "simulation3" 16.3512786810253 3.06063340393368
"139" 40 32.2831618549021 1.0951228108712 0.0159866704633555 40 26.340702512864 0.796820471701449 0.0159866704633555 40 21.7031802052286 0.641900648734356 0.0159866704633555 0.05 0.05 "simulation3" 16.4890865080032 3.16532802585254
"140" 41 32.8985428367863 1.10604720734269 0.0144162389921035 41 26.1672827274809 0.797119421647267 0.0144162389921035 41 21.4078490221399 0.612054189815712 0.0144162389921035 0.05 0.05 "simulation3" 16.5684640626164 3.55211869954839
"141" 42 33.3574013146792 1.11975953086764 0.0130000769799957 42 25.8835865173813 0.810851550772892 0.0130000769799957 42 21.1017491488427 0.622298212789241 0.0130000769799957 0.05 0.05 "simulation3" 16.7474377654211 3.72059954956384
"142" 43 33.5155156644456 1.10078340724578 0.0117230299510424 43 25.5434104399428 0.798475371274124 0.0117230299510424 43 20.7968585581929 0.629760222418182 0.0117230299510424 0.05 0.05 "simulation3" 16.5989396610707 3.56710231735405
"143" 44 33.3292337061195 1.08648338418129 0.0105714321110953 44 25.1792031721558 0.784709389870942 0.0105714321110953 44 20.4949693839008 0.622626532839278 0.0105714321110953 0.05 0.05 "simulation3" 16.4783483309809 3.81682997048233
"144" 45 32.9641266102161 1.10040663211534 0.0095329601089656 45 24.8120165269591 0.788158774210806 0.0095329601089656 45 20.1970738367611 0.613762758360229 0.0095329601089656 0.05 0.05 "simulation3" 16.2279065813579 3.54380906956134
"145" 46 32.5445725289055 1.16081826896004 0.00859650116314411 46 24.4480633990099 0.806255399963893 0.00859650116314411 46 19.9036149716207 0.603877277357795 0.00859650116314411 0.05 0.05 "simulation3" 16.4465891145244 3.89517393456635
"146" 47 32.1036272709275 1.19687846080391 0.00775203414293494 47 24.0888836705159 0.831974610423241 0.00775203414293494 47 19.6146743213139 0.605073762421643 0.00775203414293494 0.05 0.05 "simulation3" 16.1586404792703 4.03398272856758
"147" 48 31.6407768434741 1.14752841624729 0.00699052233144233 48 23.7348404819809 0.818935197011123 0.00699052233144233 48 19.3302341031106 0.616846488904407 0.00699052233144233 0.05 0.05 "simulation3" 16.0899143506703 3.96355093957843
"148" 0 0 0 0.001 0 0 0 0.001 0 0 0 0.001 0.1 0.1 "simulation4" 0 0
"149" 1 0.0224429338156144 0.122546145407116 0.00318820710112109 1 0.0224429365075769 0.0804293769511259 0.00318820710112109 1 0.0224429397600148 0 0.00318820710112109 0.1 0.1 "simulation4" 0.00289789881776974 0.00501930798757098
"150" 2 0.0451074374985499 0.854172714599796 0.010099670443294 2 0.0445805427092038 0.672119729440506 0.010099670443294 2 0.0445335442112416 0.34393043859187 0.010099670443294 0.1 0.1 "simulation4" 0.00634360133788744 0.010987439820183
"151" 3 1.0244690874962 1.29186319274782 0.0312928372548655 3 0.616424955247814 0.932818619764076 0.0312928372548655 3 0.145311090615606 0.520778103171933 0.0312928372548655 0.1 0.1 "simulation4" 0.0498413950755344 0.0863278285909388
"152" 4 2.54465731149579 1.45668397585572 0.0902248939569184 4 1.7309059434351 1.07512282209149 0.0902248939569184 4 0.804298686302968 0.64511970261004 0.0902248939569184 0.1 0.1 "simulation4" 0.541855215143291 0.600663298949053
"153" 5 3.99360210028283 1.50995600711638 0.21406758993616 5 2.80530997593714 1.11246565273844 0.21406758993616 5 1.44792762546673 0.64642479607245 0.21406758993616 0.1 0.1 "simulation4" 1.69331089587633 1.04936998200231
"154" 6 5.1976322256648 1.51701759196999 0.357588634235358 6 3.71518290520342 1.16086875574279 0.357588634235358 6 1.99436147823748 0.69890288877935 0.357588634235358 0.1 0.1 "simulation4" 3.13619702975701 1.35094732956141
"155" 7 6.17505069900922 1.46927938312434 0.424564666650019 7 4.48558747136657 1.16123874323098 0.424564666650019 7 2.47630912515147 0.713545933185397 0.424564666650019 0.1 0.1 "simulation4" 4.48081490690126 1.7284824966401
"156" 8 7.05403972301112 1.41428941962215 0.420414433736374 8 5.1903892074407 1.11541187593348 0.420414433736374 8 2.9123725293753 0.658122819368199 0.420414433736374 0.1 0.1 "simulation4" 5.71672318416533 2.05287996495262
"157" 9 7.91414529929719 1.35695618528674 0.389906227242388 9 5.88150287696822 1.08135898232398 0.389906227242388 9 3.33311606099422 0.648380273713954 0.389906227242388 0.1 0.1 "simulation4" 6.62964385580256 2.51231081843395
"158" 10 8.77171725837963 1.2953694356083 0.354450534567555 10 6.58759176003826 1.06320329669985 0.354450534567555 10 3.77447274546113 0.658284702182183 0.354450534567555 0.1 0.1 "simulation4" 7.28768856338937 2.62732903008328
"159" 11 9.62326703849108 1.23866660789253 0.320363170634371 11 7.29388653037921 1.00230288538225 0.320363170634371 11 4.23722214293773 0.654806886540094 0.320363170634371 0.1 0.1 "simulation4" 7.84862740935861 2.84544557630912
"160" 12 10.4733211673663 1.20879074886527 0.289079367359083 12 8.00641930849426 1.00962225798352 0.289079367359083 12 4.73056844059156 0.685090759381968 0.289079367359083 0.1 0.1 "simulation4" 8.24616896462484 2.62069064972767
"161" 13 11.3508811954414 1.22438187728024 0.260729536664501 13 8.73957120649772 0.990274949661275 0.260729536664501 13 5.2303488457024 0.63747868331204 0.260729536664501 0.1 0.1 "simulation4" 8.91650487956935 2.92705298668708
"162" 14 12.2224456483047 1.13820761526526 0.235129178609131 14 9.47596515400508 0.97202761218671 0.235129178609131 14 5.73154427693508 0.662341037974759 0.235129178609131 0.1 0.1 "simulation4" 9.43934689753975 3.03015279240597
"163" 15 13.0395557510075 1.07367564627806 0.212034622377939 15 10.2009781249251 0.931356025244306 0.212034622377939 15 6.25711435074032 0.659819772199828 0.212034622377939 0.1 0.1 "simulation4" 10.030446882199 3.21136881582286
"164" 16 13.8465950127256 1.08227313585407 0.191206437613498 16 10.9122148907059 0.916792643316794 0.191206437613498 16 6.76885204487683 0.619245387645068 0.191206437613498 0.1 0.1 "simulation4" 10.8185436304793 3.16257607728201
"165" 17 14.6850948827501 1.10386003974363 0.1724237008875 17 11.6249996167046 0.910423687784278 0.1724237008875 17 7.26282963292006 0.613519239595972 0.1724237008875 0.1 0.1 "simulation4" 12.0419626574148 3.8801115603064
"166" 18 15.5254269933653 1.06815951118869 0.155485915333096 18 12.3327900717474 0.893489613185543 0.155485915333096 18 7.77071891311428 0.636068911548005 0.155485915333096 0.1 0.1 "simulation4" 12.5241380439997 3.52790387042677
"167" 19 16.3494993119449 1.06115354620886 0.140211955117065 19 13.0518062368298 0.919112474430427 0.140211955117065 19 8.31673968393379 0.673820359159133 0.140211955117065 0.1 0.1 "simulation4" 13.5097028120684 3.94866399119594
"168" 20 17.1711069134442 1.05462786633603 0.126438404519146 20 13.7823268099343 0.906493937506734 0.126438404519146 20 8.85585602012006 0.623063818935071 0.126438404519146 0.1 0.1 "simulation4" 14.718779162631 4.36077353927047
"169" 21 18.0172420303902 1.09638809617226 0.114017879761039 21 14.5087149099178 0.90938287290287 0.114017879761039 21 9.37936342491051 0.650082209199146 0.114017879761039 0.1 0.1 "simulation4" 15.4790729377126 4.45889949863269
"170" 22 18.8669596698898 1.05652120963222 0.102817469789605 22 15.2407492231785 0.911914714124152 0.102817469789605 22 9.95628193589057 0.710171431038691 0.102817469789605 0.1 0.1 "simulation4" 16.2956018491307 4.59418937403382
"171" 23 19.680816936655 1.03329678709176 0.0927173185505679 23 15.9609914527567 0.887544329043254 0.0927173185505679 23 10.535212662012 0.660506634792984 0.0927173185505679 0.1 0.1 "simulation4" 17.0422471479234 4.75645265824835
"172" 24 20.4556694208293 0.996324293180483 0.0836093435600304 24 16.6445357158318 0.865960884806321 0.0836093435600304 24 11.0895913852185 0.676076771594967 0.0836093435600304 0.1 0.1 "simulation4" 17.6654471595142 5.15097828308236
"173" 25 21.2809595086353 1.11452095855612 0.0753960795997537 25 17.4352314080187 1.07109303870473 0.0753960795997537 25 11.8323293039829 1.01971531195958 0.0753960795997537 0.1 0.1 "simulation4" 18.5096388808892 3.75139138097148
"174" 26 22.1669009970554 1.11859230369244 0.0679896358083677 26 18.3181938687562 1.03125188261616 0.0679896358083677 26 12.7146982361887 0.906921245908005 0.0679896358083677 0.1 0.1 "simulation4" 18.7601437656273 3.92546245075258
"175" 27 23.0492694597379 1.11924844030508 0.0613107551725562 27 19.1718589379264 1.04897459319279 0.0613107551725562 27 13.520588803177 0.921343805138117 0.0613107551725562 0.1 0.1 "simulation4" 19.6081913672941 3.63217903181121
"176" 28 23.9760467581103 1.21321019863357 0.0552879663955566 28 20.0592410089922 1.09518642114332 0.0552879663955566 28 14.3042595005919 0.873071196630201 0.0552879663955566 0.1 0.1 "simulation4" 20.8574806676129 3.94738184997589
"177" 29 24.9564028570647 1.2214094329131 0.0498568190776774 29 20.9699764929283 1.09941651945559 0.0498568190776774 29 15.0716132301919 0.90136173551987 0.0498568190776774 0.1 0.1 "simulation4" 21.4993152541314 3.72733082729858
"178" 30 25.9219206071067 1.20223881847304 0.0449591940271384 30 21.85824398905 1.07486340091211 0.0449591940271384 30 15.8171751497102 0.849479988215977 0.0449591940271384 0.1 0.1 "simulation4" 22.5238390266673 3.66034840261816
"179" 31 26.8515396923108 1.17701579958448 0.040542681321496 31 22.7227689585337 1.07197731492776 0.040542681321496 31 16.5630406214483 0.916211232166659 0.040542681321496 0.1 0.1 "simulation4" 23.079664969707 3.61451415866775
"180" 32 27.7582297951907 1.17789144352604 0.0365600194644097 32 23.5798351700314 1.07494674243183 0.0365600194644097 32 17.3519789099031 0.927858103754672 0.0365600194644097 0.1 0.1 "simulation4" 23.5019683544975 3.60834974120491
"181" 33 28.6625226681674 1.18233509345431 0.03296858963616 33 24.4284266690249 1.0704202142738 0.03296858963616 33 18.1240467899587 0.906153743508259 0.03296858963616 0.1 0.1 "simulation4" 24.0012689325539 3.48289880588835
"182" 34 29.5294460361511 1.13686584156399 0.0297299596258589 34 25.2478968185053 1.04216453466815 0.0297299596258589 34 18.8655155095098 0.888360731393948 0.0297299596258589 0.1 0.1 "simulation4" 24.5614540138256 3.94309476206917
"183" 35 30.3975829866658 1.19688454260862 0.026809472564934 35 26.0483126559961 1.05432092349094 0.026809472564934 35 19.5466408553454 0.824964964860239 0.026809472564934 0.1 0.1 "simulation4" 24.8782345838302 3.71403371067532
"184" 36 31.2678921387923 1.15504292512841 0.0241758760608873 36 26.8422263249193 1.04650370460433 0.0241758760608873 36 20.1775694416225 0.834805562218616 0.0241758760608873 0.1 0.1 "simulation4" 25.3788973744155 3.57251568854369
"185" 37 32.1114265811444 1.17032282034177 0.0218009877626558 37 27.6242316895758 1.05242064036141 0.0218009877626558 37 20.8108537622136 0.859879619228301 0.0218009877626558 0.1 0.1 "simulation4" 25.5187443657764 4.20418828492028
"186" 38 32.9023756374173 1.0920196408501 0.0196593937787596 38 28.3611027550933 1.00803830770872 0.0196593937787596 38 21.4057651659484 0.853043296258491 0.0196593937787596 0.1 0.1 "simulation4" 25.1313276831249 3.7559226593113
"187" 39 33.6238924289185 1.10238460979249 0.0177281767209821 39 29.0306486358295 1.00608450475035 0.0177281767209821 39 21.8930809249786 0.857475479264228 0.0177281767209821 0.1 0.1 "simulation4" 25.8067750288015 3.88679684436723
"188" 40 34.3234727270958 1.11705978895507 0.0159866704633555 40 29.6254920286591 1.01397696988622 0.0159866704633555 40 22.1314022594687 0.820807706512571 0.0159866704633555 0.1 0.1 "simulation4" 26.0674152230436 4.62009192962925
"189" 41 34.9541290775242 1.12617534812001 0.0144162389921035 41 30.0473794578378 1.00207478432484 0.0144162389921035 41 22.0870624400081 0.825305533526822 0.0144162389921035 0.1 0.1 "simulation4" 26.6224865496042 4.87094429908065
"190" 42 35.4117566881259 1.12241589048759 0.0130000769799957 42 30.2169068124442 1.01628714078023 0.0130000769799957 42 21.9018489825356 0.829237667443216 0.0130000769799957 0.1 0.1 "simulation4" 26.7018562237626 5.46941602478736
"191" 43 35.5196894434985 1.08635298104753 0.0117230299510424 43 30.0982695157217 0.986211181530822 0.0117230299510424 43 21.6303701458536 0.796429964761147 0.0117230299510424 0.1 0.1 "simulation4" 26.9577838864884 5.12307866035043
"192" 44 35.2606077232533 1.06418098616725 0.0105714321110953 44 29.7569710538024 0.950908716235862 0.0105714321110953 44 21.324892316714 0.746654202425123 0.0105714321110953 0.1 0.1 "simulation4" 26.9667501977544 5.69648561617857
"193" 45 34.8385116303941 1.06969557029759 0.0095329601089656 45 29.3447619188037 0.938207852145126 0.0095329601089656 45 21.0158385600047 0.726617125003939 0.0095329601089656 0.1 0.1 "simulation4" 27.5580652516154 5.467993983497
"194" 46 34.3619669051164 1.08237417463046 0.00859650116314411 46 28.9195543801181 0.95092580232846 0.00859650116314411 46 20.7102157664168 0.744149774611405 0.00859650116314411 0.1 0.1 "simulation4" 27.5729300349828 5.92310434680092
"195" 47 33.8628976062643 1.05449924684281 0.00775203414293494 47 28.4935725549342 0.925180820103643 0.00775203414293494 47 20.4089558658081 0.730957576991178 0.00775203414293494 0.1 0.1 "simulation4" 28.2267996520858 6.07363049476748
"196" 48 33.3616627755419 1.1079593455487 0.00699052233144233 48 28.0714443065777 0.930125193575935 0.00699052233144233 48 20.1121381708098 0.662965932568367 0.00699052233144233 0.1 0.1 "simulation4" 28.1007880242297 6.12588601979843
"197" 0 0 0 0.001 0 0 0 0.001 0 0 0 0.001 0.22 0.22 "simulation5" 0 0
"198" 1 0.022442932279709 0.295540441626416 0.00318820710112109 1 0.022442932947646 0.158699882182743 0.00318820710112109 1 0.0224429462160916 0 0.00318820710112109 0.22 0.22 "simulation5" 0 0
"199" 2 0.0713466418998207 1.22641165165992 0.010099670443294 2 0.0468358727729451 0.966031349273209 0.010099670443294 2 0.0445389695420276 0.528614876229455 0.010099670443294 0.22 0.22 "simulation5" 0.00580070070334182 0.0100471083376886
"200" 3 1.53760307384399 1.44366156261538 0.0312928372548655 3 1.03907846294112 1.1507365742094 0.0312928372548655 3 0.322385020839078 0.678677298616723 0.0312928372548655 0.22 0.22 "simulation5" 0.0855001634780375 0.122241007618343
"201" 4 3.10969865459915 1.44504065323821 0.0902248939569184 4 2.3488578509351 1.233185215772 0.0902248939569184 4 1.17133489286724 0.8393074266616 0.0902248939569184 0.22 0.22 "simulation5" 0.467331062712034 0.297260549487002
"202" 5 4.55370264447322 1.55621753141879 0.21406758993616 5 3.57073149204868 1.27809856564932 0.21406758993616 5 1.98976761422966 0.807313820835535 0.21406758993616 0.22 0.22 "simulation5" 2.04237727645882 0.950523336778062
"203" 6 5.79624041364689 1.59222830528533 0.357588634235358 6 4.6043324024789 1.32953654270894 0.357588634235358 6 2.65333682006244 0.84092962507435 0.357588634235358 0.22 0.22 "simulation5" 3.55263836543111 1.28871861693056
"204" 7 6.86029934705317 1.67411835162813 0.424564666650019 7 5.4973526320254 1.38896685931578 0.424564666650019 7 3.21729988056173 0.842257729972002 0.424564666650019 0.22 0.22 "simulation5" 5.07878800408942 1.5910860340438
"205" 8 7.88533956911506 1.67030988147422 0.420414433736374 8 6.35043137586809 1.37626117388067 0.420414433736374 8 3.73937719553181 0.824329592088389 0.420414433736374 0.22 0.22 "simulation5" 6.20071051071896 1.86538698690397
"206" 9 8.90798454129131 1.60839723989499 0.389906227242388 9 7.19983020436777 1.3280849219841 0.389906227242388 9 4.26196811849163 0.808780011841674 0.389906227242388 0.22 0.22 "simulation5" 7.19093734474528 1.9940295859048
"207" 10 9.93619469505113 1.55726593006659 0.354450534567555 10 8.04623254988812 1.26508329541001 0.354450534567555 10 4.77767558636753 0.747767522169508 0.354450534567555 0.22 0.22 "simulation5" 7.96534720645758 2.32408802106099
"208" 11 10.9738225093998 1.50770104029318 0.320363170634371 11 8.90012739457003 1.24567243018632 0.320363170634371 11 5.30610297248105 0.780918166601604 0.320363170634371 0.22 0.22 "simulation5" 8.41983272114211 2.22200582896889
"209" 12 12.0160440679651 1.46855377660263 0.289079367359083 12 9.77206531213655 1.22118618974192 0.289079367359083 12 5.87242081978319 0.779935091103178 0.289079367359083 0.22 0.22 "simulation5" 8.73802470488672 2.14300849832955
"210" 13 13.0756531492536 1.45976648312125 0.260729536664501 13 10.6499529397736 1.19242550693794 0.260729536664501 13 6.43507489253509 0.73547189849929 0.260729536664501 0.22 0.22 "simulation5" 9.3437511636213 2.28642491672209
"211" 14 14.1334343680734 1.40128539484288 0.235129178609131 14 11.5326644727972 1.17576650176457 0.235129178609131 14 6.98835382215041 0.730006482731064 0.235129178609131 0.22 0.22 "simulation5" 10.1492531364363 2.3045795076607
"212" 15 15.1883027597433 1.39825775025795 0.212034622377939 15 12.4095136520134 1.13652887103657 0.212034622377939 15 7.56521582500398 0.754359609167893 0.212034622377939 0.22 0.22 "simulation5" 10.9549818185053 2.41753836194059
"213" 16 16.2431225252265 1.35545587709775 0.191206437613498 16 13.2719095906381 1.11573410160616 0.191206437613498 16 8.16279181140622 0.755072186803122 0.191206437613498 0.22 0.22 "simulation5" 12.0584008948876 2.78121461763979
"214" 17 17.2787235363512 1.33526738354098 0.1724237008875 17 14.1472444084809 1.13448570693699 0.1724237008875 17 8.77519844322872 0.771212220340122 0.1724237008875 0.22 0.22 "simulation5" 12.9257974477583 2.99292117493442
"215" 18 18.330472933501 1.35734096177657 0.155485915333096 18 15.041575791522 1.13211371934437 0.155485915333096 18 9.40961691083629 0.78392412909405 0.155485915333096 0.22 0.22 "simulation5" 13.9175490367278 3.15015151568688
"216" 19 19.3785424911409 1.31270825317956 0.140211955117065 19 15.9392265415029 1.12907869472308 0.140211955117065 19 10.0516826872215 0.778101570808213 0.140211955117065 0.22 0.22 "simulation5" 15.2137224490829 3.45178153663227
"217" 20 20.4215469137206 1.33564059493298 0.126438404519146 20 16.8431816769036 1.1314472882894 0.126438404519146 20 10.6924860151835 0.776193894814856 0.126438404519146 0.22 0.22 "simulation5" 16.1222005300663 3.76146153426734
"218" 21 21.4644132836824 1.3013114289746 0.114017879761039 21 17.7306735229615 1.09446916094747 0.114017879761039 21 11.3263855376727 0.764677708629546 0.114017879761039 0.22 0.22 "simulation5" 17.1638449686973 3.83522818732409
"219" 22 22.4783450165442 1.28537148841686 0.102817469789605 22 18.6064250105544 1.10886781545858 0.102817469789605 22 11.9748879549817 0.799868606724221 0.102817469789605 0.22 0.22 "simulation5" 18.3694396670456 4.02556487349297
"220" 23 23.5058549190461 1.32232973552659 0.0927173185505679 23 19.4946490715077 1.11357549791368 0.0927173185505679 23 12.6349024997066 0.785016385033309 0.0927173185505679 0.22 0.22 "simulation5" 19.4364265822987 3.88910230686665
"221" 24 24.5531727829784 1.32173576146243 0.0836093435600304 24 20.3831683487416 1.11425046444688 0.0836093435600304 24 13.2642824848802 0.780891172513677 0.0836093435600304 0.22 0.22 "simulation5" 20.0029365616188 4.25906618836988
"222" 25 25.596973613878 1.32699682830567 0.0753960795997537 25 21.3362177350662 1.24488783297706 0.0753960795997537 25 14.111496165191 1.16210734768221 0.0753960795997537 0.22 0.22 "simulation5" 21.1626828296314 3.19341641440021
"223" 26 26.6856631480228 1.4210006935024 0.0679896358083677 26 22.3681411790824 1.25771113955905 0.0679896358083677 26 15.1621675123251 1.13822911724557 0.0679896358083677 0.22 0.22 "simulation5" 21.8942218017347 3.21172227707608
"224" 27 27.862493395678 1.48710028147466 0.0613107551725562 27 23.399788312475 1.2641912941218 0.0613107551725562 27 16.1656917865932 1.12497465535562 0.0613107551725562 0.22 0.22 "simulation5" 23.0170035775587 3.1089599073156
"225" 28 29.1068864025297 1.5562833270051 0.0552879663955566 28 24.4560328256849 1.31515899127127 0.0552879663955566 28 17.1691085140808 1.15303450488366 0.0552879663955566 0.22 0.22 "simulation5" 24.36079262087 3.51344111034421
"226" 29 30.3786786640617 1.55467217620039 0.0498568190776774 29 25.5487034902415 1.33870631651887 0.0498568190776774 29 18.2156290650118 1.2109497850336 0.0498568190776774 0.22 0.22 "simulation5" 25.5887940971956 3.67691667113119
"227" 30 31.6383570299656 1.56188765033268 0.0449591940271384 30 26.6477443605824 1.34764697297969 0.0449591940271384 30 19.290511704951 1.22200485315781 0.0449591940271384 0.22 0.22 "simulation5" 27.0068648799541 4.10983265970995
"228" 31 32.9169335938917 1.59908385912393 0.040542681321496 31 27.7630702096056 1.38082176210797 0.040542681321496 31 20.3909396377431 1.26948466484874 0.040542681321496 0.22 0.22 "simulation5" 28.0096043364686 4.04264626304993
"229" 32 34.1594044664056 1.52397872820319 0.0365600194644097 32 28.8610565374692 1.3367834809934 0.0365600194644097 32 21.4640053409118 1.19835558580373 0.0365600194644097 0.22 0.22 "simulation5" 28.5395909840319 3.93919449527389
"230" 33 35.3508205784169 1.53493443353391 0.03296858963616 33 29.9156424598179 1.32955855371478 0.03296858963616 33 22.4964865401091 1.22452293178673 0.03296858963616 0.22 0.22 "simulation5" 29.5861002830935 3.72204396512355
"231" 34 36.5146742141622 1.49102123948874 0.0297299596258589 34 30.949946072293 1.31583860398514 0.0297299596258589 34 23.5368407125102 1.22213098500863 0.0297299596258589 0.22 0.22 "simulation5" 30.4792452552577 3.44548692454115
"232" 35 37.6148785437129 1.45398368245433 0.026809472564934 35 31.9454065206461 1.28442715747958 0.026809472564934 35 24.5431974647778 1.18854894821099 0.026809472564934 0.22 0.22 "simulation5" 31.015900939213 3.17927946288453
"233" 36 38.6898491973495 1.47187309711007 0.0241758760608873 36 32.9095554711292 1.28529253062671 0.0241758760608873 36 25.5011873217714 1.16413736063746 0.0241758760608873 0.22 0.22 "simulation5" 31.9676073952327 3.77777181516951
"234" 37 39.8085310737409 1.54118605459388 0.0218009877626558 37 33.8874694758116 1.32172560056083 0.0218009877626558 37 26.4412793363099 1.17825899071855 0.0218009877626558 0.22 0.22 "simulation5" 32.3616356397141 3.62357149705932
"235" 38 40.9422292378473 1.51938891873155 0.0196593937787596 38 34.862096616775 1.29943698622993 0.0196593937787596 38 27.3856063771693 1.18922922230536 0.0196593937787596 0.22 0.22 "simulation5" 33.4325530556594 3.78900155216718
"236" 39 42.0370007232898 1.50650556741233 0.0177281767209821 39 35.7906075239491 1.27437936436856 0.0177281767209821 39 28.2926486864424 1.15133825409574 0.0177281767209821 0.22 0.22 "simulation5" 33.6027685032113 3.73261750532853
"237" 40 43.0952525309293 1.48824764337476 0.0159866704633555 40 36.6653362163408 1.25155232480993 0.0159866704633555 40 29.1188125201653 1.12808503881032 0.0159866704633555 0.22 0.22 "simulation5" 35.2525602968314 3.73375270479588
"238" 41 44.1447273453077 1.52342948785418 0.0144162389921035 41 37.4904291178794 1.26261778170542 0.0144162389921035 41 29.8125083889485 1.10404474075014 0.0144162389921035 0.22 0.22 "simulation5" 36.0929480232233 3.84785943629184
"239" 42 45.1816588236642 1.51466514090464 0.0130000769799957 42 38.2229290588834 1.25138055057822 0.0130000769799957 42 30.3053029187331 1.11416612879245 0.0130000769799957 0.22 0.22 "simulation5" 36.3574956794263 3.39071565171124
"240" 43 46.138132419399 1.50161777087537 0.0117230299510424 43 38.7467195292357 1.25152145585525 0.0117230299510424 43 30.4712895781503 1.08472471557576 0.0117230299510424 0.22 0.22 "simulation5" 37.7368889253443 4.81937003026697
"241" 44 46.9339955194495 1.49294552972974 0.0105714321110953 44 38.9655739147351 1.25645287651638 0.0105714321110953 44 30.3292549412582 1.09982274613624 0.0105714321110953 0.22 0.22 "simulation5" 38.0206190696558 4.24577051182607
"242" 45 47.4632811314722 1.50533626300878 0.0095329601089656 45 38.8388570587448 1.25209752891239 0.0095329601089656 45 30.0113132938694 1.07016765730368 0.0095329601089656 0.22 0.22 "simulation5" 39.1362851281872 4.10511246226706
"243" 46 47.618538817076 1.5083302072657 0.00859650116314411 46 38.4616809749958 1.25077007701421 0.00859650116314411 46 29.6002017035348 1.024054853063 0.00859650116314411 0.22 0.22 "simulation5" 39.5625641935957 4.66147088527925
"244" 47 47.3542489028137 1.4897344325314 0.00775203414293494 47 37.9616041389495 1.23720008091067 0.00775203414293494 47 29.1682796669213 1.00096918103606 0.00775203414293494 0.22 0.22 "simulation5" 40.193691821182 4.99647332453863
"245" 48 46.8097935725808 1.46096852792815 0.00699052233144233 48 37.419094429236 1.25020067022658 0.00699052233144233 48 28.7377115763674 1.04312075823147 0.00699052233144233 0.22 0.22 "simulation5" 40.5695658472729 5.34114707217461
"246" 0 0 0 0.001 0 0 0 0.001 0 0 0 0.001 0.46 0.46 "simulation6" 0 0
"247" 1 0.022441735321933 0.431126470948916 0.00318820710112109 1 0.0224429323965313 0.38426620566679 0.00318820710112109 1 0.0224429329867089 0.349001029282547 0.00318820710112109 0.46 0.46 "simulation6" 0.00494767727204197 0.00856962841463048
"248" 2 0.089161305743657 1.29110068603013 0.010099670443294 2 0.0545951943553782 1.10207768379181 0.010099670443294 2 0.0459049968617802 0.899776034287926 0.010099670443294 0.46 0.46 "simulation6" 0.0102850429936083 0.0178142170229599
"249" 3 1.62487297975996 1.48829539657508 0.0312928372548655 3 1.22149776507173 1.2245602000734 0.0312928372548655 3 0.772862266628403 0.946005570246608 0.0312928372548655 0.46 0.46 "simulation6" 0.115379176343679 0.129717372453942
"250" 4 3.29044427426579 1.5617449495532 0.0902248939569184 4 2.64932243256379 1.38791217989553 0.0902248939569184 4 1.93583774824153 1.18122157662844 0.0902248939569184 0.46 0.46 "simulation6" 0.871429226069853 0.485314892567839
"251" 5 4.81889705305267 1.60452526572751 0.21406758993616 5 4.03118200104627 1.45098632541243 0.21406758993616 5 3.11244717646355 1.21447842326802 0.21406758993616 0.46 0.46 "simulation6" 2.39575600922231 0.698399315255843
"252" 6 6.12247222535186 1.70580481859637 0.357588634235358 6 5.20508145728242 1.51114245702158 0.357588634235358 6 4.08866388353049 1.23403745986278 0.357588634235358 0.46 0.46 "simulation6" 4.01291569576665 0.761883674982982
"253" 7 7.24403743776705 1.73231723925065 0.424564666650019 7 6.20450200615954 1.53628514405731 0.424564666650019 7 4.90972164870426 1.25345599586922 0.424564666650019 0.46 0.46 "simulation6" 5.53722679090188 1.00635516293631
"254" 8 8.29079420585595 1.70747525682381 0.420414433736374 8 7.1316660176339 1.49044748289453 0.420414433736374 8 5.66986337036605 1.20808577893818 0.420414433736374 0.46 0.46 "simulation6" 6.52835411791042 1.18654280332552
"255" 9 9.36163580348119 1.73104674707057 0.389906227242388 9 8.05337533991633 1.46578071340043 0.389906227242388 9 6.41617416812759 1.16963696624013 0.389906227242388 0.46 0.46 "simulation6" 7.46476276824114 1.40260002820272
"256" 10 10.4765501360393 1.68457400133998 0.354450534567555 10 9.00256639734087 1.44385078999989 0.354450534567555 10 7.16771147385476 1.13019027382899 0.354450534567555 0.46 0.46 "simulation6" 8.18109568137189 1.70343473450965
"257" 11 11.6004411021791 1.62357391958047 0.320363170634371 11 9.97625599772758 1.41461487395802 0.320363170634371 11 7.9471071253838 1.14636452323402 0.320363170634371 0.46 0.46 "simulation6" 8.60670526748975 1.69357365728482
"258" 12 12.7114685294794 1.54372311745921 0.289079367359083 12 10.9657852611602 1.38654430346491 0.289079367359083 12 8.74646498866426 1.10336862139725 0.289079367359083 0.46 0.46 "simulation6" 9.09964811557979 1.51433663059717
"259" 13 13.7997911613949 1.48601435624407 0.260729536664501 13 11.9596982961822 1.35023248085963 0.260729536664501 13 9.55475303409982 1.1117057196301 0.260729536664501 0.46 0.46 "simulation6" 9.74893276265539 1.76150060929858
"260" 14 14.8898575877952 1.47551521362619 0.235129178609131 14 12.9679665129138 1.35656792761551 0.235129178609131 14 10.4062979839136 1.14806932165319 0.235129178609131 0.46 0.46 "simulation6" 10.5355256821081 1.3627531124156
"261" 15 15.9910232455162 1.4553823805787 0.212034622377939 15 14.0006939168564 1.34880221723915 0.212034622377939 15 11.3187478246357 1.1836238294716 0.212034622377939 0.46 0.46 "simulation6" 11.4656881073103 1.66738193476043
"262" 16 17.1157745649169 1.47616582432485 0.191206437613498 16 15.0136331018976 1.27293031039136 0.191206437613498 16 12.1613395269662 0.976833805925142 0.191206437613498 0.46 0.46 "simulation6" 12.5385166904116 1.73082795247349
"263" 17 18.2300498505789 1.40295556680346 0.1724237008875 17 15.9800250175586 1.23259734626617 0.1724237008875 17 12.8728074954773 0.910960483459617 0.1724237008875 0.46 0.46 "simulation6" 13.5614306622235 1.84470807780167
"264" 18 19.3210068322504 1.4081747547856 0.155485915333096 18 16.9410514368903 1.23677412640465 0.155485915333096 18 13.592675674415 0.96182547891023 0.155485915333096 0.46 0.46 "simulation6" 14.8068629469965 2.01098048461201
"265" 19 20.4166814993821 1.38929093700319 0.140211955117065 19 17.9176792971247 1.24422744260294 0.140211955117065 19 14.3538360305699 0.974891004669258 0.140211955117065 0.46 0.46 "simulation6" 16.0623109192055 2.0314577204632
"266" 20 21.5100458684556 1.39256750341226 0.126438404519146 20 18.9070258051176 1.24961619750236 0.126438404519146 20 15.1474932834537 1.01265951426835 0.126438404519146 0.46 0.46 "simulation6" 17.4422687233556 2.43419785491708
"267" 21 22.6101334324129 1.3926978442635 0.114017879761039 21 19.8959695481779 1.23981998923577 0.114017879761039 21 15.9255166236734 0.949286872819076 0.114017879761039 0.46 0.46 "simulation6" 19.1761709690622 2.79568589448944
"268" 22 23.7097806840625 1.39034498481146 0.102817469789605 22 20.8957119722133 1.26596668231513 0.102817469789605 22 16.7146500392167 1.03085304815552 0.102817469789605 0.46 0.46 "simulation6" 20.4543831957019 2.78673346382924
"269" 23 24.8197760591994 1.41206270830806 0.0927173185505679 23 21.9114190309305 1.27035920693332 0.0927173185505679 23 17.535808857151 1.0072614839504 0.0927173185505679 0.46 0.46 "simulation6" 22.0971163821883 3.37387193928686
"270" 24 25.9468076646634 1.42519749874445 0.0836093435600304 24 22.9361608952461 1.29392063999906 0.0836093435600304 24 18.3698008615769 1.07661850443293 0.0836093435600304 0.46 0.46 "simulation6" 23.438912968752 3.63494508847154
"271" 25 27.0889562862972 1.45264424068804 0.0753960795997537 25 24.0172540021243 1.37650918627235 0.0753960795997537 25 19.3552042825636 1.26913954577978 0.0753960795997537 0.46 0.46 "simulation6" 24.9358215915082 2.63373008783158
"272" 26 28.2916251753724 1.54220445855245 0.0679896358083677 26 25.1672489495781 1.42225220279051 0.0679896358083677 26 20.4215813775098 1.23368133642239 0.0679896358083677 0.46 0.46 "simulation6" 26.1243660673836 2.62157765209268
"273" 27 29.5678971844023 1.59467459237046 0.0613107551725562 27 26.3311349786354 1.42081492667183 0.0613107551725562 27 21.4782713820819 1.28020603959079 0.0613107551725562 0.46 0.46 "simulation6" 27.6300285615807 2.539722450871
"274" 28 30.8849599972658 1.63738183354546 0.0552879663955566 28 27.5061858117249 1.46190839242842 0.0552879663955566 28 22.5715586112726 1.30736576401719 0.0552879663955566 0.46 0.46 "simulation6" 29.1402960541646 2.77118952629537
"275" 29 32.2536218379173 1.70159453648976 0.0498568190776774 29 28.7268921471352 1.51509156850747 0.0498568190776774 29 23.684274798011 1.33319486804571 0.0498568190776774 0.46 0.46 "simulation6" 31.8212303474705 3.35679099589789
"276" 30 33.6424107408828 1.69589279619087 0.0449591940271384 30 29.9880666606626 1.55120507880557 0.0449591940271384 30 24.818931689426 1.36378033134102 0.0449591940271384 0.46 0.46 "simulation6" 34.0873454917627 3.71555957073055
"277" 31 35.033903788408 1.72870467544696 0.040542681321496 31 31.2695629963973 1.57071626430515 0.040542681321496 31 25.9755095102685 1.38682205145179 0.040542681321496 0.46 0.46 "simulation6" 35.2696065476217 3.54348697400447
"278" 32 36.4044880556053 1.68773019254175 0.0365600194644097 32 32.5382425150876 1.55212948620063 0.0365600194644097 32 27.1190600400817 1.35838392903621 0.0365600194644097 0.46 0.46 "simulation6" 37.6081652932424 4.45516576963145
"279" 33 37.7708262894014 1.74784907360923 0.03296858963616 33 33.7714485747176 1.53442277704592 0.03296858963616 33 28.1903453094846 1.29090808768097 0.03296858963616 0.46 0.46 "simulation6" 39.1672781509076 4.71299191193956
"280" 34 39.1682070742616 1.75634631186246 0.0297299596258589 34 34.9761561741099 1.52418601776326 0.0297299596258589 34 29.2089505638938 1.28175188722161 0.0297299596258589 0.46 0.46 "simulation6" 40.2351921259505 5.20751526310114
"281" 35 40.5252911591385 1.71526381901706 0.026809472564934 35 36.1493669013093 1.50709181651465 0.026809472564934 35 30.1852188086707 1.2358643993317 0.026809472564934 0.46 0.46 "simulation6" 42.7140179387157 6.17234967595424
"282" 36 41.8635491593171 1.75400768344871 0.0241758760608873 36 37.3291524759559 1.55648464585947 0.0241758760608873 36 31.137607240783 1.26093900496999 0.0241758760608873 0.46 0.46 "simulation6" 43.9250064467876 6.28173503142618
"283" 37 43.231629495933 1.78525318408768 0.0218009877626558 37 38.5287027831621 1.55887868096463 0.0218009877626558 37 32.0835644180307 1.24103259629756 0.0218009877626558 0.46 0.46 "simulation6" 45.0675255372627 5.28158772650076
"284" 38 44.587241848795 1.76662968910159 0.0196593937787596 38 39.6951910481018 1.53361158051489 0.0196593937787596 38 33.0011284576469 1.2411371267905 0.0196593937787596 0.46 0.46 "simulation6" 46.6944043400149 5.21093203765848
"285" 39 45.9288861979826 1.8003666564071 0.0177281767209821 39 40.8511075397268 1.56846596136028 0.0177281767209821 39 33.923063673565 1.27046627205282 0.0177281767209821 0.46 0.46 "simulation6" 48.2729592376413 6.18056499535608
"286" 40 47.3338316025274 1.89625685175089 0.0159866704633555 40 42.0257797055364 1.5897962815957 0.0159866704633555 40 34.8411627762692 1.27479507730407 0.0159866704633555 0.46 0.46 "simulation6" 49.9025226450419 6.0718613559578
"287" 41 48.7833229475072 1.90295697784046 0.0144162389921035 41 43.2063831973132 1.61132941675186 0.0144162389921035 41 35.7484610426619 1.31638136868606 0.0144162389921035 0.46 0.46 "simulation6" 52.6469016810259 7.27904932818283
"288" 42 50.1850369177617 1.86272249068404 0.0130000769799957 42 44.369620896883 1.60566107241973 0.0130000769799957 42 36.6520504049183 1.35141137298408 0.0130000769799957 0.46 0.46 "simulation6" 53.3473048770577 7.00590980868469
"289" 43 51.534422282881 1.86310088299987 0.0117230299510424 43 45.4828232740547 1.60598457678486 0.0117230299510424 43 37.458359676987 1.35501345244723 0.0117230299510424 0.46 0.46 "simulation6" 55.2019565101398 7.0817467377245
"290" 44 52.8391470635822 1.85533098517585 0.0105714321110953 44 46.5137913249595 1.61319438472907 0.0105714321110953 44 38.0371382743444 1.35814774087579 0.0105714321110953 0.46 0.46 "simulation6" 56.1455970148648 6.95774486461796
"291" 45 54.0704444092027 1.87047975076538 0.0095329601089656 45 47.3414898206031 1.59807678638388 0.0095329601089656 45 38.1212486764829 1.28045433040566 0.0095329601089656 0.46 0.46 "simulation6" 59.0951826418257 7.47859024175719
"292" 46 55.2025704620282 1.90799033163242 0.00859650116314411 46 47.8329252558727 1.6183800830191 0.00859650116314411 46 37.8272175691775 1.3136533301732 0.00859650116314411 0.46 0.46 "simulation6" 60.8036589793488 7.99341992353416
"293" 47 56.038112164925 1.87846427688371 0.00775203414293494 47 47.8738902771967 1.60059362104004 0.00775203414293494 47 37.3812880095635 1.28452532596881 0.00775203414293494 0.46 0.46 "simulation6" 62.168274293587 7.73277584335803
"294" 48 56.3689747445194 1.89810140575794 0.00699052233144233 48 47.5360084101166 1.63013877999008 0.00699052233144233 48 36.8686841331427 1.34467717112275 0.00699052233144233 0.46 0.46 "simulation6" 64.0994558695451 8.98262970222096
