"time" "Srxn1_max" "NRF2_max" "Fraction_X_max" "time2" "Srxn1_mean" "NRF2_mean" "Fraction_X_mean" "time3" "Srxn1_min" "NRF2_min" "Fraction_X_min" "dose1" "dose2" "Simulation" "SRXN1_observed" "SRXN1_SD"
"1" 0 0 0 0.001 0 0 0 0.001 0 0 0 0.001 0.01 0.01 "simulation1" 0 0
"2" 1 0.022442939710373 0.170972342257674 0.00318820710112109 1 0.0224429397076349 0.111812897410776 0.00318820710112109 1 0.0224429397075196 0 0.00318820710112109 0.01 0.01 "simulation1" 0.00168605923304642 0.00292034025620701
"3" 2 0.0445347119884964 0.236693910458228 0.010099670443294 2 0.044534711336898 0.182371535901359 0.010099670443294 2 0.0445347139511144 0.0940170848248412 0.010099670443294 0.01 0.01 "simulation1" 0 0
"4" 3 0.0769959077136333 0.396138239071704 0.0312928372548655 3 0.0715269059962725 0.366295530972517 0.0312928372548655 3 0.0686455419309829 0.345025609904069 0.0312928372548655 0.01 0.01 "simulation1" 0 0
"5" 4 0.504632297731501 0.423102785460945 0.0902248939569184 4 0.433354923625907 0.377472048473708 0.0902248939569184 4 0.401345145259461 0.339501068244166 0.0902248939569184 0.01 0.01 "simulation1" 0.0460336795021125 0.012070577307288
"6" 5 0.920825249227948 0.391843611190873 0.21406758993616 5 0.800458787164108 0.335632771402123 0.21406758993616 5 0.720394789287452 0.281097733721799 0.21406758993616 0.01 0.01 "simulation1" 0.285815399222391 0.02335921999524
"7" 6 1.2382664165241 0.364835321521132 0.357588634235358 6 1.07689510700615 0.31920540915947 0.357588634235358 6 0.957515576380683 0.275536361930286 0.357588634235358 0.01 0.01 "simulation1" 0.835970942566162 0.133766577500286
"8" 7 1.47328050452932 0.313403611862207 0.424564666650019 7 1.29039936515934 0.288951355823924 0.424564666650019 7 1.14793223929411 0.25781923153619 0.424564666650019 0.01 0.01 "simulation1" 1.34364754417711 0.265135254199165
"9" 8 1.68742504111217 0.350183971159793 0.420414433736374 8 1.49165000157983 0.325640084763016 0.420414433736374 8 1.32726001928558 0.283761282139027 0.420414433736374 0.01 0.01 "simulation1" 1.79539867625144 0.379609685908897
"10" 9 1.94826109357319 0.418285279802752 0.389906227242388 9 1.74124234527869 0.400122962138288 0.389906227242388 9 1.55597013413925 0.373419132116341 0.389906227242388 0.01 0.01 "simulation1" 2.55056390920753 0.695642076348149
"11" 10 2.21890847182012 0.350710503991053 0.354450534567555 10 1.99841209010699 0.323105918376124 0.354450534567555 10 1.79397186152045 0.289022405131513 0.354450534567555 0.01 0.01 "simulation1" 2.49430140582079 0.746528532650643
"12" 11 2.46626962069441 0.341972850573409 0.320363170634371 11 2.23306136403263 0.325398357850083 0.320363170634371 11 2.01263756275593 0.3084496688195 0.320363170634371 0.01 0.01 "simulation1" 2.68006859898085 0.808192281220869
"13" 12 2.73930320820998 0.381351960271499 0.289079367359083 12 2.48478887395012 0.336296370376714 0.289079367359083 12 2.24951404253515 0.306684901590154 0.289079367359083 0.01 0.01 "simulation1" 2.81154936047501 0.899829873239389
"14" 13 3.02716533789454 0.354669358096461 0.260729536664501 13 2.74404911288305 0.325386748543047 0.260729536664501 13 2.48889044804268 0.300900539627545 0.260729536664501 0.01 0.01 "simulation1" 2.85732298411775 0.903504977138126
"15" 14 3.29503469625373 0.327660998469522 0.235129178609131 14 3.00027563537084 0.317223188810181 0.235129178609131 14 2.73556337265275 0.308614041148846 0.235129178609131 0.01 0.01 "simulation1" 3.05381787011312 1.01019445156153
"16" 15 3.56155870171555 0.339005958738139 0.212034622377939 15 3.25655809344034 0.315117440561777 0.212034622377939 15 2.98200858022184 0.291849391306673 0.212034622377939 0.01 0.01 "simulation1" 3.13399973925298 0.903634841403705
"17" 16 3.84319744187558 0.345043892545556 0.191206437613498 16 3.52220602965642 0.325293858047671 0.191206437613498 16 3.23325725530123 0.309686638744685 0.191206437613498 0.01 0.01 "simulation1" 3.25244154900767 0.893502373283102
"18" 17 4.11400475916254 0.313249023697198 0.1724237008875 17 3.78185283004901 0.298436717729288 0.1724237008875 17 3.48675648691545 0.29059534190372 0.1724237008875 0.01 0.01 "simulation1" 3.34615360576855 0.821099084799997
"19" 18 4.3810409953779 0.332165420193412 0.155485915333096 18 4.03835779063178 0.314621678787827 0.155485915333096 18 3.73949864774827 0.304561973174247 0.155485915333096 0.01 0.01 "simulation1" 3.56337954094043 0.899528751615669
"20" 19 4.64747573829608 0.314057450915685 0.140211955117065 19 4.29908233327647 0.304422697020329 0.140211955117065 19 3.99786371504677 0.296977356445438 0.140211955117065 0.01 0.01 "simulation1" 3.77198538570631 1.02047574877586
"21" 20 4.95867463047026 0.412691821813655 0.126438404519146 20 4.57692840266601 0.344884150949285 0.126438404519146 20 4.252837074316 0.297473062539557 0.126438404519146 0.01 0.01 "simulation1" 3.91189496838109 0.988173836392343
"22" 21 5.3190976651081 0.40081337883847 0.114017879761039 21 4.87536889637093 0.339865539676281 0.114017879761039 21 4.50895142771257 0.297523536613694 0.114017879761039 0.01 0.01 "simulation1" 4.02257800404361 0.997972035480284
"23" 22 5.66016986103813 0.388062717906012 0.102817469789605 22 5.16523132713114 0.332635401442229 0.102817469789605 22 4.7644812442749 0.295787086047411 0.102817469789605 0.01 0.01 "simulation1" 4.09479015555489 0.994215758871554
"24" 23 6.01400271381002 0.420187878544309 0.0927173185505679 23 5.45141809563505 0.333215576100467 0.0927173185505679 23 5.01040708176014 0.280359843726193 0.0927173185505679 0.01 0.01 "simulation1" 4.19571859226968 1.00882358688531
"25" 24 6.36200430022693 0.379698185589229 0.0836093435600304 24 5.73311061501044 0.326270047367165 0.0836093435600304 24 5.24474686185206 0.278708958958353 0.0836093435600304 0.01 0.01 "simulation1" 4.36480853072841 0.869683499472184
"26" 25 6.68209690946195 0.373539075851511 0.0753960795997537 25 6.00958038935809 0.32582183231897 0.0753960795997537 25 5.48189567112084 0.286678862443782 0.0753960795997537 0.01 0.01 "simulation1" 4.45056141895871 0.852826088259742
"27" 26 6.98737243360006 0.353030429910975 0.0679896358083677 26 6.2762015644488 0.311205100327885 0.0679896358083677 26 5.70929433083924 0.272426994906418 0.0679896358083677 0.01 0.01 "simulation1" 4.60169237349438 0.971413206913658
"28" 27 7.26220225888023 0.3319348832086 0.0613107551725562 27 6.51343581566356 0.294670832797796 0.0613107551725562 27 5.91015499777052 0.27325238823009 0.0613107551725562 0.01 0.01 "simulation1" 4.52630897702566 0.88157488007656
"29" 28 7.53721293046696 0.361539216883648 0.0552879663955566 28 6.74319291594716 0.318027831518454 0.0552879663955566 28 6.10987198796665 0.294883316784619 0.0552879663955566 0.01 0.01 "simulation1" 4.60634585949474 0.979459602102126
"30" 29 7.81769690982068 0.358307772505483 0.0498568190776774 29 6.94353371470296 0.300648711711193 0.0498568190776774 29 6.24462966425793 0.266997898287056 0.0498568190776774 0.01 0.01 "simulation1" 4.60626724772018 0.980804682145862
"31" 30 8.09471566384671 0.383111152343826 0.0449591940271384 30 7.07937952943028 0.315090543245971 0.0449591940271384 30 6.27403341296539 0.275901275908708 0.0449591940271384 0.01 0.01 "simulation1" 4.71072280704325 1.01668390117399
"32" 31 8.30074974970971 0.346278357045061 0.040542681321496 31 7.13322513983358 0.29971672963635 0.040542681321496 31 6.25687244503998 0.272720357859593 0.040542681321496 0.01 0.01 "simulation1" 4.69309604526876 0.978376621337356
"33" 32 8.39281931993281 0.36864930423145 0.0365600194644097 32 7.10056913999703 0.302494942499862 0.0365600194644097 32 6.20252155646814 0.268488101189261 0.0365600194644097 0.01 0.01 "simulation1" 4.72795025786753 0.951454679471575
"34" 0 0 0 0.001 0 0 0 0.001 0 0 0 0.001 0.02 0.02 "simulation2" 0 0
"35" 1 0.0224429416355461 0.203980791512879 0.00318820710112109 1 0.0224429397447971 0.0748870334396387 0.00318820710112109 1 0.0224429397078086 0 0.00318820710112109 0.02 0.02 "simulation2" 0 0
"36" 2 0.0445344206761844 0.437906309476165 0.010099670443294 2 0.0445335169752002 0.318729438736841 0.010099670443294 2 0.0445347116066598 0.215578140787618 0.010099670443294 0.02 0.02 "simulation2" 0 0
"37" 3 0.205930701261059 0.579230054905898 0.0312928372548655 3 0.126607256592686 0.495066039899073 0.0312928372548655 3 0.071507610784767 0.368943816025847 0.0312928372548655 0.02 0.02 "simulation2" 0.00208655680897513 0.00361402240602372
"38" 4 0.9031706166911 0.661062186275234 0.0902248939569184 4 0.710487052356513 0.547824665911971 0.0902248939569184 4 0.474979850761748 0.427434957942345 0.0902248939569184 0.02 0.02 "simulation2" 0.0655794390939315 0.0350443667857807
"39" 5 1.54527447534489 0.624716446109823 0.21406758993616 5 1.25445531875127 0.534011346185043 0.21406758993616 5 0.902805275071688 0.409422465879922 0.21406758993616 0.02 0.02 "simulation2" 0.421709956484451 0.0878197779391373
"40" 6 2.06124476581244 0.644765045535722 0.357588634235358 6 1.69170604042977 0.529228538913121 0.357588634235358 6 1.24153181200077 0.400551515046038 0.357588634235358 0.02 0.02 "simulation2" 1.20086209907209 0.192071099760271
"41" 7 2.48959810278546 0.62167976197081 0.424564666650019 7 2.0419131062494 0.495951377386274 0.424564666650019 7 1.51427250612086 0.379460617532883 0.424564666650019 0.02 0.02 "simulation2" 2.01059970674986 0.195652271826206
"42" 8 2.87667313129804 0.608410886874647 0.420414433736374 8 2.35310205864786 0.484531450636109 0.420414433736374 8 1.7451571055421 0.337146462798931 0.420414433736374 0.02 0.02 "simulation2" 2.62168268975871 0.235839791219511
"43" 9 3.28324532750441 0.640212705069717 0.389906227242388 9 2.68294794570747 0.51999959424347 0.389906227242388 9 2.00394584608552 0.435259752138001 0.389906227242388 0.02 0.02 "simulation2" 3.62996928381637 0.721974073770762
"44" 10 3.66997484144332 0.514347176289783 0.354450534567555 10 3.01056586011707 0.444951327380202 0.354450534567555 10 2.28968189595524 0.379938095708375 0.354450534567555 0.02 0.02 "simulation2" 3.69054663603533 0.817452623057913
"45" 11 4.03079162049834 0.5411005000146 0.320363170634371 11 3.33451010224568 0.480452142411524 0.320363170634371 11 2.58022215963088 0.427047363828069 0.320363170634371 0.02 0.02 "simulation2" 3.95282671018358 0.793756085405174
"46" 12 4.44941342394598 0.600719845494534 0.289079367359083 12 3.70363489638741 0.514402709255601 0.289079367359083 12 2.92189007235628 0.465850623151586 0.289079367359083 0.02 0.02 "simulation2" 4.13229137518998 0.820504502316448
"47" 13 4.90300945614401 0.60085288231756 0.260729536664501 13 4.09343456474769 0.504313450097008 0.260729536664501 13 3.26702003943346 0.419663557677024 0.260729536664501 0.02 0.02 "simulation2" 4.29045227971599 0.815514504356785
"48" 14 5.35788312534457 0.57304175326422 0.235129178609131 14 4.48912612084807 0.507376272560528 0.235129178609131 14 3.59999955204596 0.418492733641802 0.235129178609131 0.02 0.02 "simulation2" 4.46647179490482 0.791397447485117
"49" 15 5.79366395996488 0.548533017905929 0.212034622377939 15 4.88614746665443 0.490210467972841 0.212034622377939 15 3.93111417757273 0.398088364594726 0.212034622377939 0.02 0.02 "simulation2" 4.68742265294719 0.843834262858463
"50" 16 6.25546394513297 0.60450040441728 0.191206437613498 16 5.28335004137689 0.49441400591333 0.191206437613498 16 4.24995196064375 0.383457813666963 0.191206437613498 0.02 0.02 "simulation2" 4.86293826077623 0.763032503627889
"51" 17 6.72499871255476 0.553071386595032 0.1724237008875 17 5.68493238760159 0.486393863119329 0.1724237008875 17 4.55711206080909 0.366403057479478 0.1724237008875 0.02 0.02 "simulation2" 5.13205209537735 0.684365365703329
"52" 18 7.1722152790791 0.550622759858842 0.155485915333096 18 6.07824983375052 0.470340135590045 0.155485915333096 18 4.86480465152628 0.374578074945066 0.155485915333096 0.02 0.02 "simulation2" 5.3385903271001 0.651691807748698
"53" 19 7.61216823561613 0.5327467935504 0.140211955117065 19 6.45559837920503 0.452223963281821 0.140211955117065 19 5.15547106424225 0.331395540386516 0.140211955117065 0.02 0.02 "simulation2" 5.48655433038198 0.780179670159798
"54" 20 8.06151354581802 0.565330615062102 0.126438404519146 20 6.83710996534056 0.472384936149989 0.126438404519146 20 5.43737506424716 0.356840619755241 0.126438404519146 0.02 0.02 "simulation2" 5.69935402084791 0.758402387081459
"55" 21 8.53731380005942 0.574106376526474 0.114017879761039 21 7.22554507412514 0.460665000971334 0.114017879761039 21 5.74029770622912 0.365273480786198 0.114017879761039 0.02 0.02 "simulation2" 5.96766460523476 0.986370197811108
"56" 22 8.99509986374762 0.532522294122806 0.102817469789605 22 7.59964772703364 0.446513387847688 0.102817469789605 22 6.04827215169258 0.367497617198515 0.102817469789605 0.02 0.02 "simulation2" 6.10957044503153 1.03605985874321
"57" 23 9.40943676625806 0.499124077605328 0.0927173185505679 23 7.95702900119923 0.43058499907013 0.0927173185505679 23 6.35649033030194 0.366445897972013 0.0927173185505679 0.02 0.02 "simulation2" 6.22242283156778 1.04521619564704
"58" 24 9.81212391989989 0.509119126658453 0.0836093435600304 24 8.30612836954297 0.430674061166262 0.0836093435600304 24 6.65985126702891 0.359429523583146 0.0836093435600304 0.02 0.02 "simulation2" 6.3586077465649 1.15067388650421
"59" 25 10.2126741440889 0.495175904525147 0.0753960795997537 25 8.64370852067886 0.41113593264611 0.0753960795997537 25 6.94867869107088 0.344297626997475 0.0753960795997537 0.02 0.02 "simulation2" 6.44160690288788 1.33033635476314
"60" 26 10.6049372955662 0.496199454995053 0.0679896358083677 26 8.96570423329329 0.406406577667046 0.0679896358083677 26 7.22744774610928 0.343396438531321 0.0679896358083677 0.02 0.02 "simulation2" 6.49148305314849 1.40719538432157
"61" 27 10.9789366899416 0.46508677217839 0.0613107551725562 27 9.28270637532294 0.403340342601598 0.0613107551725562 27 7.49886179553317 0.336736566901378 0.0613107551725562 0.02 0.02 "simulation2" 6.68186500716978 1.38092042909326
"62" 28 11.3178420892892 0.442440749572395 0.0552879663955566 28 9.58288486595711 0.383657329838585 0.0552879663955566 28 7.75398473721756 0.32971369711539 0.0552879663955566 0.02 0.02 "simulation2" 6.57327551188152 1.37726226897297
"63" 29 11.6457744512689 0.453160074602155 0.0498568190776774 29 9.85714123704074 0.37628421357099 0.0498568190776774 29 7.94845218918986 0.300245729153688 0.0498568190776774 0.02 0.02 "simulation2" 6.60151137675163 1.3636281583104
"64" 30 11.9957555431434 0.48444968271175 0.0449591940271384 30 10.1157376925866 0.385446193305942 0.0449591940271384 30 8.03667608434142 0.299799133834681 0.0449591940271384 0.02 0.02 "simulation2" 6.65923876848463 1.23245518466109
"65" 31 12.3543939535153 0.48117396674792 0.040542681321496 31 10.3535694349751 0.391712332603296 0.040542681321496 31 8.08677248330442 0.321830081885691 0.040542681321496 0.02 0.02 "simulation2" 6.7605083675097 1.52173182338309
"66" 32 12.684924889766 0.475070222257285 0.0365600194644097 32 10.524889926962 0.388207764253816 0.0365600194644097 32 8.05905304305166 0.289876116064835 0.0365600194644097 0.02 0.02 "simulation2" 6.54768251020895 1.58535882960193
"67" 0 0 0 0.001 0 0 0 0.001 0 0 0 0.001 0.05 0.05 "simulation3" 0 0
"68" 1 0.0224429378136789 0.154053938308224 0.00318820710112109 1 0.0224429539467049 0.0513513127694079 0.00318820710112109 1 0.022442943998297 0 0.00318820710112109 0.05 0.05 "simulation3" 0.00165141696070654 0.0028603380804247
"69" 2 0.0445543728935627 0.621227500892171 0.010099670443294 2 0.044543245629926 0.558822322002826 0.010099670443294 2 0.0445370847586347 0.506219167786396 0.010099670443294 0.05 0.05 "simulation3" 0.00441835696800649 0.00765281875456322
"70" 3 0.600596964490739 0.962632607132903 0.0312928372548655 3 0.402881865152031 0.747679840559308 0.0312928372548655 3 0.267344092251433 0.613044086718957 0.0312928372548655 0.05 0.05 "simulation3" 0.0141244869014376 0.0136865310476826
"71" 4 1.76902841008674 1.12942776592533 0.0902248939569184 4 1.273879039597 0.809606806858072 0.0902248939569184 4 0.939821339947852 0.587426228834428 0.0902248939569184 0.05 0.05 "simulation3" 0.138848176197731 0.0452091425645331
"72" 5 2.85429100153836 1.07489494616187 0.21406758993616 5 2.06575102187833 0.794225750269519 0.21406758993616 5 1.52365773047934 0.593724572210506 0.21406758993616 0.05 0.05 "simulation3" 0.63807993294261 0.173439216406776
"73" 6 3.71782831444173 1.09646194064861 0.357588634235358 6 2.71427388905026 0.816374868408848 0.357588634235358 6 2.02875452735884 0.643090750870029 0.357588634235358 0.05 0.05 "simulation3" 1.77181420575654 0.282995175298668
"74" 7 4.45059821186218 1.12119982737334 0.424564666650019 7 3.25158121401712 0.792487859716073 0.424564666650019 7 2.44600278840669 0.58686333936129 0.424564666650019 0.05 0.05 "simulation3" 2.73855362438275 0.426998256121218
"75" 8 5.13318023308775 1.08847574535976 0.420414433736374 8 3.73545499191723 0.765941747119493 0.420414433736374 8 2.8097243011704 0.574623273265286 0.420414433736374 0.05 0.05 "simulation3" 3.52982399327405 0.545970305164638
"76" 9 5.81600427115003 1.07316238301411 0.389906227242388 9 4.23325342043251 0.79279595388661 0.389906227242388 9 3.19684320063244 0.622317909727997 0.389906227242388 0.05 0.05 "simulation3" 4.46293322758216 1.06342255994416
"77" 10 6.45182356615245 0.875257575707013 0.354450534567555 10 4.72919333954391 0.705280118295939 0.354450534567555 10 3.6095635933505 0.597022390131094 0.354450534567555 0.05 0.05 "simulation3" 4.73755015798042 1.17052258364925
"78" 11 7.05314686331605 0.931304857794095 0.320363170634371 11 5.2254613357932 0.744343933879728 0.320363170634371 11 4.03057072321202 0.600564004360274 0.320363170634371 0.05 0.05 "simulation3" 5.08581956707442 1.11818539855947
"79" 12 7.75415167561168 1.02558914473298 0.289079367359083 12 5.78775301686679 0.801992184514341 0.289079367359083 12 4.49749994613049 0.668667436030898 0.289079367359083 0.05 0.05 "simulation3" 5.16380781851096 1.04658916109179
"80" 13 8.47688026673775 0.93092789587148 0.260729536664501 13 6.37282385981927 0.755168748284093 0.260729536664501 13 4.9916029465077 0.621162707637111 0.260729536664501 0.05 0.05 "simulation3" 5.37838770479397 1.08186688924458
"81" 14 9.14975228844155 0.88122455280171 0.235129178609131 14 6.92565098222112 0.704807709823792 0.235129178609131 14 5.44296663186988 0.558095784609864 0.235129178609131 0.05 0.05 "simulation3" 5.66704517918456 1.04979318240441
"82" 15 9.79002900096392 0.826789835665304 0.212034622377939 15 7.46348988242109 0.695274988595228 0.212034622377939 15 5.88618647612816 0.578115872443909 0.212034622377939 0.05 0.05 "simulation3" 6.06543589205325 0.925954610826454
"83" 16 10.4236583992099 0.83713233308328 0.191206437613498 16 8.00215277987019 0.684531446426427 0.191206437613498 16 6.33080159391914 0.543855591875678 0.191206437613498 0.05 0.05 "simulation3" 6.46453298744283 0.827812971397943
"84" 17 11.0515752138025 0.793450882109967 0.1724237008875 17 8.54327824189518 0.683514282316802 0.1724237008875 17 6.77875802474804 0.574589333415876 0.1724237008875 0.05 0.05 "simulation3" 6.78976293626565 0.834244736384096
"85" 18 11.6574329124875 0.785617595127992 0.155485915333096 18 9.0828926685097 0.670454563574489 0.155485915333096 18 7.25169618035288 0.578071223125729 0.155485915333096 0.05 0.05 "simulation3" 7.233720813083 0.779038146789383
"86" 19 12.2894169895929 0.830485419701575 0.140211955117065 19 9.62735620701227 0.68541441949812 0.140211955117065 19 7.71137984369149 0.545019924253665 0.140211955117065 0.05 0.05 "simulation3" 7.63215321272863 0.678873824026181
"87" 20 12.958520169153 0.845038984907387 0.126438404519146 20 10.1846854644168 0.687109944525119 0.126438404519146 20 8.14786566842976 0.532720727796478 0.126438404519146 0.05 0.05 "simulation3" 7.8736062007294 0.698694464552911
"88" 21 13.6234441078404 0.823917397933285 0.114017879761039 21 10.7374676922644 0.675416332719597 0.114017879761039 21 8.5895652288861 0.55080463436195 0.114017879761039 0.05 0.05 "simulation3" 8.08331784934318 0.575745940698592
"89" 22 14.2782867761345 0.822789074987416 0.102817469789605 22 11.2829950597872 0.671145130702265 0.102817469789605 22 9.05359343977151 0.5672479499093 0.102817469789605 0.05 0.05 "simulation3" 8.45561437439447 0.681259227355518
"90" 23 14.9050528627797 0.764974878738953 0.0927173185505679 23 11.8115036435353 0.642343881892105 0.0927173185505679 23 9.49772191014702 0.518091851124161 0.0927173185505679 0.05 0.05 "simulation3" 8.7877519181734 0.698360079171985
"91" 24 15.4825546421452 0.744829118597853 0.0836093435600304 24 12.3140745207567 0.6275546888392 0.0836093435600304 24 9.91517228817133 0.522323010423653 0.0836093435600304 0.05 0.05 "simulation3" 8.98348266882611 0.749878481538291
"92" 25 16.071430572995 0.781159734383817 0.0753960795997537 25 12.8059341544886 0.624342525599244 0.0753960795997537 25 10.3274384018541 0.509446449554719 0.0753960795997537 0.05 0.05 "simulation3" 9.32637367781214 0.922147308937064
"93" 26 16.6697580424695 0.762604638126358 0.0679896358083677 26 13.2963700068731 0.626992422586858 0.0679896358083677 26 10.7468961014436 0.53503340639003 0.0679896358083677 0.05 0.05 "simulation3" 9.53260613253476 1.13380282722845
"94" 27 17.2439286761594 0.74657298563322 0.0613107551725562 27 13.7830655929561 0.619850314659658 0.0613107551725562 27 11.1562932836558 0.494862929002393 0.0613107551725562 0.05 0.05 "simulation3" 9.54460269617939 1.34569609918274
"95" 28 17.7966022101228 0.72888492962331 0.0552879663955566 28 14.2443311160197 0.58951466317698 0.0552879663955566 28 11.5328142762019 0.485214460299747 0.0552879663955566 0.05 0.05 "simulation3" 9.72394377220711 1.61415205661214
"96" 29 18.3239439130604 0.708005396482451 0.0498568190776774 29 14.6872541823147 0.593041543029022 0.0498568190776774 29 11.8959176588172 0.474841164784916 0.0498568190776774 0.05 0.05 "simulation3" 9.85549111621936 1.58997612220881
"97" 30 18.8298524763138 0.694660183431055 0.0449591940271384 30 15.1232148759111 0.581014865530701 0.0449591940271384 30 12.2457726941863 0.471155708406217 0.0449591940271384 0.05 0.05 "simulation3" 10.1003211617602 1.58502765079547
"98" 31 19.2943977650439 0.64544521142674 0.040542681321496 31 15.5393675203453 0.569559544133784 0.040542681321496 31 12.5790217110748 0.465282629821665 0.040542681321496 0.05 0.05 "simulation3" 10.1216770024665 1.76671729311521
"99" 32 19.7267624894453 0.649349437365515 0.0365600194644097 32 15.9470325278261 0.578823802987711 0.0365600194644097 32 12.8895462777858 0.471222598629848 0.0365600194644097 0.05 0.05 "simulation3" 10.297439160371 1.72705662328972
"100" 0 0 0 0.001 0 0 0 0.001 0 0 0 0.001 0.1 0.1 "simulation4" 0 0
"101" 1 0.0224429334012074 0.17832319758802 0.00318820710112109 1 0.0224429337340057 0.11315419584644 0.00318820710112109 1 0.0224429346154789 0 0.00318820710112109 0.1 0.1 "simulation4" 0.00198516527746124 0.00343840712198443
"102" 2 0.0454671154524285 0.888594668571123 0.010099670443294 2 0.0450925782748301 0.847156450400732 0.010099670443294 2 0.0447800207754789 0.78904318724591 0.010099670443294 0.1 0.1 "simulation4" 0 0
"103" 3 0.961547124487711 1.16386943006694 0.0312928372548655 3 0.821917449065251 1.00927777934878 0.0312928372548655 3 0.718511236818935 0.923061164773642 0.0312928372548655 0.1 0.1 "simulation4" 0.0225694627774544 0.0350672841083487
"104" 4 2.34908007826978 1.3444881990029 0.0902248939569184 4 1.9688856278275 1.07021406521581 0.0902248939569184 4 1.71932367693397 0.890489464310628 0.0902248939569184 0.1 0.1 "simulation4" 0.187254875274445 0.102210290660743
"105" 5 3.6334150616227 1.28317191987952 0.21406758993616 5 3.02465014419973 1.09128533587469 0.21406758993616 5 2.61451917453698 0.94809425368056 0.21406758993616 0.1 0.1 "simulation4" 0.934161266964989 0.316300087150545
"106" 6 4.66933506517883 1.34384072660642 0.357588634235358 6 3.90096512988353 1.1110447422009 0.357588634235358 6 3.38959151198069 0.987309463467479 0.357588634235358 0.1 0.1 "simulation4" 2.17359654433558 0.571703940216153
"107" 7 5.58049572818053 1.42775790255846 0.424564666650019 7 4.6404268563097 1.1342668673873 0.424564666650019 7 4.04115650942356 0.979953516842345 0.424564666650019 0.1 0.1 "simulation4" 3.35336754343231 0.726300102032727
"108" 8 6.45066822827194 1.39523721836783 0.420414433736374 8 5.32886056576052 1.10197792029532 0.420414433736374 8 4.63797522715229 0.950822489788196 0.420414433736374 0.1 0.1 "simulation4" 4.25506764292114 0.732873167462206
"109" 9 7.32300069412189 1.3788666967319 0.389906227242388 9 6.02597289370761 1.11282734936303 0.389906227242388 9 5.2275423546331 0.921340410736362 0.389906227242388 0.1 0.1 "simulation4" 5.36595603883118 1.03400896770694
"110" 10 8.17373035738695 1.23655881586719 0.354450534567555 10 6.73386397021148 1.04614787740387 0.354450534567555 10 5.8161230473423 0.879580236839514 0.354450534567555 0.1 0.1 "simulation4" 5.9956044271249 1.1229596233025
"111" 11 9.01051481235044 1.23310145876262 0.320363170634371 11 7.45253028544394 1.06126563769908 0.320363170634371 11 6.43267256828738 0.922879993194158 0.320363170634371 0.1 0.1 "simulation4" 6.59970072006771 1.02875401844335
"112" 12 9.88168401905175 1.23523880470684 0.289079367359083 12 8.2158728459758 1.0761555735233 0.289079367359083 12 7.1101858784123 0.956841577568748 0.289079367359083 0.1 0.1 "simulation4" 6.9489359939616 0.973569193327815
"113" 13 10.775468527371 1.21716712775207 0.260729536664501 13 8.99930524462181 1.05011837066184 0.260729536664501 13 7.80060958242055 0.906026808784081 0.260729536664501 0.1 0.1 "simulation4" 7.351525936494 0.878800166302552
"114" 14 11.6750906051231 1.1901169503238 0.235129178609131 14 9.77936005530352 1.02351714784252 0.235129178609131 14 8.47855702922698 0.891736837172019 0.235129178609131 0.1 0.1 "simulation4" 7.70710196616213 0.690482352519047
"115" 15 12.5398786723718 1.10917658231405 0.212034622377939 15 10.5496011437176 0.9941007982235 0.212034622377939 15 9.15119417436533 0.863085963599789 0.212034622377939 0.1 0.1 "simulation4" 8.2723427157963 0.72069682698615
"116" 16 13.4184135289607 1.17960888098239 0.191206437613498 16 11.3278612276307 1.00844206825844 0.191206437613498 16 9.82347977634871 0.862184196221068 0.191206437613498 0.1 0.1 "simulation4" 8.73256989080276 0.616362253521989
"117" 17 14.3218652340651 1.13052221260932 0.1724237008875 17 12.112961061557 0.984778157980492 0.1724237008875 17 10.4915639678379 0.835281932220411 0.1724237008875 0.1 0.1 "simulation4" 9.3143215561612 0.612211095506684
"118" 18 15.2232227865735 1.16176127269216 0.155485915333096 18 12.8956700935415 0.988682567812395 0.155485915333096 18 11.1668365177562 0.862869564482634 0.155485915333096 0.1 0.1 "simulation4" 9.96657940737896 0.644859695308233
"119" 19 16.1496337002591 1.16135876424069 0.140211955117065 19 13.685678245936 0.984491884651575 0.140211955117065 19 11.8556365047809 0.849980781360784 0.140211955117065 0.1 0.1 "simulation4" 10.0822963776426 0.652357758862315
"120" 20 17.0865803372404 1.17487027259242 0.126438404519146 20 14.4727496851475 0.975045499816617 0.126438404519146 20 12.5408549572852 0.849641390140858 0.126438404519146 0.1 0.1 "simulation4" 10.5823168610085 0.500938044842997
"121" 21 18.0368843437973 1.17997797093143 0.114017879761039 21 15.2519520626875 0.964466835957147 0.114017879761039 21 13.2128955766187 0.81608541041014 0.114017879761039 0.1 0.1 "simulation4" 10.8690631077019 0.746405164909473
"122" 22 18.9937645643978 1.18060203220594 0.102817469789605 22 16.021183304934 0.953170881705978 0.102817469789605 22 13.8567694672184 0.79827741328813 0.102817469789605 0.1 0.1 "simulation4" 11.3940560186353 0.53188497083291
"123" 23 19.9145626009272 1.11656529486637 0.0927173185505679 23 16.7719707214934 0.933819823301174 0.0927173185505679 23 14.4744338136684 0.773162357023656 0.0927173185505679 0.1 0.1 "simulation4" 11.6695424866524 0.693437220633388
"124" 24 20.7903083456451 1.10415136989432 0.0836093435600304 24 17.5311080296951 0.966208368304426 0.0836093435600304 24 15.1247223656764 0.851341289222283 0.0836093435600304 0.1 0.1 "simulation4" 12.1704289082411 0.620690698961738
"125" 25 21.6567210669287 1.09885855518332 0.0753960795997537 25 18.2866140375828 0.929537595606153 0.0753960795997537 25 15.7908667018735 0.800501312815609 0.0753960795997537 0.1 0.1 "simulation4" 12.5320510039231 1.0202121237486
"126" 26 22.5091873839477 1.08469351976575 0.0679896358083677 26 19.0102128226674 0.917877241185424 0.0679896358083677 26 16.4040047249348 0.76912413344882 0.0679896358083677 0.1 0.1 "simulation4" 12.8084851560837 0.84451504274806
"127" 27 23.3437285593287 1.07590430771445 0.0613107551725562 27 19.7139559880505 0.898366603618206 0.0613107551725562 27 16.9826260863556 0.743267806041033 0.0613107551725562 0.1 0.1 "simulation4" 13.4378697436764 1.00441814592324
"128" 28 24.1729672111781 1.08052009642279 0.0552879663955566 28 20.3962567054014 0.886295392904371 0.0552879663955566 28 17.5477714782819 0.74918116438372 0.0552879663955566 0.1 0.1 "simulation4" 13.7106686185228 0.895696798101274
"129" 29 24.9777403290633 1.04489902033186 0.0498568190776774 29 21.0538752602694 0.862666693349076 0.0498568190776774 29 18.1076733267438 0.7376564868592 0.0498568190776774 0.1 0.1 "simulation4" 14.0458268593225 1.10213290971136
"130" 30 25.7641437315562 1.0578785677311 0.0449591940271384 30 21.6885073759759 0.85580702168943 0.0449591940271384 30 18.6440587085461 0.719631284123515 0.0449591940271384 0.1 0.1 "simulation4" 14.1865015727616 0.989423151217691
"131" 31 26.5310942720052 1.02258736311518 0.040542681321496 31 22.3182567461564 0.861255409498103 0.040542681321496 31 19.1825098558188 0.745993452074198 0.040542681321496 0.1 0.1 "simulation4" 14.4554299729746 1.16842776468467
"132" 32 27.2819966920206 1.0456324709222 0.0365600194644097 32 22.9431048652603 0.856330256806822 0.0365600194644097 32 19.7186416336272 0.721275738129713 0.0365600194644097 0.1 0.1 "simulation4" 14.6393982208848 1.37309435371993
"133" 0 0 0 0.001 0 0 0 0.001 0 0 0 0.001 0.22 0.22 "simulation5" 0 0
"134" 1 0.0224429323426825 0.220341874966891 0.00318820710112109 1 0.0224429330578612 0.126704796315892 0.00318820710112109 1 0.0224429335661844 0.072065854883125 0.00318820710112109 0.22 0.22 "simulation5" 0.0165023002714742 0.028582822511951
"135" 2 0.0601527192713745 1.16250144369239 0.010099670443294 2 0.0463467954963361 0.944322301922016 0.010099670443294 2 0.04505519200273 0.824524647918943 0.010099670443294 0.22 0.22 "simulation5" 0.0159011313268996 0.027005858230309
"136" 3 1.41994088968258 1.40073077018928 0.0312928372548655 3 0.962663003144156 1.07199537119065 0.0312928372548655 3 0.611755576844593 0.836337940567937 0.0312928372548655 0.22 0.22 "simulation5" 0.0571028739968042 0.0587653919308479
"137" 4 3.02362246681886 1.5314904270108 0.0902248939569184 4 2.18699522991774 1.15887229662218 0.0902248939569184 4 1.55955914255807 0.893691555908533 0.0902248939569184 0.22 0.22 "simulation5" 0.272678201118396 0.0547664068774453
"138" 5 4.55634257620421 1.62428721193855 0.21406758993616 5 3.3436430433032 1.21173089842042 0.21406758993616 5 2.46518647962804 0.954342709852091 0.21406758993616 0.22 0.22 "simulation5" 1.08134991447081 0.187085211625398
"139" 6 5.84911770643946 1.64030333092259 0.357588634235358 6 4.31252402711695 1.22333044014268 0.357588634235358 6 3.25169568433372 1.00455300296038 0.357588634235358 0.22 0.22 "simulation5" 2.36819322238141 0.267608104667311
"140" 7 6.91451454425127 1.63836579506044 0.424564666650019 7 5.11601790570945 1.22766807519684 0.424564666650019 7 3.92286126057132 1.01202362178761 0.424564666650019 0.22 0.22 "simulation5" 3.57885222095868 0.27062879955672
"141" 8 7.93856677726874 1.7062269126258 0.420414433736374 8 5.86884461516756 1.22506871637133 0.420414433736374 8 4.54169595737815 0.979989476171302 0.420414433736374 0.22 0.22 "simulation5" 4.51297601571546 0.21850370554119
"142" 9 8.95673677835078 1.56948640340996 0.389906227242388 9 6.63457740639329 1.21532673752051 0.389906227242388 9 5.15868516939983 0.969694401680137 0.389906227242388 0.22 0.22 "simulation5" 5.56618261690022 0.704148603735029
"143" 10 9.97141593449189 1.56272225497418 0.354450534567555 10 7.42180051180242 1.188041849436 0.354450534567555 10 5.79345364867066 0.951566014969499 0.354450534567555 0.22 0.22 "simulation5" 6.24139191717906 0.66705792146137
"144" 11 11.0317905492978 1.56246348662644 0.320363170634371 11 8.2316980593156 1.18491150361938 0.320363170634371 11 6.45640217120318 0.968846922238173 0.320363170634371 0.22 0.22 "simulation5" 6.77873716161766 0.801213982473376
"145" 12 12.1420258198006 1.57450735920575 0.289079367359083 12 9.09432680813054 1.22817619099995 0.289079367359083 12 7.16582826865056 0.993437225324603 0.289079367359083 0.22 0.22 "simulation5" 7.32923939984441 0.773695244519367
"146" 13 13.2711585408557 1.51399579049603 0.260729536664501 13 9.97983193112054 1.16869916086907 0.260729536664501 13 7.8858668836631 0.942309403800651 0.260729536664501 0.22 0.22 "simulation5" 7.67545927742108 0.821090643361029
"147" 14 14.3439645766305 1.38963166395518 0.235129178609131 14 10.8251580000666 1.10033515730659 0.235129178609131 14 8.58911303339667 0.918524544470979 0.235129178609131 0.22 0.22 "simulation5" 8.01629447299161 0.9538864873681
"148" 15 15.3695403788749 1.36546735709264 0.212034622377939 15 11.6612551551956 1.09797119773493 0.212034622377939 15 9.2941958380073 0.909858940429494 0.212034622377939 0.22 0.22 "simulation5" 8.63907727724609 1.09563333518117
"149" 16 16.425564566674 1.40576727786127 0.191206437613498 16 12.5109637629004 1.0976263331603 0.191206437613498 16 9.99926868328068 0.895849348561183 0.191206437613498 0.22 0.22 "simulation5" 9.15603999883957 1.17063040239347
"150" 17 17.5387228869593 1.44362028143919 0.1724237008875 17 13.3799452953844 1.1124680463967 0.1724237008875 17 10.7319070499368 0.941553909821036 0.1724237008875 0.22 0.22 "simulation5" 10.0362545761502 1.28318174739734
"151" 18 18.6695652649076 1.42167653453408 0.155485915333096 18 14.2648007760624 1.11170703349494 0.155485915333096 18 11.495031211536 0.943927541112534 0.155485915333096 0.22 0.22 "simulation5" 10.4852919409976 1.45500303740042
"152" 19 19.8095255481963 1.44398193138137 0.140211955117065 19 15.1651196126694 1.12882328150579 0.140211955117065 19 12.2678611369074 0.948188962576 0.140211955117065 0.22 0.22 "simulation5" 11.0211972101205 1.65426379026743
"153" 20 20.9493334167895 1.4120227055573 0.126438404519146 20 16.0730780571658 1.11768806965588 0.126438404519146 20 13.0232069469405 0.905086682213568 0.126438404519146 0.22 0.22 "simulation5" 11.489595894335 1.49743982906756
"154" 21 22.1023787692862 1.45860287115627 0.114017879761039 21 16.9832478722495 1.12695087685027 0.114017879761039 21 13.7632476357687 0.915188766727645 0.114017879761039 0.22 0.22 "simulation5" 12.1793828433719 1.70994538017385
"155" 22 23.253991095364 1.4066701011306 0.102817469789605 22 17.8828259874562 1.09879499944481 0.102817469789605 22 14.50236598944 0.899281646712615 0.102817469789605 0.22 0.22 "simulation5" 12.6750232310037 1.79063678226181
"156" 23 24.3903244687634 1.43819992725033 0.0927173185505679 23 18.7867211231076 1.13551765406567 0.0927173185505679 23 15.2316838656022 0.897514042374216 0.0927173185505679 0.22 0.22 "simulation5" 13.1028545490631 1.83757134708853
"157" 24 25.5671264541207 1.47177288805694 0.0836093435600304 24 19.7101838760609 1.13161850737004 0.0836093435600304 24 15.9520341147771 0.883875115071433 0.0836093435600304 0.22 0.22 "simulation5" 13.4579105665593 1.86011237470838
"158" 25 26.7198868976841 1.40882776920604 0.0753960795997537 25 20.6099432158228 1.1044809460541 0.0753960795997537 25 16.6584910420556 0.877880649612379 0.0753960795997537 0.22 0.22 "simulation5" 14.0409945246897 1.91352079230122
"159" 26 27.8500865564593 1.44584527526146 0.0679896358083677 26 21.5009348268521 1.12396889044462 0.0679896358083677 26 17.3572688353034 0.87513470172179 0.0679896358083677 0.22 0.22 "simulation5" 14.3276011650797 1.96349914238227
"160" 27 29.0113341665967 1.46733879711058 0.0613107551725562 27 22.4036826833466 1.13051469606328 0.0613107551725562 27 18.0529840607853 0.878568639518458 0.0613107551725562 0.22 0.22 "simulation5" 14.8871410859038 2.24373323995842
"161" 28 30.1797448005412 1.46907280285327 0.0552879663955566 28 23.3063355299733 1.13474753083713 0.0552879663955566 28 18.7439183839175 0.876691057469969 0.0552879663955566 0.22 0.22 "simulation5" 15.4604402546375 2.50889676431412
"162" 29 31.3077674496141 1.4119438342044 0.0498568190776774 29 24.2016957435405 1.12734772747737 0.0498568190776774 29 19.4499984914391 0.907487383619515 0.0498568190776774 0.22 0.22 "simulation5" 15.8705922788382 2.28353863167974
"163" 30 32.3628029383777 1.36403514445419 0.0449591940271384 30 25.0652268215602 1.09399890394549 0.0449591940271384 30 20.1235792326531 0.835516259792115 0.0449591940271384 0.22 0.22 "simulation5" 16.1552787704217 2.3518127295601
"164" 31 33.3992594412006 1.38716298592048 0.040542681321496 31 25.9037940518081 1.09588564304846 0.040542681321496 31 20.7495480748758 0.831720527519788 0.040542681321496 0.22 0.22 "simulation5" 16.6196959541837 2.56520419599129
"165" 32 34.4112076126123 1.33135650896754 0.0365600194644097 32 26.7231622174004 1.07053168047496 0.0365600194644097 32 21.3585469210645 0.811623052084723 0.0365600194644097 0.22 0.22 "simulation5" 17.0876080095119 2.99489297195588
"166" 0 0 0 0.001 0 0 0 0.001 0 0 0 0.001 0.46 0.46 "simulation6" 0 0
"167" 1 0.0224429322913647 0.357135105222602 0.00318820710112109 1 0.0224429324921257 0.249223608366079 0.00318820710112109 1 0.0224429328614286 0.150701403921232 0.00318820710112109 0.46 0.46 "simulation6" 0.0415292275764768 0.0640956621386343
"168" 2 0.0629147936053607 1.15855443560745 0.010099670443294 2 0.050471118911595 1.03384518865707 0.010099670443294 2 0.0471133724461085 0.971080041471113 0.010099670443294 0.46 0.46 "simulation6" 0.0646518675028585 0.0680416205614269
"169" 3 1.26741452066993 1.22839693566218 0.0312928372548655 3 0.999280167012982 1.06568980922151 0.0312928372548655 3 0.869211983974933 0.911945668090962 0.0312928372548655 0.46 0.46 "simulation6" 0.119104285709637 0.0632116245100645
"170" 4 2.71444129945542 1.43611528857386 0.0902248939569184 4 2.23120280714206 1.19981850766784 0.0902248939569184 4 1.92442055180727 1.02515260881134 0.0902248939569184 0.46 0.46 "simulation6" 0.367041578130707 0.0944360636009372
"171" 5 4.13644107155034 1.47785877333902 0.21406758993616 5 3.43477359902068 1.25943357546374 0.21406758993616 5 2.9690508286801 1.10919109048198 0.21406758993616 0.46 0.46 "simulation6" 1.06491762408485 0.179190918655026
"172" 6 5.31161076907271 1.49009324392546 0.357588634235358 6 4.43755854073645 1.26334193994918 0.357588634235358 6 3.86285347105808 1.12582471460115 0.357588634235358 0.46 0.46 "simulation6" 2.69977525172186 0.589474628721577
"173" 7 6.2861317275288 1.497961774763 0.424564666650019 7 5.26343280581403 1.25606864811837 0.424564666650019 7 4.60339339713062 1.12115693604421 0.424564666650019 0.46 0.46 "simulation6" 3.92403951972465 0.723375431917517
"174" 8 7.1999083643483 1.49662771548617 0.420414433736374 8 6.02313147314967 1.23063225317114 0.420414433736374 8 5.28407552593769 1.09508865856387 0.420414433736374 0.46 0.46 "simulation6" 4.99353408361468 0.773942705620023
"175" 9 8.13759831273085 1.50920033206415 0.389906227242388 9 6.81162736068219 1.28390276058474 0.389906227242388 9 5.98867973241327 1.13918205487838 0.389906227242388 0.46 0.46 "simulation6" 5.80577040659305 1.17845103779634
"176" 10 9.13845744535825 1.53618128515426 0.354450534567555 10 7.64825635111651 1.25329181901047 0.354450534567555 10 6.71947792565073 1.07630971865613 0.354450534567555 0.46 0.46 "simulation6" 6.38775265954983 1.24306779331788
"177" 11 10.1530212373251 1.43133809845426 0.320363170634371 11 8.48286617402474 1.19331582906607 0.320363170634371 11 7.45099715230507 1.06465650374183 0.320363170634371 0.46 0.46 "simulation6" 7.08416967617932 1.21990471773909
"178" 12 11.1491904175211 1.40354680440444 0.289079367359083 12 9.33991335937103 1.22399751889732 0.289079367359083 12 8.21823197600928 1.08586493814924 0.289079367359083 0.46 0.46 "simulation6" 7.54469390788626 1.2205271873223
"179" 13 12.1780575738181 1.41739734039761 0.260729536664501 13 10.2338821956047 1.20537549438246 0.260729536664501 13 9.01675049738437 1.07448955009695 0.260729536664501 0.46 0.46 "simulation6" 7.97457552154989 1.12939395619083
"180" 14 13.2127923272119 1.35872915951842 0.235129178609131 14 11.1233651847125 1.16731299383346 0.235129178609131 14 9.80798472863351 1.03163336677523 0.235129178609131 0.46 0.46 "simulation6" 8.66886605391664 1.05811156680629
"181" 15 14.243822301864 1.35638026886488 0.212034622377939 15 12.0222772609901 1.18263403061074 0.212034622377939 15 10.6254818979714 1.0892016005218 0.212034622377939 0.46 0.46 "simulation6" 9.14702347180303 0.944184586077117
"182" 16 15.3010177243832 1.37117283897561 0.191206437613498 16 12.9439535943915 1.17774368419258 0.191206437613498 16 11.4718504112603 1.05910637807709 0.191206437613498 0.46 0.46 "simulation6" 9.87244041527649 1.02837258413124
"183" 17 16.3561500415724 1.32246359717037 0.1724237008875 17 13.8700991565018 1.16763180445893 0.1724237008875 17 12.3153170059043 1.06629331838321 0.1724237008875 0.46 0.46 "simulation6" 10.5584223108077 1.05291085398357
"184" 18 17.3908542879125 1.31307135121991 0.155485915333096 18 14.7978041192338 1.16361575371824 0.155485915333096 18 13.1790794568122 1.0773749475114 0.155485915333096 0.46 0.46 "simulation6" 11.2784862737878 1.11429700482224
"185" 19 18.4415539941831 1.33353501472823 0.140211955117065 19 15.7446283690586 1.1879135657818 0.140211955117065 19 14.0439524429724 1.05844990750431 0.140211955117065 0.46 0.46 "simulation6" 11.8942234545069 1.07821530792343
"186" 20 19.5141426284871 1.34034761727684 0.126438404519146 20 16.7020646141185 1.17244502906166 0.126438404519146 20 14.9040267877495 1.05831502086716 0.126438404519146 0.46 0.46 "simulation6" 12.8124904330604 1.15456145086923
"187" 21 20.5810207590856 1.31905788259151 0.114017879761039 21 17.6414675007436 1.15346288024724 0.114017879761039 21 15.7520987195101 1.0279828519849 0.114017879761039 0.46 0.46 "simulation6" 13.5338839221183 1.17274940263803
"188" 22 21.6425676117893 1.32667599470937 0.102817469789605 22 18.5847154987184 1.1745250362635 0.102817469789605 22 16.5867976839177 1.03333160254995 0.102817469789605 0.46 0.46 "simulation6" 14.4723120618579 1.02439656924449
"189" 23 22.6948167279914 1.30089489260778 0.0927173185505679 23 19.5390570342654 1.17520474523555 0.0927173185505679 23 17.4131049267381 1.01448655888112 0.0927173185505679 0.46 0.46 "simulation6" 15.4264129345252 0.996628741936392
"190" 24 23.7249592310138 1.29418617572017 0.0836093435600304 24 20.4957746282817 1.18376235205848 0.0836093435600304 24 18.2501607423261 1.05270610630904 0.0836093435600304 0.46 0.46 "simulation6" 16.1344071428724 1.34634996586707
"191" 25 24.7659960689753 1.32246809885833 0.0753960795997537 25 21.4564065165251 1.18816621965632 0.0753960795997537 25 19.0880148443336 1.02207613374473 0.0753960795997537 0.46 0.46 "simulation6" 16.9525651110412 1.02851329291426
"192" 26 25.8208611845647 1.32994369797276 0.0679896358083677 26 22.4228101746112 1.20487820836346 0.0679896358083677 26 19.922271430835 1.05702875027178 0.0679896358083677 0.46 0.46 "simulation6" 17.679774201393 1.07082787354633
"193" 27 26.9071236471489 1.3916678237528 0.0613107551725562 27 23.41783840361 1.24607221371327 0.0613107551725562 27 20.7835418041134 1.07470444830916 0.0613107551725562 0.46 0.46 "simulation6" 18.4033628398645 1.07106921308103
"194" 28 28.0287358866221 1.4006138485367 0.0552879663955566 28 24.4265914384011 1.24166678468832 0.0552879663955566 28 21.6566379007738 1.08800022568199 0.0552879663955566 0.46 0.46 "simulation6" 19.5145422018264 0.57032624876773
"195" 29 29.1469964318068 1.40699862651718 0.0498568190776774 29 25.4308606306972 1.25594091618495 0.0498568190776774 29 22.5187666265487 1.06915800208439 0.0498568190776774 0.46 0.46 "simulation6" 20.9986442499266 0.842317940425095
"196" 30 30.2778373205346 1.43730771907138 0.0449591940271384 30 26.448163153864 1.27636688134017 0.0449591940271384 30 23.3692880215071 1.07870790141601 0.0449591940271384 0.46 0.46 "simulation6" 21.6797317722597 1.05887247315028
"197" 31 31.4170662696132 1.43308772333292 0.040542681321496 31 27.4647059640924 1.26939195271783 0.040542681321496 31 24.1977295529672 1.04254335611798 0.040542681321496 0.46 0.46 "simulation6" 22.7186477780596 1.37466663731249
"198" 32 32.5053660179449 1.36744308396429 0.0365600194644097 32 28.4549651619297 1.24893295388804 0.0365600194644097 32 24.9911237938498 1.03389445299053 0.0365600194644097 0.46 0.46 "simulation6" 23.7215087467948 0.779112586387457
