"time" "Srxn1_max" "NRF2_max" "Fraction_X_max" "time2" "Srxn1_mean" "NRF2_mean" "Fraction_X_mean" "time3" "Srxn1_min" "NRF2_min" "Fraction_X_min" "dose1" "dose2" "Simulation" "SRXN1_observed" "SRXN1_SD"
"1" 0 0 0 0.001 0 0 0 0.001 0 0 0 0.001 1 1 "simulation1" 0 0
"2" 1 0.0224429397075196 0 0.002943666652518 1 0.0224429397075196 0 0.002943666652518 1 0.0224429397075196 0 0.002943666652518 1 1 "simulation1" 0.00094521179855576 0.00163715485901213
"3" 2 0.0445343434779266 0 0.00861797995267028 2 0.0445343434779266 0 0.00861797995267028 2 0.0445343434779266 0 0.00861797995267028 1 1 "simulation1" 0 0
"4" 3 0.0662807960947709 0 0.0247831176104602 3 0.0662807960947709 0 0.0247831176104602 3 0.0662807960947709 0 0.0247831176104602 1 1 "simulation1" 0 0
"5" 4 0.0876861412079386 0 0.0674034111507033 4 0.0876861412079386 0 0.0674034111507033 4 0.0876861412079386 0 0.0674034111507033 1 1 "simulation1" 0 0
"6" 5 0.108756749162416 0 0.157609898831033 5 0.108756749162416 0 0.157609898831033 5 0.108756749162416 0 0.157609898831033 1 1 "simulation1" 0.0187711948052851 0.0325126631215268
"7" 6 0.129497678684857 0 0.274443319709444 6 0.129497678684857 0 0.274443319709444 6 0.129497678684857 0 0.274443319709444 1 1 "simulation1" 0.123447968818721 0.086457450843005
"8" 7 0.149914092042366 0 0.341431345547393 7 0.149914092042366 0 0.341431345547393 7 0.149914092042366 0 0.341431345547393 1 1 "simulation1" 0.239949321100608 0.184452823216324
"9" 8 0.170011067309439 3.80777692506884e-05 0.3431684902918 8 0.170011067309439 1.26925897502295e-05 0.3431684902918 8 0.170011067309439 0 0.3431684902918 1 1 "simulation1" 0.28406179985972 0.180342681337585
"10" 9 0.189793598068552 0 0.315755903204502 9 0.189793598068552 0 0.315755903204502 9 0.189793598068552 0 0.315755903204502 1 1 "simulation1" 0.3595979862916 0.228215356773184
"11" 10 0.209266604834128 0 0.282055855422312 10 0.209266604834128 0 0.282055855422312 10 0.209266604834128 0 0.282055855422312 1 1 "simulation1" 0.413646697592654 0.303186333085455
"12" 11 0.228434931003092 0 0.249650938710811 11 0.228434931003092 0 0.249650938710811 11 0.228434931003092 0 0.249650938710811 1 1 "simulation1" 0.420663027192936 0.262974736545617
"13" 12 0.247303343702065 0 0.220357129071387 12 0.247303343702065 0 0.220357129071387 12 0.247303343702065 0 0.220357129071387 1 1 "simulation1" 0.44759002365878 0.299410859096708
"14" 13 0.265876535429475 0 0.194339016468906 13 0.265876535429475 0 0.194339016468906 13 0.265876535429475 0 0.194339016468906 1 1 "simulation1" 0.478164638774766 0.326848742732924
"15" 14 0.284159125337056 0 0.171350320298136 14 0.284159125337056 0 0.171350320298136 14 0.284159125337056 0 0.171350320298136 1 1 "simulation1" 0.524962596401084 0.373758039600529
"16" 15 0.30215566028494 0 0.151069770259724 15 0.30215566028494 0 0.151069770259724 15 0.30215566028494 0 0.151069770259724 1 1 "simulation1" 0.529898835249714 0.356840348188108
"17" 16 0.319870615965904 0 0.133186612590642 16 0.319870615965904 0 0.133186612590642 16 0.319870615965904 0 0.133186612590642 1 1 "simulation1" 0.520550032052438 0.32149513680343
"18" 17 0.337308398053818 0 0.117419627028285 17 0.337308398053818 0 0.117419627028285 17 0.337308398053818 0 0.117419627028285 1 1 "simulation1" 0.567268926839497 0.38683683116476
"19" 18 0.354473343291135 0 0.103518973941723 18 0.354473343291135 0 0.103518973941723 18 0.354473343291135 0 0.103518973941723 1 1 "simulation1" 0.595482726137408 0.435602042911206
"20" 19 0.371369720566334 0 0.0912638873869924 19 0.371369720566334 0 0.0912638873869924 19 0.371369720566334 0 0.0912638873869924 1 1 "simulation1" 0.642968848127324 0.494781476355027
"21" 20 0.388001731975564 0 0.0804596041637695 20 0.388001731975564 0 0.0804596041637695 20 0.388001731975564 0 0.0804596041637695 1 1 "simulation1" 0.678392794441832 0.551723784153597
"22" 21 0.404373513867698 0 0.0709343831955975 21 0.404373513867698 0 0.0709343831955975 21 0.404373513867698 0 0.0709343831955975 1 1 "simulation1" 0.717739525435777 0.561659530850102
"23" 22 0.420489137873035 0 0.0625368057937424 22 0.420489137873035 0 0.0625368057937424 22 0.420489137873035 0 0.0625368057937424 1 1 "simulation1" 0.725388700692793 0.579640812509282
"24" 23 0.436352611915898 0 0.0551333765690959 23 0.436352611915898 0 0.0551333765690959 23 0.436352611915898 0 0.0551333765690959 1 1 "simulation1" 0.69778332989825 0.560905122635009
"25" 24 0.451967881211454 0 0.0486064033658349 24 0.451967881211453 0 0.0486064033658349 24 0.451967881211453 0 0.0486064033658349 1 1 "simulation1" 0.675813963077061 0.561746896993409
"26" 25 0.467338829247062 0.0228378245073 0.0428521268637604 25 0.467338829247041 0.0076126081691 0.0428521268637604 25 0.467338829247041 0 0.0428521268637604 1 1 "simulation1" 0.751362297207518 0.431954423830288
"27" 26 0.48246927874737 0 0.0377790712613652 26 0.482469278747326 0 0.0377790712613652 26 0.482469278747326 0 0.0377790712613652 1 1 "simulation1" 0.660333266729488 0.438732927604925
"28" 27 0.49736299262551 0.00510170254194442 0.0333065901222423 27 0.497362992625484 0.00170056751398147 0.0333065901222423 27 0.497362992625484 0 0.0333065901222423 1 1 "simulation1" 0.623550871872826 0.448736384208174
"29" 28 0.512023674919229 0 0.0293635843476394 28 0.512023674919192 0 0.0293635843476394 28 0.512023674919192 0 0.0293635843476394 1 1 "simulation1" 0.60198148234524 0.438991180401749
"30" 29 0.526454971711696 0.0102004163084657 0.0258873719156931 29 0.526454971711664 0.00340013876948856 0.0258873719156931 29 0.526454971711664 0 0.0258873719156931 1 1 "simulation1" 0.616153109232442 0.437839880018509
"31" 30 0.540660472038361 0 0.0228226914250888 30 0.540660472038329 0 0.0228226914250888 30 0.540660472038329 0 0.0228226914250888 1 1 "simulation1" 0.550865731242487 0.447830295800651
"32" 31 0.554643708779508 0.00176243712552782 0.0201208236039174 31 0.554643708779477 0.000587479041842605 0.0201208236039174 31 0.554643708779477 0 0.0201208236039174 1 1 "simulation1" 0.567130781844214 0.530352103617755
"33" 32 0.568408159538905 0.0078198738459212 0.0177388168187245 32 0.568408159538874 0.00260662461530707 0.0177388168187245 32 0.568408159538874 0 0.0177388168187245 1 1 "simulation1" 0.501061673786617 0.437894359010715
"34" 33 0.58195724750867 0 0.015638804271759 33 0.581957247508639 0 0.015638804271759 33 0.581957247508639 0 0.015638804271759 1 1 "simulation1" 0.476200822294684 0.469252154911802
"35" 34 0.595294342320616 0 0.0137874020319227 34 0.595294342320586 0 0.0137874020319227 34 0.595294342320586 0 0.0137874020319227 1 1 "simulation1" 0.439473030674637 0.429540057961441
"36" 35 0.608422760884269 0.00150697225019214 0.0121551783299149 35 0.608422760884239 0.00050232408339738 0.0121551783299149 35 0.608422760884239 0 0.0121551783299149 1 1 "simulation1" 0.406823340376752 0.397377264496763
"37" 36 0.621345768211779 0 0.0107161856809531 36 0.62134576821175 0 0.0107161856809531 36 0.62134576821175 0 0.0107161856809531 1 1 "simulation1" 0.373450732573842 0.384454405042192
"38" 37 0.634066578229921 0 0.00944754839721607 37 0.634066578229892 0 0.00944754839721607 37 0.634066578229892 0 0.00944754839721607 1 1 "simulation1" 0.344718363536067 0.326303464710803
"39" 38 0.646588354579392 0 0.00832909893269055 38 0.646588354579363 0 0.00832909893269055 38 0.646588354579363 0 0.00832909893269055 1 1 "simulation1" 0.334546049705238 0.336609329665746
"40" 39 0.658914211401603 0 0.0073430572793879 39 0.658914211401575 0 0.0073430572793879 39 0.658914211401575 0 0.0073430572793879 1 1 "simulation1" 0.29611840143555 0.308198371367174
"41" 40 0.671047214113162 0 0.0064737483182894 40 0.671047214113134 0 0.0064737483182894 40 0.671047214113134 0 0.0064737483182894 1 1 "simulation1" 0.194930258668829 0.132858536843761
"42" 41 0.682990380168231 0 0.00570735263174311 41 0.682990380168204 0 0.00570735263174311 41 0.682990380168204 0 0.00570735263174311 1 1 "simulation1" 0.182052705217541 0.133403716974389
"43" 42 0.694746679808969 0 0.00503168681597313 42 0.694746679808943 0 0.00503168681597313 42 0.694746679808943 0 0.00503168681597313 1 1 "simulation1" 0.166587777319722 0.138444735388461
"44" 43 0.706319036804219 0 0.00443600980132628 43 0.706319036804193 0 0.00443600980132628 43 0.706319036804193 0 0.00443600980132628 1 1 "simulation1" 0.201561340464743 0.208114761980815
"45" 44 0.717710329176647 0 0.003910852101326 44 0.717710329176621 0 0.003910852101326 44 0.717710329176621 0 0.003910852101326 1 1 "simulation1" 0.167133517891135 0.188338293607279
"46" 45 0.728923389918498 0 0.00344786527610313 45 0.728923389918472 0 0.00344786527610313 45 0.728923389918472 0 0.00344786527610313 1 1 "simulation1" 0.143708149645481 0.172776689878165
"47" 46 0.739961007696159 0 0.00303968921712152 46 0.739961007696134 0 0.00303968921712152 46 0.739961007696134 0 0.00303968921712152 1 1 "simulation1" 0.150239798544679 0.164218076751418
"48" 47 0.750825927543693 0 0.00267983514342179 47 0.750825927543668 0 0.00267983514342179 47 0.750825927543668 0 0.00267983514342179 1 1 "simulation1" 0.132923371361478 0.143659844928138
"49" 48 0.761520851545524 0 0.00236258244937261 48 0.761520851545499 0 0.00236258244937261 48 0.761520851545499 0 0.00236258244937261 1 1 "simulation1" 0.129466895759473 0.142819095477552
"50" 0 0 0 0.001 0 0 0 0.001 0 0 0 0.001 2.15 2.15 "simulation2" 0 0
"51" 1 0.0224429397075196 0 0.002943666652518 1 0.0224429397075196 0 0.002943666652518 1 0.0224429397075196 0 0.002943666652518 2.15 2.15 "simulation2" 0 0
"52" 2 0.0445343434745492 0.0910184065625271 0.00861797995267028 2 0.0445343434779266 0.0303394688541757 0.00861797995267028 2 0.0445343434779266 0 0.00861797995267028 2.15 2.15 "simulation2" 0 0
"53" 3 0.0662808991292217 0.0775667488295955 0.0247831176104602 3 0.0662807960968038 0.0258555829431985 0.0247831176104602 3 0.0662807960947709 0 0.0247831176104602 2.15 2.15 "simulation2" 0 0
"54" 4 0.0877015566974703 0.104079117111167 0.0674034111507033 4 0.0876861454003233 0.0386968631226448 0.0674034111507033 4 0.0876861412079386 0 0.0674034111507033 2.15 2.15 "simulation2" 0 0
"55" 5 0.187967759483775 0.160814651036208 0.157609898831033 5 0.108866641663619 0.0571654494122455 0.157609898831033 5 0.108756749162416 0 0.157609898831033 2.15 2.15 "simulation2" 0.0563780776781072 0.053315031680221
"56" 6 0.342046117563002 0.138613179244564 0.274443319709444 6 0.13537579294635 0.046652804661928 0.274443319709444 6 0.129497678684857 0 0.274443319709444 2.15 2.15 "simulation2" 0.198966109687877 0.141838684966668
"57" 7 0.484322239300568 0.185290458302389 0.341431345547393 7 0.196697556546364 0.0741322829473398 0.341431345547393 7 0.149914092042366 0 0.341431345547393 2.15 2.15 "simulation2" 0.350917394014159 0.23474215909151
"58" 8 0.646941033884114 0.206119504001407 0.3431684902918 8 0.270666538150578 0.0704866723106066 0.3431684902918 8 0.170011067309439 0 0.3431684902918 2.15 2.15 "simulation2" 0.4476289164308 0.267760332156928
"59" 9 0.818259281242222 0.205685316828187 0.315755903204502 9 0.341767276003369 0.0688156168376248 0.315755903204502 9 0.189793598068552 0 0.315755903204502 2.15 2.15 "simulation2" 0.534305659193032 0.298181877573404
"60" 10 0.98393224375366 0.183550655880796 0.282055855422312 10 0.408832065085516 0.0611835519602654 0.282055855422312 10 0.209266604834128 0 0.282055855422312 2.15 2.15 "simulation2" 0.592378800637641 0.327617481104218
"61" 11 1.14137653160274 0.179478618686811 0.249650938710811 11 0.464616888660477 0.0598262062289369 0.249650938710811 11 0.228434931003092 0 0.249650938710811 2.15 2.15 "simulation2" 0.626113044887098 0.341536910899519
"62" 12 1.31961760210676 0.214410502195435 0.220357129071387 12 0.528637051835135 0.0780056431463928 0.220357129071387 12 0.247303343702065 0 0.220357129071387 2.15 2.15 "simulation2" 0.792926088203663 0.332714962422197
"63" 13 1.5161953329445 0.21469257176351 0.194339016468906 13 0.618520595181437 0.0954344987572486 0.194339016468906 13 0.265876535429475 0.00417454956574148 0.194339016468906 2.15 2.15 "simulation2" 0.80385279013265 0.296587563077962
"64" 14 1.71676520205994 0.218669007251942 0.171350320298136 14 0.688301680753396 0.0733275864780422 0.171350320298136 14 0.284159125337057 0 0.171350320298136 2.15 2.15 "simulation2" 0.809660131601712 0.343163777414147
"65" 15 1.93528874406606 0.242972762766724 0.151069770259724 15 0.729674739527449 0.0882652119226058 0.151069770259724 15 0.30215566028494 0.00404324380401366 0.151069770259724 2.15 2.15 "simulation2" 0.884744637961404 0.377044194788121
"66" 16 2.15306413973363 0.215702880904842 0.133186612590642 16 0.756098752920159 0.0719639584465296 0.133186612590642 16 0.319870615965905 0 0.133186612590642 2.15 2.15 "simulation2" 0.907218978689124 0.43471191187199
"67" 17 2.3560518621757 0.21246169001505 0.117419627028285 17 0.769604730360155 0.0837717859674049 0.117419627028285 17 0.337308398053818 0 0.117419627028285 2.15 2.15 "simulation2" 0.999583452269509 0.457142104348856
"68" 18 2.53902310148395 0.179698839233394 0.103518973941723 18 0.780951906345131 0.0636716562802704 0.103518973941723 18 0.354473343291136 0 0.103518973941723 2.15 2.15 "simulation2" 1.10124587322147 0.484526754709927
"69" 19 2.69359542035088 0.182007509758853 0.0912638873869924 19 0.791222350933764 0.0702466347739235 0.0912638873869924 19 0.371369720566334 0 0.0912638873869924 2.15 2.15 "simulation2" 1.13204965280593 0.545991383806072
"70" 20 2.78067580774866 0.156397954321062 0.0804596041637695 20 0.801296070630837 0.0521326514403539 0.0804596041637695 20 0.388001731975565 0 0.0804596041637695 2.15 2.15 "simulation2" 1.03879221757508 0.564246212060005
"71" 21 2.85384970565286 0.205048886089193 0.0709343831955975 21 0.811202910577333 0.0683496286963976 0.0709343831955975 21 0.404373513867699 0 0.0709343831955975 2.15 2.15 "simulation2" 1.04845635364919 0.555808585704524
"72" 22 2.96274185920437 0.213441654302625 0.0625368057937424 22 0.820955183319673 0.0711472181008749 0.0625368057937424 22 0.420489137873035 0 0.0625368057937424 2.15 2.15 "simulation2" 1.04391549189527 0.576517668556029
"73" 23 3.00545962369316 0.203202416717368 0.0551333765690959 23 0.830553289319381 0.0677341389057894 0.0551333765690959 23 0.436352611915899 0 0.0551333765690959 2.15 2.15 "simulation2" 1.03674247299737 0.540068039145549
"74" 24 2.98667270154562 0.122522949393707 0.0486064033658349 24 0.840000816318137 0.0408409831312356 0.0486064033658349 24 0.451967881211454 0 0.0486064033658349 2.15 2.15 "simulation2" 1.04715243086547 0.558472367291514
"75" 25 2.96261432735634 0.174423780758207 0.0428521268637604 25 0.849300499181207 0.0704028688206392 0.0428521268637604 25 0.467338829247042 0 0.0428521268637604 2.15 2.15 "simulation2" 1.1392539910558 0.459194822331764
"76" 26 2.93884396869091 0.119624987374018 0.0377790712613652 26 0.858454680207264 0.0495399427199082 0.0377790712613652 26 0.482469278747327 0 0.0377790712613652 2.15 2.15 "simulation2" 0.986988613690316 0.380904897017544
"77" 27 2.91530875999303 0.14752534755507 0.0333065901222423 27 0.867465609507239 0.04917511585169 0.0333065901222423 27 0.497362992625484 0 0.0333065901222423 2.15 2.15 "simulation2" 0.956865609232433 0.397700396673111
"78" 28 2.89214142926165 0.139803725124762 0.0293635843476394 28 0.876335552065374 0.0470436568485402 0.0293635843476394 28 0.512023674919193 0 0.0293635843476394 2.15 2.15 "simulation2" 0.92063335192105 0.37945312655149
"79" 29 2.86933305434498 0.1381270215953 0.0258873719156931 29 0.885066712830002 0.0473857602206078 0.0258873719156931 29 0.526454971711664 0 0.0258873719156931 2.15 2.15 "simulation2" 0.921665473535321 0.350004166654851
"80" 30 2.84688118793361 0.158893826482772 0.0228226914250888 30 0.893661263215414 0.055946823400026 0.0228226914250888 30 0.540660472038329 0 0.0228226914250888 2.15 2.15 "simulation2" 0.924863526431684 0.430279745750599
"81" 31 2.82478046322811 0.170442892781067 0.0201208236039174 31 0.90212134066871 0.056814297593689 0.0201208236039174 31 0.554643708779477 0 0.0201208236039174 2.15 2.15 "simulation2" 0.85070789782598 0.346403989850027
"82" 32 2.80302606585801 0.174625289381529 0.0177388168187245 32 0.910449048760854 0.0661734455985 0.0177388168187245 32 0.568408159538874 0 0.0177388168187245 2.15 2.15 "simulation2" 0.803361536837702 0.28110319938561
"83" 33 2.78161060200852 0.157601173277391 0.015638804271759 33 0.918646460102974 0.0549762976586374 0.015638804271759 33 0.58195724750864 0 0.015638804271759 2.15 2.15 "simulation2" 0.799993480047395 0.263776535673756
"84" 34 2.76053146797829 0.152281122578746 0.0137874020319227 34 0.926715613583957 0.0539867320404578 0.0137874020319227 34 0.595294342320587 0 0.0137874020319227 2.15 2.15 "simulation2" 0.840369919633655 0.206658674840426
"85" 35 2.73978193086267 0.162898108971427 0.0121551783299149 35 0.93465851418592 0.0577367643309753 0.0121551783299149 35 0.60842276088424 0 0.0121551783299149 2.15 2.15 "simulation2" 0.762009818190084 0.142902131578097
"86" 36 2.71935704718894 0.132929657784819 0.0107161856809531 36 0.942477137548521 0.0448230648441357 0.0107161856809531 36 0.62134576821175 0 0.0107161856809531 2.15 2.15 "simulation2" 0.688399830328737 0.164940257798047
"87" 37 2.69925173683069 0.100349565722461 0.00944754839721607 37 0.950173428347947 0.0442493782300734 0.00944754839721607 37 0.634066578229893 0 0.00944754839721607 2.15 2.15 "simulation2" 0.627101414086013 0.151440956891851
"88" 38 2.67946100029376 0.0893922798235036 0.00832909893269055 38 0.957749300637036 0.0297974266078345 0.00832909893269055 38 0.646588354579364 0 0.00832909893269055 2.15 2.15 "simulation2" 0.543525376831039 0.133805156227709
"89" 39 2.65997991560265 0.0623113675291891 0.0073430572793879 39 0.965206638505065 0.0274981692318602 0.0073430572793879 39 0.658914211401576 0 0.0073430572793879 2.15 2.15 "simulation2" 0.507126494032685 0.121222936062475
"90" 40 2.64080364003493 0.0652624615138896 0.0064737483182894 40 0.972547296591477 0.0314678347214598 0.0064737483182894 40 0.671047214113135 0 0.0064737483182894 2.15 2.15 "simulation2" 0.378153480972617 0.0685127188896369
"91" 41 2.62192739786435 0.0847831717724787 0.00570735263174311 41 0.979773100509846 0.0396737314945066 0.00570735263174311 41 0.682990380168205 0 0.00570735263174311 2.15 2.15 "simulation2" 0.367110533163708 0.0820381698713635
"92" 42 2.60334649668188 0.0783218748292351 0.00503168681597313 42 0.986885847299375 0.0331982931651576 0.00503168681597313 42 0.694746679808943 0 0.00503168681597313 2.15 2.15 "simulation2" 0.308428659513164 0.0653075537358361
"93" 43 2.58505631899198 0.0910907492630727 0.00443600980132628 43 0.993887305885894 0.0339390268222667 0.00443600980132628 43 0.706319036804194 0 0.00443600980132628 2.15 2.15 "simulation2" 0.318514153059214 0.030678286459559
"94" 44 2.56705231550212 0.0557749847914289 0.003910852101326 44 1.00077921751852 0.0262396543175551 0.003910852101326 44 0.717710329176621 0 0.003910852101326 2.15 2.15 "simulation2" 0.334316362837752 0.0442918446715828
"95" 45 2.54933000813928 0.0681822068755108 0.00344786527610313 45 1.00756329620227 0.0284724684941996 0.00344786527610313 45 0.728923389918473 0 0.00344786527610313 2.15 2.15 "simulation2" 0.261663720486272 0.0794351844577871
"96" 46 2.53188498938568 0.0787043644375248 0.00303968921712152 46 1.01424122912432 0.0351701550173745 0.00303968921712152 46 0.739961007696135 0 0.00303968921712152 2.15 2.15 "simulation2" 0.230865084676231 0.0568821753146048
"97" 47 2.51471292075123 0.0780198289972793 0.00267983514342179 47 1.02081467707357 0.0315142763960853 0.00267983514342179 47 0.750825927543669 0 0.00267983514342179 2.15 2.15 "simulation2" 0.225895609779739 0.00987351911069012
"98" 48 2.49780953153918 0.0698653210254107 0.00236258244937261 48 1.02728527485375 0.03253033942204 0.00236258244937261 48 0.7615208515455 0 0.00236258244937261 2.15 2.15 "simulation2" 0.208558600989934 0.0311487925612058
"99" 0 0 0 0.001 0 0 0 0.001 0 0 0 0.001 4.64 4.64 "simulation3" 0 0
"100" 1 0.0224429397075196 0.0271016066394344 0.002943666652518 1 0.0224429397075196 0.00903386887981147 0.002943666652518 1 0.0224429397075196 0 0.002943666652518 4.64 4.64 "simulation3" 0 0
"101" 2 0.0445343412626392 0.0889439010074157 0.00861797995267028 2 0.0445343434775479 0.0296479670024719 0.00861797995267028 2 0.0445343434779266 0 0.00861797995267028 4.64 4.64 "simulation3" 0 0
"102" 3 0.0662809263219237 0.160107953626052 0.0247831176104602 3 0.0662810696914487 0.0769134901515785 0.0247831176104602 3 0.0662807960947709 0 0.0247831176104602 4.64 4.64 "simulation3" 0 0
"103" 4 0.0924366892098555 0.177850778413783 0.0674034111507033 4 0.0877232678780305 0.112073933143307 0.0674034111507033 4 0.0876861449090678 0.0146290827208977 0.0674034111507033 4.64 4.64 "simulation3" 0.00505243917268088 0.00875108134923455
"104" 5 0.274113342328485 0.193198914159041 0.157609898831033 5 0.184589357993708 0.150464691343003 0.157609898831033 5 0.112564056481845 0.0839277042594994 0.157609898831033 4.64 4.64 "simulation3" 0.260225055545075 0.115414896579158
"105" 6 0.47505665652383 0.210673877423852 0.274443319709444 6 0.334096351492772 0.135933024318971 0.274443319709444 6 0.167641934417617 0.0452213778251565 0.274443319709444 4.64 4.64 "simulation3" 0.697772439454556 0.271940838762964
"106" 7 0.638769306641332 0.169762068416545 0.341431345547393 7 0.453623011121908 0.127081099956396 0.341431345547393 7 0.224590883618286 0.0731938093479854 0.341431345547393 4.64 4.64 "simulation3" 1.07358559161977 0.403944602977266
"107" 8 0.791346297256498 0.207816155062674 0.3431684902918 8 0.565820854168599 0.13307784276674 0.3431684902918 8 0.300306214165631 0.0761001220772186 0.3431684902918 4.64 4.64 "simulation3" 1.33688684889526 0.561447018890714
"108" 9 0.956576789195496 0.198301814691857 0.315755903204502 9 0.679365064232708 0.130617894306614 0.315755903204502 9 0.368452047710016 0.0622641554864558 0.315755903204502 4.64 4.64 "simulation3" 1.47190104314824 0.60396421114173
"109" 10 1.14122685930126 0.24317082340168 0.282055855422312 10 0.807837355845412 0.161053550842904 0.282055855422312 10 0.456218427319494 0.116284273532244 0.282055855422312 4.64 4.64 "simulation3" 1.61156052598931 0.630851479217618
"110" 11 1.35011760106882 0.236397001125411 0.249650938710811 11 0.956571449444538 0.166570043777464 0.249650938710811 11 0.568018587002881 0.109187371945727 0.249650938710811 4.64 4.64 "simulation3" 1.69582102937637 0.702249557468756
"111" 12 1.54274283220865 0.203264064201343 0.220357129071387 12 1.10536801318608 0.15700080593304 0.220357129071387 12 0.673589302624589 0.103385243520002 0.220357129071387 4.64 4.64 "simulation3" 1.69856901683384 0.682628242914615
"112" 13 1.7244134463709 0.201562566407174 0.194339016468906 13 1.25746280079557 0.166814124338295 0.194339016468906 13 0.780671941199281 0.109538324443811 0.194339016468906 4.64 4.64 "simulation3" 1.81577437702228 0.675600892319579
"113" 14 1.90586124139442 0.194742899071379 0.171350320298136 14 1.40972935118045 0.15301121857307 0.171350320298136 14 0.893251824422759 0.111853352562223 0.171350320298136 4.64 4.64 "simulation3" 1.9401219179251 0.744025424974562
"114" 15 2.07920468304426 0.182941715057807 0.151069770259724 15 1.55532482354477 0.150748281661772 0.151069770259724 15 0.980718992385208 0.0912384707773549 0.151069770259724 4.64 4.64 "simulation3" 2.02151778372614 0.709250253742427
"115" 16 2.25108158736523 0.187550238487893 0.133186612590642 16 1.69054217457949 0.135215560886194 0.133186612590642 16 1.03460684503643 0.101936129396794 0.133186612590642 4.64 4.64 "simulation3" 2.06428029854062 0.778002944715355
"116" 17 2.4137902869714 0.167028147801536 0.117419627028285 17 1.80367051743725 0.134724044799265 0.117419627028285 17 1.07045789513119 0.0971823008791104 0.117419627028285 4.64 4.64 "simulation3" 2.19358291500788 0.853239611078309
"117" 18 2.5652483096027 0.173413974274601 0.103518973941723 18 1.91818442911896 0.151602114746056 0.103518973941723 18 1.09914814481404 0.117967174725572 0.103518973941723 4.64 4.64 "simulation3" 2.33671091294916 1.02336182514524
"118" 19 2.65873296596202 0.139665654903075 0.0912638873869924 19 1.98131487360628 0.127099957887749 0.0912638873869924 19 1.1204308285619 0.111084292956758 0.0912638873869924 4.64 4.64 "simulation3" 2.51754696832679 1.13343656621981
"119" 20 2.72765238152024 0.182987998673662 0.0804596041637695 20 2.0035176352425 0.152058356743147 0.0804596041637695 20 1.13604564515323 0.134789758084151 0.0804596041637695 4.64 4.64 "simulation3" 2.61988620009046 1.12454655071499
"120" 21 2.79721726472804 0.173264486487226 0.0709343831955975 21 2.01947136062463 0.147574275190155 0.0709343831955975 21 1.14513845144619 0.105300787779957 0.0709343831955975 4.64 4.64 "simulation3" 2.6685670720245 1.21426884776353
"121" 22 2.85636359924348 0.216078002834457 0.0625368057937424 22 2.01842831305095 0.156000978666014 0.0625368057937424 22 1.14977335219334 0.0981450320689889 0.0625368057937424 4.64 4.64 "simulation3" 2.78178418062811 1.23670447373866
"122" 23 2.91269854245526 0.206958667130849 0.0551333765690959 23 2.01403449588542 0.162337543068706 0.0551333765690959 23 1.15428658812758 0.115399666046357 0.0551333765690959 4.64 4.64 "simulation3" 2.77242108634144 1.19432396476145
"123" 24 2.89788438004306 0.153544691678395 0.0486064033658349 24 2.00576186933104 0.129035213945396 0.0486064033658349 24 1.15869103514273 0.0943893263811396 0.0486064033658349 4.64 4.64 "simulation3" 2.7632721311127 1.20392163982627
"124" 25 2.87752540399567 0.213695821343095 0.0428521268637604 25 1.99694568448369 0.154632073072196 0.0428521268637604 25 1.16300815347825 0.107751614921466 0.0428521268637604 4.64 4.64 "simulation3" 3.02808793033936 0.935582867858808
"125" 26 2.85587080134787 0.110184417518577 0.0377790712613652 26 1.9881716697364 0.0905688205118562 0.0377790712613652 26 1.16725439924065 0.0527768615678934 0.0377790712613652 4.64 4.64 "simulation3" 2.8818535287082 0.874469496488337
"126" 27 2.83362990703488 0.11152360171622 0.0333065901222423 27 1.97950701662908 0.0867143188338311 0.0333065901222423 27 1.17143366683785 0.0559028701356246 0.0333065901222423 4.64 4.64 "simulation3" 2.78894712473872 0.828284801463111
"127" 28 2.8117365318809 0.102566566658752 0.0293635843476394 28 1.9709776372919 0.0782203081414603 0.0293635843476394 28 1.17554738087457 0.0590744549846636 0.0293635843476394 4.64 4.64 "simulation3" 2.7517481456206 0.924963271656993
"128" 29 2.79018539952243 0.0820658799363715 0.0258873719156931 29 1.96258169705193 0.0713453597913145 0.0258873719156931 29 1.17959697683328 0.0523091843054155 0.0258873719156931 4.64 4.64 "simulation3" 2.70261771067057 0.860014985658003
"129" 30 2.76897154155178 0.11061234130003 0.0228226914250888 30 1.95431712278195 0.0895217733584039 0.0228226914250888 30 1.18358321838621 0.0748941379116543 0.0228226914250888 4.64 4.64 "simulation3" 2.67338198537428 0.846451789049764
"130" 31 2.748089785216 0.0937162519344324 0.0201208236039174 31 1.94618185884601 0.0856910289617832 0.0201208236039174 31 1.18750709010475 0.0801923592162528 0.0201208236039174 4.64 4.64 "simulation3" 2.62069923021826 0.866785010349176
"131" 32 2.7275350130504 0.110557507221784 0.0177388168187245 32 1.93817388120705 0.0970819975130753 0.0177388168187245 32 1.19136956766752 0.0791800928445914 0.0177388168187245 4.64 4.64 "simulation3" 2.54714920752749 0.978011448163957
"132" 33 2.70730174779176 0.10035518872745 0.015638804271759 33 1.93029119882651 0.0963334873542198 0.015638804271759 33 1.19517161169645 0.0923607762876231 0.015638804271759 4.64 4.64 "simulation3" 2.45693498015609 1.00599931095154
"133" 34 2.68738505860523 0.123540223139895 0.0137874020319227 34 1.92253185119005 0.106894054578058 0.0137874020319227 34 1.19891416778933 0.0946216133966318 0.0137874020319227 4.64 4.64 "simulation3" 2.33878375012554 0.914023532451965
"134" 35 2.66777998940687 0.128473957037042 0.0121551783299149 35 1.91489390864551 0.104210373670196 0.0121551783299149 35 1.20259816669576 0.0916362163166163 0.0121551783299149 4.64 4.64 "simulation3" 2.21533288303773 0.932661689169836
"135" 36 2.64848166504134 0.113203047688125 0.0107161856809531 36 1.90737546978492 0.103030357239387 0.0107161856809531 36 1.20622452462763 0.0943943927543245 0.0107161856809531 4.64 4.64 "simulation3" 2.0234628522738 0.814904503510639
"136" 37 2.6294852889863 0.116181078083759 0.00944754839721607 37 1.89997466710769 0.0978661504394998 0.00944754839721607 37 1.20979414345828 0.0885874196514448 0.00944754839721607 4.64 4.64 "simulation3" 1.91809717726298 0.831700016999295
"137" 38 2.61078613629807 0.115592101579545 0.00832909893269055 38 1.89268965985345 0.102508891196753 0.00832909893269055 38 1.21330791094478 0.095648129472506 0.00832909893269055 4.64 4.64 "simulation3" 1.75494979657448 0.718679688836167
"138" 39 2.59237955624621 0.103713116335615 0.0073430572793879 39 1.88551863604307 0.0941910596471432 0.0073430572793879 39 1.21676670095463 0.0858237952218606 0.0073430572793879 4.64 4.64 "simulation3" 1.55253514933684 0.634895295918801
"139" 40 2.57426097115319 0.100797237699933 0.0064737483182894 40 1.87845981225591 0.092075352130212 0.0064737483182894 40 1.22017137368214 0.0816591627688281 0.0064737483182894 4.64 4.64 "simulation3" 1.45497081705201 0.627067825920754
"140" 41 2.55642587496245 0.0756063919617005 0.00570735263174311 41 1.8715114329904 0.0603819482724517 0.00570735263174311 41 1.22352277586059 0.0514535030749178 0.00570735263174311 4.64 4.64 "simulation3" 1.34726913816993 0.575572203012442
"141" 42 2.53886983212022 0.0855590026326114 0.00503168681597313 42 1.864671770186 0.0717319986668986 0.00503168681597313 42 1.22682174097462 0.0612517121131262 0.00503168681597313 4.64 4.64 "simulation3" 1.2463776753338 0.562897752043223
"142" 43 2.52158847647283 0.082558993189644 0.00443600980132628 43 1.85793912282482 0.0784053553821775 0.00443600980132628 43 1.23006908947574 0.0713050279918516 0.00443600980132628 4.64 4.64 "simulation3" 1.13786957966205 0.467308655264264
"143" 44 2.50457751018095 0.0871007590765709 0.003910852101326 44 1.8513118165147 0.0722128184667189 0.003910852101326 44 1.23326562897444 0.048674288688883 0.003910852101326 4.64 4.64 "simulation3" 1.03545080665698 0.402844824337318
"144" 45 2.48783270266463 0.0850199463230255 0.00344786527610313 45 1.84478820305796 0.0637155550935639 0.00344786527610313 45 1.23641215444253 0.0381636565601177 0.00344786527610313 4.64 4.64 "simulation3" 0.926728814183155 0.396893886596851
"145" 46 2.47134988953026 0.0787431147337532 0.00303968921712152 46 1.83836666004464 0.0699303331448217 0.00303968921712152 46 1.23950944841462 0.0621061879668489 0.00303968921712152 4.64 4.64 "simulation3" 0.776037917655404 0.473585566055154
"146" 47 2.45512497150897 0.102196966613105 0.00267983514342179 47 1.83204559044949 0.0622565310781185 0.00267983514342179 47 1.24255828118171 0.0369883786899701 0.00267983514342179 4.64 4.64 "simulation3" 0.783714438638206 0.400142602083436
"147" 48 2.43915391349103 0.0959288486206308 0.00236258244937261 48 1.82582342223481 0.0621871965800513 0.00236258244937261 48 1.24555941098256 0.0308833600955385 0.00236258244937261 4.64 4.64 "simulation3" 0.654360264933501 0.392191812932168
"148" 0 0 0 0.001 0 0 0 0.001 0 0 0 0.001 10 10 "simulation4" 0 0
"149" 1 0.0224429397075374 0.0607837785434625 0.002943666652518 1 0.0224429397075196 0.0202612595144875 0.002943666652518 1 0.0224429397075196 0 0.002943666652518 10 10 "simulation4" 0 0
"150" 2 0.0445347169933826 0.182707676417465 0.00861797995267028 2 0.044534099908159 0.0858901989469786 0.00861797995267028 2 0.0445343433387763 0 0.00861797995267028 10 10 "simulation4" 0 0
"151" 3 0.066908560807011 0.372843200442646 0.0247831176104602 3 0.0662981519977117 0.265669564873911 0.0247831176104602 3 0.0662796287412998 0.152144104373743 0.0247831176104602 10 10 "simulation4" 0.00627303321200568 0.00949943987396587
"152" 4 0.441187472411752 0.473111354042335 0.0674034111507033 4 0.265069951225673 0.353084577426577 0.0674034111507033 4 0.121396290417795 0.23317366579356 0.0674034111507033 10 10 "simulation4" 0.14372342630689 0.131159607904373
"153" 5 0.901724766659814 0.392684659254958 0.157609898831033 5 0.633167964705115 0.325337025467516 0.157609898831033 5 0.385707711905768 0.247750417721365 0.157609898831033 10 10 "simulation4" 0.800088194209058 0.367008125087328
"154" 6 1.29454699439535 0.470146358958251 0.274443319709444 6 0.947709486024649 0.350265415910845 0.274443319709444 6 0.626555473155038 0.251849943498205 0.274443319709444 10 10 "simulation4" 1.64987948735504 0.641717361384522
"155" 7 1.66232575835061 0.450262965899764 0.341431345547393 7 1.2317646869314 0.347943471271896 0.341431345547393 7 0.839008649286301 0.253042634334167 0.341431345547393 10 10 "simulation4" 2.39034435430121 0.882031435938008
"156" 8 1.98537990105971 0.425173864944775 0.3431684902918 8 1.48064003679594 0.309422052601147 0.3431684902918 8 1.02106486741046 0.204923205730849 0.3431684902918 10 10 "simulation4" 2.93359058461596 1.05242302481654
"157" 9 2.31622971446217 0.4558462557759 0.315755903204502 9 1.71477564522452 0.30437001326199 0.315755903204502 9 1.16263172891989 0.156941702423703 0.315755903204502 10 10 "simulation4" 3.26781884380278 1.2444268281401
"158" 10 2.64752785257756 0.398260731815917 0.282055855422312 10 1.94821268116697 0.287968743346608 0.282055855422312 10 1.31104233295316 0.206918754234733 0.282055855422312 10 10 "simulation4" 3.52524056087594 1.38513214782606
"159" 11 2.95108893982663 0.372927137889498 0.249650938710811 11 2.18280994865923 0.289349087798751 0.249650938710811 11 1.4932139604238 0.215754612325634 0.249650938710811 10 10 "simulation4" 3.82479311825282 1.4595719490279
"160" 12 3.25529258006349 0.376794312876343 0.220357129071387 12 2.41995602755569 0.279505683168223 0.220357129071387 12 1.66873442520985 0.191073307214598 0.220357129071387 10 10 "simulation4" 3.95708117615518 1.55420941270928
"161" 13 3.57310900041953 0.382979681474372 0.194339016468906 13 2.66596609521512 0.294708356251378 0.194339016468906 13 1.86343127977215 0.242497689485295 0.194339016468906 10 10 "simulation4" 4.20453207659278 1.65283347328173
"162" 14 3.89202664079134 0.368866607051076 0.171350320298136 14 2.91283271440489 0.272508341056153 0.171350320298136 14 2.05630393712936 0.181690385366219 0.171350320298136 10 10 "simulation4" 4.47398095099211 1.72678382148399
"163" 15 4.21412318758223 0.380586920909026 0.151069770259724 15 3.15141778105376 0.273908181608189 0.151069770259724 15 2.22547891860187 0.197859564614498 0.151069770259724 10 10 "simulation4" 4.64223978676273 1.68078814193904
"164" 16 4.54231792872953 0.373062548741232 0.133186612590642 16 3.3955743829662 0.276093491869211 0.133186612590642 16 2.41896489088667 0.219038702719992 0.133186612590642 10 10 "simulation4" 4.76753178849765 1.87647624946478
"165" 17 4.86685736089847 0.369314805579704 0.117419627028285 17 3.6355765653072 0.263573055649263 0.117419627028285 17 2.61786238534046 0.208270019159791 0.117419627028285 10 10 "simulation4" 4.98270986209109 1.80871436625169
"166" 18 5.17986841850972 0.349887245470322 0.103518973941723 18 3.86840144248898 0.261133661732278 0.103518973941723 18 2.80948532071637 0.206608310700096 0.103518973941723 10 10 "simulation4" 5.24718749710271 2.09335383667174
"167" 19 5.48482618615707 0.354655970837622 0.0912638873869924 19 4.09341136222641 0.249979598345556 0.0912638873869924 19 2.9789960951181 0.182149341438805 0.0912638873869924 10 10 "simulation4" 5.52697253191044 2.21092493723737
"168" 20 5.80185229114119 0.365986953269813 0.0804596041637695 20 4.31630313659582 0.258168165642022 0.0804596041637695 20 3.12488899548987 0.198931967713196 0.0804596041637695 10 10 "simulation4" 5.84497359798877 2.36311074553034
"169" 21 6.09294691808755 0.316111755862517 0.0709343831955975 21 4.51004915483678 0.22698202232709 0.0709343831955975 21 3.22312462608934 0.181247516066703 0.0709343831955975 10 10 "simulation4" 5.86790119323173 2.29596858353864
"170" 22 6.377333554883 0.358453992380167 0.0625368057937424 22 4.68089111205937 0.259826619306451 0.0625368057937424 22 3.26052702607391 0.196986636083292 0.0625368057937424 10 10 "simulation4" 5.95916304409095 2.42347758349522
"171" 23 6.67119805060798 0.338038799432732 0.0551333765690959 23 4.82165978088176 0.244932553384751 0.0551333765690959 23 3.25419327729883 0.167752230120274 0.0551333765690959 10 10 "simulation4" 5.97180516211372 2.42521448929071
"172" 24 6.91543071395588 0.327411996604368 0.0486064033658349 24 4.85189450293337 0.23989556867834 0.0486064033658349 24 3.22999452591183 0.189649968246658 0.0486064033658349 10 10 "simulation4" 6.11980475149995 2.41307205671116
"173" 25 7.06456488907719 0.317282344628224 0.0428521268637604 25 4.82246585087683 0.227239268557091 0.0428521268637604 25 3.20352632616051 0.16017502036272 0.0428521268637604 10 10 "simulation4" 6.44330208781268 1.92642062537745
"174" 26 7.11544565689961 0.332194569255725 0.0377790712613652 26 4.77307730473277 0.206903823082854 0.0377790712613652 26 3.17590928694127 0.132346790690548 0.0377790712613652 10 10 "simulation4" 6.27554937326443 2.01453518096882
"175" 27 7.12901704068014 0.357600474623206 0.0333065901222423 27 4.72133289272529 0.20180903585827 0.0333065901222423 27 3.14866314696298 0.1144856928167 0.0333065901222423 10 10 "simulation4" 6.16950952322848 1.91985614516104
"176" 28 7.08449436504057 0.338229537437856 0.0293635843476394 28 4.67001257621159 0.196543125138237 0.0293635843476394 28 3.12184099516504 0.116721245572374 0.0293635843476394 10 10 "simulation4" 6.07323919390603 1.9012491432745
"177" 29 7.00377797946593 0.327157659684645 0.0258873719156931 29 4.61942388886993 0.211295533152721 0.0258873719156931 29 3.09543785736159 0.115489236536716 0.0258873719156931 10 10 "simulation4" 6.13005135967372 2.01344846549091
"178" 30 6.92050393839265 0.373804992928412 0.0228226914250888 30 4.56961679514896 0.226817735721325 0.0228226914250888 30 3.06944840166214 0.115932245628888 0.0228226914250888 10 10 "simulation4" 5.92905453449087 1.85308140625193
"179" 31 6.83699821138802 0.362860638983448 0.0201208236039174 31 4.5205720586528 0.219410291126179 0.0201208236039174 31 3.04386435985622 0.104327823380077 0.0201208236039174 10 10 "simulation4" 5.92062325421457 1.90428619752966
"180" 32 6.75290041866758 0.351352834923692 0.0177388168187245 32 4.47228642675092 0.229485865479068 0.0177388168187245 32 3.01868196126147 0.138977069016747 0.0177388168187245 10 10 "simulation4" 5.91720287891462 2.03925595336229
"181" 33 6.66982128197867 0.370008217274859 0.015638804271759 33 4.42475590415631 0.247203261278762 0.015638804271759 33 2.99389332825041 0.14431232492651 0.015638804271759 10 10 "simulation4" 5.65434037443385 1.8590563393717
"182" 34 6.58795491433705 0.350332797010647 0.0137874020319227 34 4.37796818026158 0.231128937151326 0.0137874020319227 34 2.96949254512942 0.154884586392478 0.0137874020319227 10 10 "simulation4" 5.68575164510275 1.97196118800309
"183" 35 6.50732661749261 0.329299423134227 0.0121551783299149 35 4.33191173675811 0.238437368235838 0.0121551783299149 35 2.945473538626 0.157684267409136 0.0121551783299149 10 10 "simulation4" 5.30013622024821 1.66769980035151
"184" 36 6.42795464369136 0.299088708662117 0.0107161856809531 36 4.28657596174586 0.20782189748247 0.0107161856809531 36 2.92183033596911 0.107999817043403 0.0107161856809531 10 10 "simulation4" 5.01230482527038 1.4583427840022
"185" 37 6.34982376479807 0.308478288986567 0.00944754839721607 37 4.24194946393444 0.187895361836163 0.00944754839721607 37 2.89855706288101 0.102977468619384 0.00944754839721607 10 10 "simulation4" 4.80200812332306 1.41249707969745
"186" 38 6.27291511036983 0.303597321653808 0.00832909893269055 38 4.19802121042097 0.188640465360215 0.00832909893269055 38 2.87564793128755 0.109829711885636 0.00832909893269055 10 10 "simulation4" 4.59975244921751 1.34252842780316
"187" 39 6.19720976555821 0.2722983256245 0.0073430572793879 39 4.1547802740078 0.170759795723135 0.0073430572793879 39 2.8530972428993 0.112089116930291 0.0073430572793879 10 10 "simulation4" 4.33226374354631 1.25356736961934
"188" 40 6.12268892064511 0.248806059776218 0.0064737483182894 40 4.11221590071663 0.162159185254606 0.0064737483182894 40 2.83089938945209 0.0997949933702328 0.0064737483182894 10 10 "simulation4" 4.01724432033804 1.12708198124864
"189" 41 6.04933405167652 0.249880893763838 0.00570735263174311 41 4.07031749664942 0.155674067099995 0.00570735263174311 41 2.80904885038258 0.0794021034680154 0.00570735263174311 10 10 "simulation4" 3.77601756464593 1.08442959696127
"190" 42 5.97712691528656 0.26498106268974 0.00503168681597313 42 4.02907464097573 0.171369311365031 0.00503168681597313 42 2.78754019150419 0.118949194253067 0.00503168681597313 10 10 "simulation4" 3.56998932899162 1.01287895520341
"191" 43 5.90604955429232 0.260111929844964 0.00443600980132628 43 3.98847708587317 0.168131104163307 0.00443600980132628 43 2.76636806365533 0.103281060266624 0.00443600980132628 10 10 "simulation4" 3.34764110420971 1.01113752329743
"192" 44 5.83608428237515 0.22438709498108 0.003910852101326 44 3.94851473350788 0.154501005996289 0.003910852101326 44 2.74552720137355 0.113534643450943 0.003910852101326 10 10 "simulation4" 3.21114446490834 1.04603554796956
"193" 45 5.76721370055845 0.238789609281595 0.00344786527610313 45 3.90917764428312 0.157536641834092 0.00344786527610313 45 2.7250124215648 0.100044557860341 0.00344786527610313 10 10 "simulation4" 3.04249752053526 1.0301550217385
"194" 46 5.69942069214318 0.246542087229663 0.00303968921712152 46 3.87045603513724 0.147529541812525 0.00303968921712152 46 2.70481862229572 0.0977729772418852 0.00303968921712152 10 10 "simulation4" 2.86801791160122 0.929978419934994
"195" 47 5.6326883948667 0.219271715524796 0.00267983514342179 47 3.83234027616387 0.144572802097643 0.00267983514342179 47 2.68494078136731 0.0886108269911772 0.00267983514342179 10 10 "simulation4" 2.65831046358765 0.799147694281032
"196" 48 5.56700021144053 0.235666699345188 0.00236258244937261 48 3.7948208879754 0.140687870995367 0.00236258244937261 48 2.66537395518052 0.0852698103583442 0.00236258244937261 10 10 "simulation4" 2.46442958847301 0.757086411697925
"197" 0 0 0 0.001 0 0 0 0.001 0 0 0 0.001 21.54 21.54 "simulation5" 0 0
"198" 1 0.0224429397482566 0.104654688008527 0.002943666652518 1 0.0224429397076322 0.0366339428906286 0.002943666652518 1 0.0224429397075196 0 0.002943666652518 21.54 21.54 "simulation5" 0 0
"199" 2 0.0445335172661924 0.367451661388981 0.00861797995267028 2 0.0445347112884141 0.223012189845269 0.00861797995267028 2 0.044534342966721 0 0.00861797995267028 21.54 21.54 "simulation5" 0 0
"200" 3 0.138881175523801 0.620880844981966 0.0247831176104602 3 0.0730668742370337 0.468352591143862 0.0247831176104602 3 0.0662797347204897 0.171034230490242 0.0247831176104602 21.54 21.54 "simulation5" 0.0338132986498772 0.0585663512330875
"201" 4 0.909582319800347 0.74635984335774 0.0674034111507033 4 0.602777164872219 0.56550056509414 0.0674034111507033 4 0.144547104061659 0.25636706322934 0.0674034111507033 21.54 21.54 "simulation5" 0.393230211997937 0.368585120521221
"202" 5 1.68464428922162 0.737453112165406 0.157609898831033 5 1.19491913335216 0.555047683455826 0.157609898831033 5 0.43401795694358 0.26880637176138 0.157609898831033 21.54 21.54 "simulation5" 1.51092999698926 0.899724186688359
"203" 6 2.34784701245857 0.739949544307975 0.274443319709444 6 1.69369072243002 0.54397204419254 0.274443319709444 6 0.682934496343927 0.24819914699139 0.274443319709444 21.54 21.54 "simulation5" 2.9241101288341 1.4221049802107
"204" 7 2.89506659584441 0.681006503798797 0.341431345547393 7 2.10800826802742 0.517162380836096 0.341431345547393 7 0.882958230186533 0.229953541028597 0.341431345547393 21.54 21.54 "simulation5" 4.10778408619745 1.78035495688982
"205" 8 3.36992170315125 0.647676660831118 0.3431684902918 8 2.47486297535658 0.489408293666207 0.3431684902918 8 1.04817131457321 0.191534644491434 0.3431684902918 21.54 21.54 "simulation5" 5.13397191970085 2.04833423769619
"206" 9 3.83026807348709 0.629252239443689 0.315755903204502 9 2.8251423521176 0.468481524749902 0.315755903204502 9 1.19818684189436 0.187052756296054 0.315755903204502 21.54 21.54 "simulation5" 5.93821056968013 2.37276655690255
"207" 10 4.28951937527813 0.60729494416619 0.282055855422312 10 3.17950597806288 0.467023722012623 0.282055855422312 10 1.35312464191122 0.192322836989668 0.282055855422312 21.54 21.54 "simulation5" 6.49647492448945 2.57551513047598
"208" 11 4.75693476699216 0.60613932449045 0.249650938710811 11 3.54501252833096 0.463628658374516 0.249650938710811 11 1.52502006807217 0.212591762367844 0.249650938710811 21.54 21.54 "simulation5" 7.1668773067693 2.80009674326885
"209" 12 5.22427583964842 0.573589704602683 0.220357129071387 12 3.91231455099699 0.449407904988171 0.220357129071387 12 1.70567921895108 0.205351589405953 0.220357129071387 21.54 21.54 "simulation5" 7.53335216542156 2.97640231277276
"210" 13 5.69129510576456 0.581355708804417 0.194339016468906 13 4.29045248318852 0.465243260973155 0.194339016468906 13 1.90841933180812 0.250434655633655 0.194339016468906 21.54 21.54 "simulation5" 7.89196356491902 2.98729116786109
"211" 14 6.1560742700396 0.548132558088041 0.171350320298136 14 4.66973410318831 0.436680693463705 0.171350320298136 14 2.13517945587176 0.245408377439804 0.171350320298136 21.54 21.54 "simulation5" 8.57989481915642 3.31168540819675
"212" 15 6.60107236276242 0.532006120580676 0.151069770259724 15 5.0351230125784 0.431389960287991 0.151069770259724 15 2.35424630577114 0.237688490362318 0.151069770259724 21.54 21.54 "simulation5" 9.11570088748821 3.58116570314356
"213" 16 7.05061267735622 0.544376613054427 0.133186612590642 16 5.41619989181468 0.454350602125211 0.133186612590642 16 2.59782041199848 0.284003712781087 0.133186612590642 21.54 21.54 "simulation5" 9.68029925473301 3.57134121258244
"214" 17 7.50910566843418 0.537605488350991 0.117419627028285 17 5.79798530044453 0.426403668487082 0.117419627028285 17 2.84507266117122 0.243041088951547 0.117419627028285 21.54 21.54 "simulation5" 10.0528168161527 3.60697172383212
"215" 18 7.94049205634154 0.493689601775001 0.103518973941723 18 6.15487212456358 0.408750683624288 0.103518973941723 18 3.07481651128413 0.255118403703495 0.103518973941723 21.54 21.54 "simulation5" 10.6265679198192 3.87389373164702
"216" 19 8.35310713770962 0.502822840896757 0.0912638873869924 19 6.506568579625 0.413390823310952 0.0912638873869924 19 3.3170213996461 0.257870830630348 0.0912638873869924 21.54 21.54 "simulation5" 11.159733716764 4.05347012089007
"217" 20 8.78290757329652 0.516895567057488 0.0804596041637695 20 6.8598857016147 0.40854582902651 0.0804596041637695 20 3.51134537912868 0.197196696204105 0.0804596041637695 21.54 21.54 "simulation5" 11.5124274976628 4.28732438147376
"218" 21 9.19553112389044 0.474679577300453 0.0709343831955975 21 7.19460447018926 0.381943495291965 0.0709343831955975 21 3.68211778636588 0.245659205268471 0.0709343831955975 21.54 21.54 "simulation5" 11.9389145052774 4.54571741855107
"219" 22 9.57727018135635 0.466155256332123 0.0625368057937424 22 7.5063294984157 0.371053281487982 0.0625368057937424 22 3.83368622185166 0.216099088877316 0.0625368057937424 21.54 21.54 "simulation5" 12.5920244630052 5.1437512672776
"220" 23 9.94711901353123 0.450951744510968 0.0551333765690959 23 7.79861582242482 0.354271921040461 0.0551333765690959 23 3.90057011376932 0.236953065473044 0.0551333765690959 21.54 21.54 "simulation5" 12.7809980648022 5.52273310396039
"221" 24 10.2698187924407 0.397750489376932 0.0486064033658349 24 8.03659623712105 0.327430915779089 0.0486064033658349 24 3.92710920268672 0.235788715158902 0.0486064033658349 21.54 21.54 "simulation5" 12.9174015298119 5.40812087076541
"222" 25 10.5475872586703 0.40087580505203 0.0428521268637604 25 8.22367536392781 0.34737483917878 0.0428521268637604 25 3.96733524826627 0.296069357885099 0.0428521268637604 21.54 21.54 "simulation5" 13.4660693459236 3.75543142315684
"223" 26 10.634772482284 0.304888569720635 0.0377790712613652 26 8.23169342686293 0.26489572584342 0.0377790712613652 26 3.96772938382964 0.235508129589131 0.0377790712613652 21.54 21.54 "simulation5" 13.4772416000138 3.77726586453922
"224" 27 10.5211609512895 0.30777244671627 0.0333065901222423 27 8.13342633308948 0.275309622084329 0.0333065901222423 27 3.93055681890267 0.247324381838516 0.0333065901222423 21.54 21.54 "simulation5" 13.6348985529665 3.97202464533124
"225" 28 10.3906939135081 0.308782822040399 0.0293635843476394 28 8.03252983359936 0.282874364270114 0.0293635843476394 28 3.892982462848 0.260740408092331 0.0293635843476394 21.54 21.54 "simulation5" 13.8510095205706 4.48298670932542
"226" 29 10.2659158209946 0.399200282357385 0.0258873719156931 29 7.93164272619294 0.313342168103505 0.0258873719156931 29 3.85504880165589 0.25464367254439 0.0258873719156931 21.54 21.54 "simulation5" 13.9608562854051 4.46844376451167
"227" 30 10.1404069990301 0.36104024152153 0.0228226914250888 30 7.83117679484526 0.306281211817083 0.0228226914250888 30 3.81733990556094 0.268654862382003 0.0228226914250888 21.54 21.54 "simulation5" 13.81064319666 4.05145578413122
"228" 31 10.0060841200993 0.378496120569438 0.0201208236039174 31 7.73138689418394 0.31364557912288 0.0201208236039174 31 3.78011317719058 0.259361142481504 0.0201208236039174 21.54 21.54 "simulation5" 13.7756216350691 4.21932900818736
"229" 32 9.87324336483559 0.413628361022596 0.0177388168187245 32 7.63304468961507 0.350883488756342 0.0177388168187245 32 3.74343564668462 0.303745423130532 0.0177388168187245 21.54 21.54 "simulation5" 13.7365810949879 4.48891073366873
"230" 33 9.74181590455412 0.404126670473263 0.015638804271759 33 7.53616991310816 0.347971256978912 0.015638804271759 33 3.70734025828281 0.318211010569414 0.015638804271759 21.54 21.54 "simulation5" 13.6133798207235 4.53571818109501
"231" 34 9.61195470559323 0.385703037399489 0.0137874020319227 34 7.44072027293231 0.337665139444283 0.0137874020319227 34 3.67178588558067 0.310476009271963 0.0137874020319227 21.54 21.54 "simulation5" 13.5204512459945 3.87033016129612
"232" 35 9.48403590892733 0.405869715515942 0.0121551783299149 35 7.34674756090492 0.347418028847618 0.0121551783299149 35 3.63678072404124 0.313683478660984 0.0121551783299149 21.54 21.54 "simulation5" 13.1277332707793 3.54786105489707
"233" 36 9.35809936785998 0.400961672617019 0.0107161856809531 36 7.25424337079944 0.352681310054224 0.0107161856809531 36 3.60232207028962 0.324798661344191 0.0107161856809531 21.54 21.54 "simulation5" 13.1724883570503 3.6293708880444
"234" 37 9.23412461213196 0.440430214107178 0.00944754839721607 37 7.16318466878927 0.352254542660499 0.00944754839721607 37 3.56840190389873 0.299304741023852 0.00944754839721607 21.54 21.54 "simulation5" 12.8622559170394 3.34272096340332
"235" 38 9.1120873411592 0.419148398407201 0.00832909893269055 38 7.07355008884246 0.338253049408998 0.00832909893269055 38 3.53501218551381 0.256019136716963 0.00832909893269055 21.54 21.54 "simulation5" 12.5071268809975 3.17144146562474
"236" 39 8.9919573423654 0.355043212659889 0.0073430572793879 39 6.9853177843228 0.325976304934343 0.0073430572793879 39 3.50214488645435 0.269687099277655 0.0073430572793879 21.54 21.54 "simulation5" 12.3030693362664 3.4724805316974
"237" 40 8.87371012869609 0.379803033127183 0.0064737483182894 40 6.8984659632776 0.326812583866264 0.0064737483182894 40 3.46979184224725 0.278429816402498 0.0064737483182894 21.54 21.54 "simulation5" 11.8313829260869 3.21966001422641
"238" 41 8.75731196380975 0.356882185165025 0.00570735263174311 41 6.81297304224617 0.317471663785717 0.00570735263174311 41 3.43794500293966 0.287370824746778 0.00570735263174311 21.54 21.54 "simulation5" 11.6135519245232 3.15121909028045
"239" 42 8.64273498702243 0.334043374885801 0.00503168681597313 42 6.72881776612461 0.299908705873086 0.00503168681597313 42 3.40659644857829 0.273817644001401 0.00503168681597313 21.54 21.54 "simulation5" 11.2877938305957 3.03300387468587
"240" 43 8.52995071624706 0.293671761334559 0.00443600980132628 43 6.64597920872485 0.276132384564277 0.00443600980132628 43 3.37573838302704 0.254580079932427 0.00443600980132628 21.54 21.54 "simulation5" 10.8893389904205 3.24397113507582
"241" 44 8.41893107493746 0.309618399407728 0.003910852101326 44 6.56443676854514 0.275752865067735 0.003910852101326 44 3.34536312511656 0.247000977917545 0.003910852101326 21.54 21.54 "simulation5" 10.3607032788304 2.7477101444358
"242" 45 8.30964848675076 0.293572430708019 0.00344786527610313 45 6.48417016621012 0.280202552392664 0.00344786527610313 45 3.31546312871451 0.273483771296654 0.00344786527610313 21.54 21.54 "simulation5" 10.1231790149967 3.11814142887969
"243" 46 8.20207577018755 0.300097678485573 0.00303968921712152 46 6.40515943958301 0.278000720131072 0.00303968921712152 46 3.28603095769825 0.235055267377593 0.00303968921712152 21.54 21.54 "simulation5" 9.73023734009164 2.83577998799829
"244" 47 8.0961861691101 0.300240010450398 0.00267983514342179 47 6.32738493889067 0.264309182412566 0.00267983514342179 47 3.25705929145352 0.226059450617505 0.00267983514342179 21.54 21.54 "simulation5" 9.33299506313566 2.71921638309954
"245" 48 7.99195334899247 0.27707686142775 0.00236258244937261 48 6.25082732165916 0.263047134335576 0.00236258244937261 48 3.22854092472565 0.239544076542789 0.00236258244937261 21.54 21.54 "simulation5" 9.0978021937771 2.7641417100564
"246" 0 0 0 0.001 0 0 0 0.001 0 0 0 0.001 46.42 46.42 "simulation6" 0 0
"247" 1 0.0224429361114743 0.14471220772125 0.002943666652518 1 0.0224429498289332 0.0764441780590757 0.002943666652518 1 0.0224429397159488 0 0.002943666652518 46.42 46.42 "simulation6" 0 0
"248" 2 0.0445887347626249 0.788461960018966 0.00861797995267028 2 0.0445406580451481 0.627351090993471 0.00861797995267028 2 0.0445335027764087 0.345208285232765 0.00861797995267028 46.42 46.42 "simulation6" 0 0
"249" 3 0.817798939522372 1.25360298648923 0.0247831176104602 3 0.560790134054657 1.04296045143719 0.0247831176104602 3 0.221972683511392 0.725186750235258 0.0247831176104602 46.42 46.42 "simulation6" 0.0569269355099884 0.0479660233701341
"250" 4 2.29077173788167 1.35562148593711 0.0674034111507033 4 1.79247531242027 1.12540736502041 0.0674034111507033 4 1.08311728188658 0.782300809248145 0.0674034111507033 46.42 46.42 "simulation6" 0.623763650651029 0.24849103139657
"251" 5 3.65976523115957 1.32821048902885 0.157609898831033 5 2.91616378138905 1.06672811057582 0.157609898831033 5 1.86309334228971 0.71873792663363 0.157609898831033 46.42 46.42 "simulation6" 1.94026634889855 0.412819664175413
"252" 6 4.85489915338467 1.39533144734259 0.274443319709444 6 3.86988958873325 1.10223269958212 0.274443319709444 6 2.48869264213331 0.69273944495003 0.274443319709444 46.42 46.42 "simulation6" 3.32679570005374 0.406816023922139
"253" 7 5.88734702719175 1.33578080017207 0.341431345547393 7 4.6924082746672 1.0677301600239 0.341431345547393 7 3.0301016059311 0.720997806191208 0.341431345547393 46.42 46.42 "simulation6" 4.74655469454402 0.454498876583343
"254" 8 6.77318826331168 1.20830120581622 0.3431684902918 8 5.41363489130743 0.989064929688634 0.3431684902918 8 3.52736039355607 0.665576508115998 0.3431684902918 46.42 46.42 "simulation6" 5.84678408628349 0.515850265391
"255" 9 7.62603824920023 1.22497008768497 0.315755903204502 9 6.107737225312 0.978096209186499 0.315755903204502 9 3.998016115211 0.648599816008654 0.315755903204502 46.42 46.42 "simulation6" 6.8814820762994 0.675258236302821
"256" 10 8.4937352934937 1.15777340078944 0.282055855422312 10 6.81872844509006 0.961747983216363 0.282055855422312 10 4.48294213744336 0.654765765124463 0.282055855422312 46.42 46.42 "simulation6" 7.8150646116004 0.695163882981719
"257" 11 9.33792121175497 1.09775542040607 0.249650938710811 11 7.52900793808503 0.916859973912971 0.249650938710811 11 4.98194445562013 0.640078135698234 0.249650938710811 46.42 46.42 "simulation6" 8.60199621706655 0.775521447636802
"258" 12 10.1416666930831 1.01045910718133 0.220357129071387 12 8.22569767728894 0.884240273421664 0.220357129071387 12 5.48842977913289 0.639471491676863 0.220357129071387 46.42 46.42 "simulation6" 9.14432804322422 1.05968687173459
"259" 13 10.916715695664 0.992459644809337 0.194339016468906 13 8.92015626745888 0.872156676303722 0.194339016468906 13 6.01215694063156 0.64852552539484 0.194339016468906 46.42 46.42 "simulation6" 9.68746127815137 0.995216136927029
"260" 14 11.7034514442894 0.99305371360909 0.171350320298136 14 9.61929843243792 0.863124266356648 0.171350320298136 14 6.54966177149059 0.648222640877429 0.171350320298136 46.42 46.42 "simulation6" 10.6361983797979 1.36969280214484
"261" 15 12.4910273076152 0.968497556639921 0.151069770259724 15 10.3215978523493 0.857507269880342 0.151069770259724 15 7.10325108534812 0.665946475731108 0.151069770259724 46.42 46.42 "simulation6" 11.2262574505417 1.5680249526376
"262" 16 13.2718338289944 0.961736329125672 0.133186612590642 16 11.0343476851833 0.866734928864056 0.133186612590642 16 7.677451728066 0.678268071315547 0.133186612590642 46.42 46.42 "simulation6" 11.6984750503231 1.23775724326839
"263" 17 14.0465730543134 0.943071840736504 0.117419627028285 17 11.7563113356533 0.862871442281964 0.117419627028285 17 8.2801696861827 0.709720682337437 0.117419627028285 46.42 46.42 "simulation6" 12.3502086605714 1.33966284536315
"264" 18 14.8091227738681 0.936136860733631 0.103518973941723 18 12.4705924603817 0.851749329820763 0.103518973941723 18 8.90023817183132 0.71112872900741 0.103518973941723 46.42 46.42 "simulation6" 12.8695210176094 1.36659010696999
"265" 19 15.6065553140264 0.996253957910111 0.0912638873869924 19 13.2137836209678 0.908721236327504 0.0912638873869924 19 9.55848474679744 0.784746740725448 0.0912638873869924 46.42 46.42 "simulation6" 13.295134866877 1.43928513037128
"266" 20 16.4172420256008 0.955377976536014 0.0804596041637695 20 13.9801583140712 0.887756310203104 0.0804596041637695 20 10.2575664327189 0.773617525630261 0.0804596041637695 46.42 46.42 "simulation6" 13.9703837273635 1.53225221011007
"267" 21 17.177412317595 0.915334072867787 0.0709343831955975 21 14.7018513636275 0.839049627044047 0.0709343831955975 21 10.9077726692074 0.710497700778371 0.0709343831955975 46.42 46.42 "simulation6" 14.4247094998172 1.94056686971529
"268" 22 17.9102775725654 0.910785192035288 0.0625368057937424 22 15.3981356856532 0.846045788971104 0.0625368057937424 22 11.5300385628029 0.727349618919051 0.0625368057937424 46.42 46.42 "simulation6" 14.7930254389282 2.0999185337931
"269" 23 18.6524591927775 0.931128325295238 0.0551333765690959 23 16.0941325378907 0.838994062882256 0.0551333765690959 23 12.1491876248643 0.707363508659694 0.0551333765690959 46.42 46.42 "simulation6" 15.6041650778341 2.53809411862752
"270" 24 19.3851729677414 0.902441164568437 0.0486064033658349 24 16.7700126080645 0.823353452439274 0.0486064033658349 24 12.7538108719288 0.708945311525787 0.0486064033658349 46.42 46.42 "simulation6" 15.5957377780511 2.52102246909651
"271" 25 20.0988302563318 0.912734962535189 0.0428521268637604 25 17.4624913015237 0.87084361405934 0.0428521268637604 25 13.4096111272608 0.80716433071778 0.0428521268637604 46.42 46.42 "simulation6" 16.8999108434211 1.97199808377312
"272" 26 20.8411293109636 0.960210400777701 0.0377790712613652 26 18.1529656300392 0.829515622636163 0.0377790712613652 26 14.0730363767581 0.722858543018205 0.0377790712613652 46.42 46.42 "simulation6" 17.1476533568284 2.13512025999314
"273" 27 21.6303632949906 1.00314822405451 0.0333065901222423 27 18.8176925209288 0.845192277141349 0.0333065901222423 27 14.6556992081175 0.694274879705917 0.0333065901222423 46.42 46.42 "simulation6" 17.4392266027898 2.02695288064679
"274" 28 22.4476380165948 1.01861222378056 0.0293635843476394 28 19.5094734567575 0.881527554504794 0.0293635843476394 28 15.2147852301669 0.697165945651496 0.0293635843476394 46.42 46.42 "simulation6" 17.6288115711602 2.26825553554273
"275" 29 23.226843064549 0.96320705204427 0.0258873719156931 29 20.2053711926359 0.870045593816087 0.0258873719156931 29 15.7562750006429 0.70259199996297 0.0258873719156931 46.42 46.42 "simulation6" 18.1726438199984 2.1404247945496
"276" 30 23.9870337808646 1.00682100914414 0.0228226914250888 30 20.8837569861275 0.881474904102213 0.0228226914250888 30 16.2509625909151 0.712824224210918 0.0228226914250888 46.42 46.42 "simulation6" 18.5973216243901 2.50372572657665
"277" 31 24.7559181910575 0.999760933550983 0.0201208236039174 31 21.5197347267651 0.865865907327728 0.0201208236039174 31 16.6454034155513 0.728929950407558 0.0201208236039174 46.42 46.42 "simulation6" 18.9409708276083 2.72923591004149
"278" 32 25.4600339833831 0.977965096500837 0.0177388168187245 32 22.0633077082443 0.884212773295483 0.0177388168187245 32 16.8681715935801 0.742687442607772 0.0177388168187245 46.42 46.42 "simulation6" 19.2540007111726 2.6669740099573
"279" 33 25.9653770961032 0.937878922313269 0.015638804271759 33 22.397618928522 0.868501557454955 0.015638804271759 33 16.8607405026868 0.731966526306834 0.015638804271759 46.42 46.42 "simulation6" 19.1754522287044 2.50095748934528
"280" 34 26.1742145255759 0.961270017448842 0.0137874020319227 34 22.4114185545181 0.868685437835591 0.0137874020319227 34 16.6816376624939 0.694378556975373 0.0137874020319227 46.42 46.42 "simulation6" 19.0990705512113 2.99960910246919
"281" 35 26.1366129374765 0.979486280068057 0.0121551783299149 35 22.2240360928608 0.877346252164613 0.0121551783299149 35 16.4603264636407 0.730460842672005 0.0121551783299149 46.42 46.42 "simulation6" 19.2706370249023 2.59008824644228
"282" 36 25.9105616398592 0.996082777630627 0.0107161856809531 36 21.9534425614762 0.896762106850639 0.0107161856809531 36 16.232592311156 0.734958882822486 0.0107161856809531 46.42 46.42 "simulation6" 19.3758397846217 3.00541782609685
"283" 37 25.5758910348237 0.954967288595707 0.00944754839721607 37 21.64992988696 0.878586773691384 0.00944754839721607 37 16.0034300271102 0.744833356561381 0.00944754839721607 46.42 46.42 "simulation6" 19.2873740950125 2.85377353548097
"284" 38 25.2090179304096 0.957947039961866 0.00832909893269055 38 21.3378779565446 0.871396930061917 0.00832909893269055 38 15.7760924155269 0.706249683297591 0.00832909893269055 46.42 46.42 "simulation6" 19.2936714197428 3.07722860347374
"285" 39 24.8403011129973 0.954056200975974 0.0073430572793879 39 21.0275732353133 0.858967006482916 0.0073430572793879 39 15.5517982995005 0.694992127162308 0.0073430572793879 46.42 46.42 "simulation6" 19.1718517492292 3.04144940525364
"286" 40 24.4749436300681 0.937999193539888 0.0064737483182894 40 20.7212697182426 0.839615978284942 0.0064737483182894 40 15.330944554984 0.671052804279691 0.0064737483182894 46.42 46.42 "simulation6" 19.3253396596399 2.79612336404573
"287" 41 24.1146855967988 0.954836405438558 0.00570735263174311 41 20.4195735311754 0.872951101203787 0.00570735263174311 41 15.1135224934209 0.711175879140107 0.00570735263174311 46.42 46.42 "simulation6" 19.4499411970048 3.02913710253217
"288" 42 23.7598968440059 0.935919045986032 0.00503168681597313 42 20.1225509784607 0.827146338795024 0.00503168681597313 42 14.8994972482814 0.626597299677871 0.00503168681597313 46.42 46.42 "simulation6" 19.5398916676962 3.28690472635773
"289" 43 23.4105997591857 0.947173274230364 0.00443600980132628 43 19.8301535054696 0.830592992547502 0.00443600980132628 43 14.6888178583872 0.618784949050382 0.00443600980132628 46.42 46.42 "simulation6" 19.1642479519386 3.20585110909286
"290" 44 23.0667578406815 0.906808981376855 0.003910852101326 44 19.5423286709875 0.803104321034085 0.003910852101326 44 14.4814348679133 0.600273337741818 0.003910852101326 46.42 46.42 "simulation6" 19.3716275661987 3.3140332322213
"291" 45 22.7282914689516 0.9241360540975 0.00344786527610313 45 19.2590062591171 0.801111974145461 0.00344786527610313 45 14.2772965300324 0.585476259106773 0.00344786527610313 46.42 46.42 "simulation6" 19.6131243494835 3.04103787760359
"292" 46 22.3951209023551 0.974330311615933 0.00303968921712152 46 18.9801166763793 0.83137495077809 0.00303968921712152 46 14.0763521786888 0.60815325554897 0.00303968921712152 46.42 46.42 "simulation6" 19.4952940221315 3.18183966890258
"293" 47 22.0671629612121 0.926863183188115 0.00267983514342179 47 18.7055906381012 0.803627685051563 0.00267983514342179 47 13.8785518611069 0.600421590498403 0.00267983514342179 46.42 46.42 "simulation6" 18.9003780123802 3.30816220439349
"294" 48 21.7443360318346 0.928878208418928 0.00236258244937261 48 18.4353598939883 0.811526024363722 0.00236258244937261 48 13.6838463860884 0.603057676478832 0.00236258244937261 46.42 46.42 "simulation6" 19.1886815120079 3.20112904472647
