"time" "Srxn1_max" "NRF2_max" "Fraction_X_max" "time2" "Srxn1_mean" "NRF2_mean" "Fraction_X_mean" "time3" "Srxn1_min" "NRF2_min" "Fraction_X_min" "dose1" "dose2" "Simulation" "SRXN1_observed" "SRXN1_SD"
"1" 0 0 0 0.001 0 0 0 0.001 0 0 0 0.001 1 1 "simulation1" 0 0
"2" 1 0.0224429397075214 0.155143413731501 0.002943666652518 1 0.0224429397075196 0.077456474442253 0.002943666652518 1 0.0224429397075196 0.0327705029620649 0.002943666652518 1 1 "simulation1" 0.000140475016591202 0.000243309865930042
"3" 2 0.0445343431092234 0.122510918146088 0.00861797995267028 2 0.0445343434766114 0.0638467617620027 0.00861797995267028 2 0.0445343434779264 0.015663552052956 0.00861797995267028 1 1 "simulation1" 0 0
"4" 3 0.0662808442753128 0.127748892819921 0.0247831176104602 3 0.0662808148371108 0.0769294526358063 0.0247831176104602 3 0.0662807960982912 0.03842589214063 0.0247831176104602 1 1 "simulation1" 0 0
"5" 4 0.0888466366724059 0.156325379527633 0.0674034111507033 4 0.0876878744442348 0.0824689570894906 0.0674034111507033 4 0.087686358054727 0.0364225392506602 0.0674034111507033 1 1 "simulation1" 0.000500748064606066 0.000867321089689489
"6" 5 0.243274737340401 0.179753301723332 0.157609898831033 5 0.122543941117004 0.0943137318555057 0.157609898831033 5 0.108774632623321 0.0467396158395975 0.157609898831033 1 1 "simulation1" 0.0142619807332477 0.0161229975235784
"7" 6 0.411599574140073 0.149950757924022 0.274443319709444 6 0.216478140002785 0.0789847594976047 0.274443319709444 6 0.131178420856964 0.0391455121769322 0.274443319709444 1 1 "simulation1" 0.0646830175775451 0.0439033298990573
"8" 7 0.533694589051963 0.124692053990885 0.341431345547393 7 0.285882935659937 0.0549304872603967 0.341431345547393 7 0.152187126400078 0.01131767709486 0.341431345547393 1 1 "simulation1" 0.107274793500007 0.0856060864007934
"9" 8 0.641615166830806 0.130096323350021 0.3431684902918 8 0.347381030259621 0.072184693131797 0.3431684902918 8 0.172247215170119 0.011279983705608 0.3431684902918 1 1 "simulation1" 0.20085513611343 0.1700362744614
"10" 9 0.785958792133764 0.210948728744419 0.315755903204502 9 0.448554395172548 0.14019274105291 0.315755903204502 9 0.202271362249224 0.0508043428362157 0.315755903204502 1 1 "simulation1" 0.322563104446921 0.265085432953759
"11" 10 0.933482230959874 0.12602518794926 0.282055855422312 10 0.54804002210378 0.0689344079082957 0.282055855422312 10 0.234299467005053 0.0237012505337086 0.282055855422312 1 1 "simulation1" 0.254179283732334 0.240141337261004
"12" 11 1.04141897425598 0.123424457357792 0.249650938710811 11 0.609559616324806 0.0630432762888777 0.249650938710811 11 0.253078284450713 0.0144392339156661 0.249650938710811 1 1 "simulation1" 0.25704474247161 0.24787889495843
"13" 12 1.17546287821498 0.165150224030949 0.220357129071387 12 0.683310351956298 0.0889474228400002 0.220357129071387 12 0.271561458180077 0.0151826630451524 0.220357129071387 1 1 "simulation1" 0.259135184915528 0.236559779587553
"14" 13 1.31061673167921 0.120217763646601 0.194339016468906 13 0.762013416864744 0.0755641299094263 0.194339016468906 13 0.289758226154987 0.0307206914163027 0.194339016468906 1 1 "simulation1" 0.252676410392377 0.223067072478369
"15" 14 1.4123747198017 0.105585160613844 0.171350320298136 14 0.802543999143895 0.0713218982673225 0.171350320298136 14 0.307695432139284 0.039730262248308 0.171350320298136 1 1 "simulation1" 0.231911405138669 0.207150799183072
"16" 15 1.52292067389765 0.130544756586773 0.151069770259724 15 0.825491901617391 0.0744164860642684 0.151069770259724 15 0.325339038017547 0.0338322948121381 0.151069770259724 1 1 "simulation1" 0.236447301059835 0.185953616165615
"17" 16 1.60049873419071 0.0902304415255729 0.133186612590642 16 0.84084345193949 0.0745452304001687 0.133186612590642 16 0.342695989063784 0.0431830097308231 0.133186612590642 1 1 "simulation1" 0.23704924554226 0.181111834835722
"18" 17 1.62916079605014 0.113568470543919 0.117419627028285 17 0.853483266667556 0.0844128226366214 0.117419627028285 17 0.359789535157133 0.0505656978663634 0.117419627028285 1 1 "simulation1" 0.246832682963561 0.183241669187422
"19" 18 1.67173859350975 0.118440347105796 0.103518973941723 18 0.864401673260852 0.0802944307646577 0.103518973941723 18 0.37660887205176 0.0315859299475847 0.103518973941723 1 1 "simulation1" 0.25914316881007 0.177270227068517
"20" 19 1.68207174577811 0.105581474157575 0.0912638873869924 19 0.873741351935202 0.0828894593198487 0.0912638873869924 19 0.39315930468239 0.0461937055743058 0.0912638873869924 1 1 "simulation1" 0.26703020123641 0.214088642793498
"21" 20 1.68037233049873 0.107287113645715 0.0804596041637695 20 0.88266267185873 0.081359660384277 0.0804596041637695 20 0.409450905491564 0.0452993351461989 0.0804596041637695 1 1 "simulation1" 0.286911854630456 0.226315439486581
"22" 21 1.67701594398972 0.0980690937931095 0.0709343831955975 21 0.89132024621297 0.0748306906812384 0.0709343831955975 21 0.425487336882741 0.0383600508184013 0.0709343831955975 1 1 "simulation1" 0.265018437286327 0.237047711470198
"23" 22 1.67352705099245 0.123880034662166 0.0625368057937424 22 0.899822206354398 0.0813548966380911 0.0625368057937424 22 0.441272452127003 0.0326867532644359 0.0625368057937424 1 1 "simulation1" 0.282961760754787 0.251873160827526
"24" 23 1.67007958526167 0.120564525392288 0.0551333765690959 23 0.908189705025535 0.0817342505323118 0.0551333765690959 23 0.456810741525672 0.0320982112899888 0.0551333765690959 1 1 "simulation1" 0.297895758378141 0.263401837734726
"25" 24 1.66649036922181 0.130921180953685 0.0486064033658349 24 0.916423527810353 0.0754143478496615 0.0486064033658349 24 0.47210591428434 0.0231978071526316 0.0486064033658349 1 1 "simulation1" 0.315200964087692 0.277276128992288
"26" 25 1.66289136688707 0.113415942586457 0.0428521268637604 25 0.92452779355616 0.0760338707635576 0.0428521268637604 25 0.487161774059495 0.0339201077855181 0.0428521268637604 1 1 "simulation1" 0.315612076726627 0.274953007379777
"27" 26 1.65931835307231 0.102777425885219 0.0377790712613652 26 0.932505121108253 0.0697291540263547 0.0377790712613652 26 0.501982069009082 0.00542669072510193 0.0377790712613652 1 1 "simulation1" 0.322994455470266 0.288577466687032
"28" 27 1.65579918825102 0.11551957506582 0.0333065901222423 27 0.940357604091001 0.0689225914447176 0.0333065901222423 27 0.516570480256417 0.0157654699997026 0.0333065901222423 1 1 "simulation1" 0.290600627207233 0.26869571487231
"29" 28 1.65233491359735 0.12022288014529 0.0293635843476394 28 0.948087168276156 0.068896275777377 0.0293635843476394 28 0.530930636369748 0.00318089945983108 0.0293635843476394 1 1 "simulation1" 0.308582238521445 0.277681984115544
"30" 29 1.64892462319959 0.115507835283743 0.0258873719156931 29 0.95569578271483 0.0659994123136619 0.0258873719156931 29 0.545066109107262 0.00678557689332687 0.0258873719156931 1 1 "simulation1" 0.272605904527187 0.245878405314723
"31" 30 1.64556757526442 0.0916051778721669 0.0228226914250888 30 0.963185205228766 0.0587364504204057 0.0228226914250888 30 0.558980413931536 0.0115494786553153 0.0228226914250888 1 1 "simulation1" 0.247482927895294 0.219351374480464
"32" 31 1.64226303203049 0.0928348602977269 0.0201208236039174 31 0.970557490165577 0.0602353941654729 0.0201208236039174 31 0.57267701127519 0.0248858222014819 0.0201208236039174 1 1 "simulation1" 0.256332489304771 0.233332905288249
"33" 32 1.639010236381 0.104811988864696 0.0177388168187245 32 0.977814425934091 0.0690732561214546 0.0177388168187245 32 0.586159307479899 0.0142063213005483 0.0177388168187245 1 1 "simulation1" 0.236267707029909 0.21809117673518
"34" 0 0 0 0.001 0 0 0 0.001 0 0 0 0.001 2.15 2.15 "simulation2" 0 0
"35" 1 0.0224429397075644 0.171541272645725 0.002943666652518 1 0.0224429397075196 0.0646656129222227 0.002943666652518 1 0.0224429397075196 0 0.002943666652518 2.15 2.15 "simulation2" 0 0
"36" 2 0.0445343266290167 0.172533411260367 0.00861797995267028 2 0.0445343434758963 0.0659241987964593 0.00861797995267028 2 0.0445343434779266 0 0.00861797995267028 2.15 2.15 "simulation2" 0 0
"37" 3 0.0662812585680643 0.180028395330241 0.0247831176104602 3 0.0662808509623191 0.0805624414867262 0.0247831176104602 3 0.0662807960947709 0 0.0247831176104602 2.15 2.15 "simulation2" 0.000806585228684868 0.00139704659671675
"38" 4 0.105322058202468 0.207445054782323 0.0674034111507033 4 0.087691156118785 0.0908531734607023 0.0674034111507033 4 0.0876861412079386 0 0.0674034111507033 2.15 2.15 "simulation2" 0.00878247591809778 0.0152116945063955
"39" 5 0.328601270054162 0.211635273648129 0.157609898831033 5 0.119147310237405 0.0891095498372791 0.157609898831033 5 0.108756749162416 0 0.157609898831033 2.15 2.15 "simulation2" 0.0407482501010965 0.0530024858023781
"40" 6 0.533044641090702 0.204194369297461 0.274443319709444 6 0.212298519921606 0.0891904780105807 0.274443319709444 6 0.129497678684857 0 0.274443319709444 2.15 2.15 "simulation2" 0.133617179348608 0.0393643936138802
"41" 7 0.700134847128423 0.18728120543568 0.341431345547393 7 0.300751933327119 0.0883053449835636 0.341431345547393 7 0.149914092042366 0 0.341431345547393 2.15 2.15 "simulation2" 0.258761841201545 0.0296866894799898
"42" 8 0.854559532950903 0.197366082628918 0.3431684902918 8 0.383424102963155 0.0868376176242947 0.3431684902918 8 0.170011067309439 0 0.3431684902918 2.15 2.15 "simulation2" 0.336838060646382 0.0520518671256229
"43" 9 1.0183160292643 0.205985901562618 0.315755903204502 9 0.469474788915312 0.0946600225929848 0.315755903204502 9 0.189793598068552 0 0.315755903204502 2.15 2.15 "simulation2" 0.520057202412291 0.167081885078543
"44" 10 1.19135690739524 0.207555892144585 0.282055855422312 10 0.554854991825137 0.0816431127964903 0.282055855422312 10 0.209266604834128 0 0.282055855422312 2.15 2.15 "simulation2" 0.492255599096282 0.181108425438277
"45" 11 1.36428845988636 0.194924814093018 0.249650938710811 11 0.639023795373111 0.08796812972321 0.249650938710811 11 0.228434931003092 0 0.249650938710811 2.15 2.15 "simulation2" 0.545692737019015 0.201894902385819
"46" 12 1.53459936735806 0.193033715470126 0.220357129071387 12 0.721083745127845 0.0778581062608251 0.220357129071387 12 0.247303343702065 0 0.220357129071387 2.15 2.15 "simulation2" 0.531293265018779 0.186244078858351
"47" 13 1.70949880440521 0.196758817186125 0.194339016468906 13 0.796251164710345 0.0844600340978433 0.194339016468906 13 0.265876535429475 0 0.194339016468906 2.15 2.15 "simulation2" 0.546668707133306 0.208573287731524
"48" 14 1.89365666814743 0.204423049099979 0.171350320298136 14 0.872967944071207 0.089050304024032 0.171350320298136 14 0.284159125337056 0 0.171350320298136 2.15 2.15 "simulation2" 0.540877969166141 0.216922536840609
"49" 15 2.07576072951685 0.18796611270832 0.151069770259724 15 0.93037621490477 0.0842617432648291 0.151069770259724 15 0.30215566028494 0 0.151069770259724 2.15 2.15 "simulation2" 0.537782704987112 0.244212100738378
"50" 16 2.23992578078353 0.170376036028582 0.133186612590642 16 0.947165654954063 0.066759819302211 0.133186612590642 16 0.319870615965904 0 0.133186612590642 2.15 2.15 "simulation2" 0.542913884502368 0.247612570589063
"51" 17 2.40185513195879 0.181916034413706 0.117419627028285 17 0.955913863105971 0.0773289390982043 0.117419627028285 17 0.337308398053818 0 0.117419627028285 2.15 2.15 "simulation2" 0.562722882197323 0.258943352787661
"52" 18 2.56093366036565 0.170017550308387 0.103518973941723 18 0.964162331327421 0.0745464086899109 0.103518973941723 18 0.354473343291135 0 0.103518973941723 2.15 2.15 "simulation2" 0.583952369662516 0.283411197122133
"53" 19 2.67784086522501 0.158483865812423 0.0912638873869924 19 0.971701108103828 0.0774044913994623 0.0912638873869924 19 0.371369720566334 0.0053740039948138 0.0912638873869924 2.15 2.15 "simulation2" 0.579213611483686 0.286896738023511
"54" 20 2.77181318108981 0.180237185407735 0.0804596041637695 20 0.97906818815113 0.0854309764578298 0.0804596041637695 20 0.388001731975564 0 0.0804596041637695 2.15 2.15 "simulation2" 0.598001350250353 0.313382857300621
"55" 21 2.8596060265366 0.184413479089595 0.0709343831955975 21 0.986230910230078 0.0715479664580791 0.0709343831955975 21 0.404373513867698 0 0.0709343831955975 2.15 2.15 "simulation2" 0.614781233670376 0.326633049854944
"56" 22 2.86973984534058 0.153336119527665 0.0625368057937424 22 0.993244607170395 0.0682893730419046 0.0625368057937424 22 0.420489137873035 0 0.0625368057937424 2.15 2.15 "simulation2" 0.573466643711765 0.341565478047488
"57" 23 2.84872607237831 0.129307199975498 0.0551333765690959 23 1.0001469863702 0.0541821271084986 0.0551333765690959 23 0.436352611915898 0 0.0551333765690959 2.15 2.15 "simulation2" 0.576880842645211 0.352438786064376
"58" 24 2.82706741053401 0.160718317210774 0.0486064033658349 24 1.00694108325756 0.0690490705986148 0.0486064033658349 24 0.451967881211453 0 0.0486064033658349 2.15 2.15 "simulation2" 0.620256449839568 0.344473507057678
"59" 25 2.80560481084891 0.146239273901796 0.0428521268637604 25 1.01362893403032 0.0625590053020899 0.0428521268637604 25 0.467338829247041 0 0.0428521268637604 2.15 2.15 "simulation2" 0.614452979973702 0.348593988947598
"60" 26 2.78422818714655 0.161355934539645 0.0377790712613652 26 1.020212102625 0.0634328128712944 0.0377790712613652 26 0.482469278747326 0 0.0377790712613652 2.15 2.15 "simulation2" 0.602382256617745 0.329283355020518
"61" 27 2.76312803768647 0.130042212196916 0.0333065901222423 27 1.02669226279572 0.0503690598234254 0.0333065901222423 27 0.497362992625484 0 0.0333065901222423 2.15 2.15 "simulation2" 0.590358874258508 0.380631798742827
"62" 28 2.74234069023254 0.149610760594485 0.0293635843476394 28 1.03307083283324 0.0498702535314951 0.0293635843476394 28 0.512023674919192 0 0.0293635843476394 2.15 2.15 "simulation2" 0.597486444875793 0.419415303656017
"63" 29 2.72187820970458 0.145104474335732 0.0258873719156931 29 1.03934966499564 0.049766684794385 0.0258873719156931 29 0.526454971711664 0 0.0258873719156931 2.15 2.15 "simulation2" 0.547398723597057 0.378813893156341
"64" 30 2.70173378026632 0.145476880370826 0.0228226914250888 30 1.04553025773425 0.048492293456942 0.0228226914250888 30 0.540660472038329 0 0.0228226914250888 2.15 2.15 "simulation2" 0.520952451866768 0.364286856445498
"65" 31 2.68190431101105 0.153348907391564 0.0201208236039174 31 1.05161414701721 0.0511163024638548 0.0201208236039174 31 0.554643708779477 0 0.0201208236039174 2.15 2.15 "simulation2" 0.520929275501428 0.399245510988713
"66" 32 2.66238504549874 0.163028369584741 0.0177388168187245 32 1.05760284738755 0.0543427898615802 0.0177388168187245 32 0.568408159538874 0 0.0177388168187245 2.15 2.15 "simulation2" 0.522875399544982 0.394822139079144
"67" 0 0 0 0.001 0 0 0 0.001 0 0 0 0.001 4.64 4.64 "simulation3" 0 0
"68" 1 0.0224429397079522 0.20684364642563 0.002943666652518 1 0.0224429397075196 0.0726848913689258 0.002943666652518 1 0.0224429397075196 0 0.002943666652518 4.64 4.64 "simulation3" 0.0080494812398744 0.013942110482035
"69" 2 0.0445347240877033 0.213906623270914 0.00861797995267028 2 0.044534342146737 0.0935488768850993 0.00861797995267028 2 0.0445343434779266 0 0.00861797995267028 4.64 4.64 "simulation3" 0.0108449391999533 0.0187839856993144
"70" 3 0.0664063779990101 0.317013711649083 0.0247831176104602 3 0.0662808878182142 0.153685876337039 0.0247831176104602 3 0.0662807979768543 0 0.0247831176104602 4.64 4.64 "simulation3" 0.0123091582464833 0.0191472966324043
"71" 4 0.293262630876715 0.358308360540043 0.0674034111507033 4 0.0975837179410147 0.193602620363339 0.0674034111507033 4 0.0876866752239036 0.080083495116174 0.0674034111507033 4.64 4.64 "simulation3" 0.0390057966558906 0.0341421221729663
"72" 5 0.67884358871956 0.354634509805266 0.157609898831033 5 0.293912647285169 0.18544919046863 0.157609898831033 5 0.108772997834103 0.0402322580950332 0.157609898831033 4.64 4.64 "simulation3" 0.153084918575951 0.0701104537340481
"73" 6 0.994841979926552 0.324091011154856 0.274443319709444 6 0.474594717792451 0.177369720476689 0.274443319709444 6 0.142631732543261 0.059504647212117 0.274443319709444 4.64 4.64 "simulation3" 0.438552168238439 0.0814265985814832
"74" 7 1.26321523263163 0.34276444811013 0.341431345547393 7 0.621602910931461 0.160293162622917 0.341431345547393 7 0.185049364685244 0.03129575325385 0.341431345547393 4.64 4.64 "simulation3" 0.736074870106011 0.0664141908650196
"75" 8 1.51486322353779 0.323115497457103 0.3431684902918 8 0.754576283941158 0.164245342992032 0.3431684902918 8 0.221450858396839 0.0472161746738571 0.3431684902918 4.64 4.64 "simulation3" 0.956271055836711 0.0798779532581358
"76" 9 1.77391990205654 0.354166783608128 0.315755903204502 9 0.896977579471994 0.17695334815211 0.315755903204502 9 0 0.001311908531902 0.315755903204502 4.64 4.64 "simulation3" 1.27209850488531 0.200107060002495
"77" 10 2.04068876315903 0.321615653846936 0.282055855422312 10 1.03314645403936 0.143201393403686 0.282055855422312 10 0 0 0.282055855422312 4.64 4.64 "simulation3" 1.23346898141705 0.159821736808357
"78" 11 2.30553567937314 0.330816817079732 0.249650938710811 11 1.16783083051602 0.165323478598624 0.249650938710811 11 0 0.0259462658258052 0.249650938710811 4.64 4.64 "simulation3" 1.25665153356185 0.209190697211288
"79" 12 2.57262275342599 0.307621121469469 0.220357129071387 12 1.31766456130769 0.164468013986824 0.220357129071387 12 0 0.0505596060586941 0.220357129071387 4.64 4.64 "simulation3" 1.31241141928154 0.177785881597394
"80" 13 2.82869370261842 0.29550580005631 0.194339016468906 13 1.46080540871329 0.14801784154734 0.194339016468906 13 0 0.0225284605762099 0.194339016468906 4.64 4.64 "simulation3" 1.32309532504346 0.222779931819696
"81" 14 3.07289004456311 0.275822138595808 0.171350320298136 14 1.60001924407846 0.152473312308615 0.171350320298136 14 0 0.0394291783610907 0.171350320298136 4.64 4.64 "simulation3" 1.35088482242209 0.241307844999057
"82" 15 3.32643907922282 0.304380527340687 0.151069770259724 15 1.74327292593666 0.151869905194766 0.151069770259724 15 0 0.0145070663873492 0.151069770259724 4.64 4.64 "simulation3" 1.40142134538055 0.312506978531117
"83" 16 3.58631321874839 0.281383048514855 0.133186612590642 16 1.88288597816935 0.147202983772162 0.133186612590642 16 0 0.0456121492204749 0.133186612590642 4.64 4.64 "simulation3" 1.45403548748369 0.362347550767206
"84" 17 3.83189614505775 0.274828743598298 0.117419627028285 17 2.01521225404105 0.146787583322641 0.117419627028285 17 0 0.022420612863802 0.117419627028285 4.64 4.64 "simulation3" 1.51233243332764 0.434817990834785
"85" 18 4.05720317529532 0.242131671221185 0.103518973941723 18 2.12096058136318 0.137797199308739 0.103518973941723 18 0 0.0440084220427872 0.103518973941723 4.64 4.64 "simulation3" 1.53755344973338 0.456007278886045
"86" 19 4.26369405423593 0.245076213927279 0.0912638873869924 19 2.17138543207748 0.13617086553821 0.0912638873869924 19 0 0.0305778946881099 0.0912638873869924 4.64 4.64 "simulation3" 1.56426966410938 0.478674575051659
"87" 20 4.49765217384255 0.285622303876964 0.0804596041637695 20 2.19528361068898 0.144930992802584 0.0804596041637695 20 0 0.0278266963528617 0.0804596041637695 4.64 4.64 "simulation3" 1.61354601197358 0.513190688995667
"88" 21 4.72528526782745 0.24860533034787 0.0709343831955975 21 2.19382458560299 0.126470023915444 0.0709343831955975 21 0 0.0303020511897993 0.0709343831955975 4.64 4.64 "simulation3" 1.63787399481032 0.57428970686127
"89" 22 4.93779309129541 0.284237700735679 0.0625368057937424 22 2.18519341294143 0.150698392835573 0.0625368057937424 22 0 0.040734882803221 0.0625368057937424 4.64 4.64 "simulation3" 1.68362450330461 0.646063813857754
"90" 23 5.13844988565037 0.266635894310109 0.0551333765690959 23 2.17524861449972 0.132564418421165 0.0551333765690959 23 0 0.0119319117368732 0.0551333765690959 4.64 4.64 "simulation3" 1.67242495210278 0.677074884038654
"91" 24 5.16977140949599 0.216269115130543 0.0486064033658349 24 2.16375019098071 0.110784853063754 0.0486064033658349 24 0 0 0.0486064033658349 4.64 4.64 "simulation3" 1.6825652729302 0.706770126095703
"92" 25 5.11872426810461 0.207426257981152 0.0428521268637604 25 2.15234556185714 0.109703718388802 0.0428521268637604 25 0 0.00182666488587202 0.0428521268637604 4.64 4.64 "simulation3" 1.61150722392736 0.654481395242275
"93" 26 5.06464181443435 0.233549129899347 0.0377790712613652 26 2.14111698698336 0.130055000262538 0.0377790712613652 26 0 0.020275285406403 0.0377790712613652 4.64 4.64 "simulation3" 1.61015152673592 0.70976036852472
"94" 27 5.00958664222304 0.222423925367303 0.0333065901222423 27 2.13006287065511 0.121823903460986 0.0333065901222423 27 0 0.0122999721320081 0.0333065901222423 4.64 4.64 "simulation3" 1.56688615147752 0.726613542071636
"95" 28 4.95423135764203 0.246592893110837 0.0293635843476394 28 2.11917820884376 0.125128035440637 0.0293635843476394 28 0 0 0.0293635843476394 4.64 4.64 "simulation3" 1.57791793556238 0.76335274725848
"96" 29 4.89950549827108 0.247333102052713 0.0258873719156931 29 2.10846370446494 0.13102632486772 0.0258873719156931 29 0 0.00937867460385455 0.0258873719156931 4.64 4.64 "simulation3" 1.45983133099399 0.67530639518392
"97" 30 4.84536685415085 0.23395613049192 0.0228226914250888 30 2.09791670233403 0.118971769292067 0.0228226914250888 30 0 0.0179374909900889 0.0228226914250888 4.64 4.64 "simulation3" 1.4436299883208 0.702966676234512
"98" 31 4.79200294492132 0.221623643472199 0.0201208236039174 31 2.08753463382627 0.111411427013927 0.0201208236039174 31 0 0.00749301637965516 0.0201208236039174 4.64 4.64 "simulation3" 1.37190604572483 0.729939326485692
"99" 32 4.7394717412594 0.256736091429809 0.0177388168187245 32 2.07731500895076 0.126384873285264 0.0177388168187245 32 0 0.0152437360816943 0.0177388168187245 4.64 4.64 "simulation3" 1.31374535259713 0.694177750944926
"100" 0 0 0 0.001 0 0 0 0.001 0 0 0 0.001 10 10 "simulation4" 0 0
"101" 1 0.0224429397109632 0.167320839381387 0.002943666652518 1 0.0224429397075212 0.0630159612740486 0.002943666652518 1 0.0224429397075196 0 0.002943666652518 10 10 "simulation4" 0.00832857883958134 0.0144255217049979
"102" 2 0.0445347125925703 0.279142548350122 0.00861797995267028 2 0.0445347311043433 0.144005805310133 0.00861797995267028 2 0.0445343393594755 0.057649121864001 0.00861797995267028 10 10 "simulation4" 0.00891017226657314 0.0154328710698958
"103" 3 0.0724239554775097 0.460119686419095 0.0247831176104602 3 0.0663380769644536 0.296900736635416 0.0247831176104602 3 0.0662811249707745 0.179670931491318 0.0247831176104602 10 10 "simulation4" 0.00952406587603753 0.01649616599193
"104" 4 0.570810615564671 0.53154002621355 0.0674034111507033 4 0.280073559059479 0.350847840765616 0.0674034111507033 4 0.108298974265468 0.210191626326274 0.0674034111507033 10 10 "simulation4" 0.0473828990287026 0.0433471273911628
"105" 5 1.0930637229488 0.455253100607829 0.157609898831033 5 0.640488622248098 0.313090081787464 0.157609898831033 5 0.328591284206868 0.200228511375583 0.157609898831033 10 10 "simulation4" 0.276031255866859 0.105624618889858
"106" 6 1.50973119219216 0.467176178251971 0.274443319709444 6 0.929595003099804 0.305727723905986 0.274443319709444 6 0.515632111742583 0.176770885416222 0.274443319709444 10 10 "simulation4" 0.81838442819272 0.208060906690336
"107" 7 1.87904661373211 0.472975076525264 0.341431345547393 7 1.17296593349631 0.295681841255065 0.341431345547393 7 0.655167627350509 0.14848701417116 0.341431345547393 10 10 "simulation4" 1.42607302295367 0.364054136616656
"108" 8 2.22509484631118 0.464053795874912 0.3431684902918 8 1.40576054920229 0.311949290541612 0.3431684902918 8 0.798515574155355 0.199007816633812 0.3431684902918 10 10 "simulation4" 1.91975759720396 0.465361571074987
"109" 9 2.54384446790537 0.400393892321972 0.315755903204502 9 1.62623220414307 0.263162882687821 0.315755903204502 9 0.934574530437299 0.128918538754547 0.315755903204502 10 10 "simulation4" 2.4782276009732 0.538202441399788
"110" 10 2.85645177986951 0.426101616954564 0.282055855422312 10 1.84180481344579 0.286291768100671 0.282055855422312 10 1.05111983336243 0.148805788616138 0.282055855422312 10 10 "simulation4" 2.57486226461205 0.572853372553962
"111" 11 3.19723582438788 0.436701481287718 0.249650938710811 11 2.08288659990769 0.300760196852556 0.249650938710811 11 1.18430515743343 0.154954823414315 0.249650938710811 10 10 "simulation4" 2.77913427334954 0.679007413000595
"112" 12 3.57487014187201 0.479063456245593 0.220357129071387 12 2.34282055768359 0.312476587326983 0.220357129071387 12 1.33633332339893 0.182677404944624 0.220357129071387 10 10 "simulation4" 2.88827967633251 0.735620602920097
"113" 13 3.95047320455014 0.414975996221753 0.194339016468906 13 2.60694023472542 0.297274359319591 0.194339016468906 13 1.50531953053287 0.180673334916125 0.194339016468906 10 10 "simulation4" 2.95032064399022 0.822113883407691
"114" 14 4.28635239082531 0.394140978760981 0.171350320298136 14 2.85493821926336 0.275143653250163 0.171350320298136 14 1.65155028843907 0.137349095329276 0.171350320298136 10 10 "simulation4" 3.04619983549264 0.914187585664841
"115" 15 4.64291023175637 0.437627249980433 0.151069770259724 15 3.11106762650819 0.303330717349324 0.151069770259724 15 1.78782756066089 0.158997648869089 0.151069770259724 10 10 "simulation4" 3.25757491300551 1.04348349055783
"116" 16 5.01038973320933 0.40570064665283 0.133186612590642 16 3.37196734216239 0.279337732823911 0.133186612590642 16 1.94020633834099 0.1621458079639 0.133186612590642 10 10 "simulation4" 3.33540435149516 0.98404053732828
"117" 17 5.35369099048962 0.391724587900385 0.117419627028285 17 3.62037917168722 0.277397457499305 0.117419627028285 17 2.08541085960553 0.151897631598987 0.117419627028285 10 10 "simulation4" 3.41527757137282 1.1531141517113
"118" 18 5.68851800576572 0.387146899907889 0.103518973941723 18 3.86739984854931 0.27439483659799 0.103518973941723 18 2.1952803609143 0.139177803685797 0.103518973941723 10 10 "simulation4" 3.44104830506725 1.15489459096025
"119" 19 6.03594213402374 0.410008013995236 0.0912638873869924 19 4.11372309609612 0.276150944012418 0.0912638873869924 19 2.25047395051132 0.140107236282265 0.0912638873869924 10 10 "simulation4" 3.62949031397681 1.30173425826514
"120" 20 6.38293421362917 0.386167259767938 0.0804596041637695 20 4.35950564016218 0.27539129694783 0.0804596041637695 20 2.29318011041981 0.158754818904582 0.0804596041637695 10 10 "simulation4" 3.65994822505918 1.31788209470302
"121" 21 6.71081651422649 0.381091475207052 0.0709343831955975 21 4.60246216599474 0.276739710950407 0.0709343831955975 21 2.3208437520335 0.157316570382814 0.0709343831955975 10 10 "simulation4" 3.72854664703798 1.420930833457
"122" 22 7.04207733090723 0.391990261678736 0.0625368057937424 22 4.82008801024596 0.261116490660399 0.0625368057937424 22 2.31375298854105 0.131356970674161 0.0625368057937424 10 10 "simulation4" 3.78651859586193 1.47137788343508
"123" 23 7.36586439401463 0.378187636433335 0.0551333765690959 23 4.98363785703794 0.266185858063318 0.0551333765690959 23 2.30101837881504 0.150623130682588 0.0551333765690959 10 10 "simulation4" 3.81469110822044 1.55466974535376
"124" 24 7.70195722564096 0.420357968121253 0.0486064033658349 24 5.11687263800543 0.286124379814825 0.0486064033658349 24 2.28842896687543 0.157725216303038 0.0486064033658349 10 10 "simulation4" 3.84961940053054 1.73341415218749
"125" 25 8.02140589311401 0.383527012356845 0.0428521268637604 25 5.15939275788389 0.263904029055191 0.0428521268637604 25 2.27535011211989 0.149400544485162 0.0428521268637604 10 10 "simulation4" 3.91553655835544 1.77195031538575
"126" 26 8.23099583309861 0.376906013159041 0.0377790712613652 26 5.1269140325994 0.268847370241356 0.0377790712613652 26 2.26226457184033 0.157586774637778 0.0377790712613652 10 10 "simulation4" 3.85667967976291 1.78684060432447
"127" 27 8.28949858371141 0.360322778943519 0.0333065901222423 27 5.07720141563107 0.258413108490985 0.0333065901222423 27 2.24934609300286 0.161096416951815 0.0333065901222423 10 10 "simulation4" 3.8674902838366 1.92341698101612
"128" 28 8.23765335869721 0.358911090249609 0.0293635843476394 28 5.02186709301573 0.252508773942289 0.0293635843476394 28 2.23660496862566 0.158388305983815 0.0293635843476394 10 10 "simulation4" 3.82197693818982 1.95176618503697
"129" 29 8.14600003420676 0.341377565711453 0.0258873719156931 29 4.96605991434982 0.237090975185221 0.0258873719156931 29 2.22405557100371 0.158087282470075 0.0258873719156931 10 10 "simulation4" 3.65216018619729 1.92242836657269
"130" 30 8.04403894163494 0.342940514450397 0.0228226914250888 30 4.91085423132134 0.228017910808853 0.0228226914250888 30 2.21170080159227 0.12817419775818 0.0228226914250888 10 10 "simulation4" 3.59808455955196 2.03765691364512
"131" 31 7.94183054632979 0.35939374278031 0.0201208236039174 31 4.85647600198381 0.241159720763143 0.0201208236039174 31 2.19953841345226 0.155127815380115 0.0201208236039174 10 10 "simulation4" 3.48869917129296 1.9645298221961
"132" 32 7.84043777264889 0.347280529456776 0.0177388168187245 32 4.8029378243443 0.220077704457547 0.0177388168187245 32 2.18756646295935 0.135848749606905 0.0177388168187245 10 10 "simulation4" 3.40904899248488 1.95148473240432
"133" 0 0 0 0.001 0 0 0 0.001 0 0 0 0.001 21.54 21.54 "simulation5" 0 0
"134" 1 0.0224429402203519 0.164581244643332 0.002943666652518 1 0.0224429397110775 0.0632832605184337 0.002943666652518 1 0.0224429397075205 0 0.002943666652518 21.54 21.54 "simulation5" 0.0155260301067693 0.0268918729847684
"135" 2 0.0445338025718381 0.460676666122005 0.00861797995267028 2 0.0445334941238364 0.302586175442856 0.00861797995267028 2 0.0445347129088008 0.156388102686041 0.00861797995267028 21.54 21.54 "simulation5" 0.0116324851553207 0.0201480553073063
"136" 3 0.301102054122156 0.796594509285585 0.0247831176104602 3 0.128823129406409 0.603446182067254 0.0247831176104602 3 0.0691486081193059 0.431548347448128 0.0247831176104602 21.54 21.54 "simulation5" 0.0260889968227693 0.0293289237885417
"137" 4 1.23224171903788 0.842254701937325 0.0674034111507033 4 0.825754451081906 0.643053274640887 0.0674034111507033 4 0.506826581870196 0.480699516131139 0.0674034111507033 21.54 21.54 "simulation5" 0.111334855185591 0.0688886697452863
"138" 5 2.08393485126378 0.808076744847119 0.157609898831033 5 1.49363417069839 0.637859876343633 0.157609898831033 5 1.0222541098057 0.491595371735323 0.157609898831033 21.54 21.54 "simulation5" 0.630632954232954 0.188060723782081
"139" 6 2.80017797437464 0.803667284893492 0.274443319709444 6 2.06582504211671 0.634869552028978 0.274443319709444 6 1.46272150897593 0.472756049991027 0.274443319709444 21.54 21.54 "simulation5" 1.60436144579869 0.39194418895425
"140" 7 3.3927971418264 0.747967227558064 0.341431345547393 7 2.55126585830735 0.621279847477079 0.341431345547393 7 1.83520454078604 0.47564722105792 0.341431345547393 21.54 21.54 "simulation5" 2.53574463276691 0.614728393450525
"141" 8 3.91429459291063 0.722462902843447 0.3431684902918 8 2.99519541725948 0.604266417942844 0.3431684902918 8 2.18345911414465 0.462294101465377 0.3431684902918 21.54 21.54 "simulation5" 3.29858387627353 0.852412684744436
"142" 9 4.41133084133318 0.676878606618277 0.315755903204502 9 3.4122902518989 0.549279482820103 0.315755903204502 9 2.49134517520353 0.376511845003472 0.315755903204502 21.54 21.54 "simulation5" 4.05771578662004 1.05860519648649
"143" 10 4.92671039798847 0.723394112652709 0.282055855422312 10 3.83478843423945 0.584481025556577 0.282055855422312 10 2.79671041593968 0.427144979241353 0.282055855422312 21.54 21.54 "simulation5" 4.62952470970527 1.39854110701479
"144" 11 5.49724930565182 0.751893171697023 0.249650938710811 11 4.30932937784848 0.624445492711517 0.249650938710811 11 3.13633991821648 0.4285809152152 0.249650938710811 21.54 21.54 "simulation5" 4.99979910886526 1.60503737937279
"145" 12 6.09261874190109 0.740927792432248 0.220357129071387 12 4.80825917368068 0.608708543936056 0.220357129071387 12 3.47943177435596 0.411542567650449 0.220357129071387 21.54 21.54 "simulation5" 5.35231407936799 1.72532851296417
"146" 13 6.68545336143915 0.719047820761371 0.194339016468906 13 5.30813803973948 0.605041654638411 0.194339016468906 13 3.81754209371589 0.40225434840229 0.194339016468906 21.54 21.54 "simulation5" 5.6867987089255 1.94499360671992
"147" 14 7.27363336355733 0.710054862577474 0.171350320298136 14 5.81490986098847 0.601882249041197 0.171350320298136 14 4.15110985504547 0.388538073641021 0.171350320298136 21.54 21.54 "simulation5" 5.91970846416025 2.12518447234312
"148" 15 7.87712673815788 0.728178357142274 0.151069770259724 15 6.32188879594246 0.590357744431373 0.151069770259724 15 4.47802604518542 0.379739432155024 0.151069770259724 21.54 21.54 "simulation5" 6.31041915758952 2.27203521669257
"149" 16 8.48272190316514 0.703618026973928 0.133186612590642 16 6.81805823378871 0.573888453906087 0.133186612590642 16 4.80181371093318 0.37640824575813 0.133186612590642 21.54 21.54 "simulation5" 6.45290365137673 2.25097944721399
"150" 17 9.09504204660965 0.730983075318901 0.117419627028285 17 7.32448817359029 0.599648837229568 0.117419627028285 17 5.13264413348938 0.389240196582337 0.117419627028285 21.54 21.54 "simulation5" 6.6917098546056 2.41679663961347
"151" 18 9.70701886586154 0.698000594724288 0.103518973941723 18 7.83408835100696 0.574411515946145 0.103518973941723 18 5.48463132362715 0.407890667313112 0.103518973941723 21.54 21.54 "simulation5" 6.92591024515875 2.65829410978202
"152" 19 10.3118467424201 0.716073277660234 0.0912638873869924 19 8.32756869532204 0.570299356984741 0.0912638873869924 19 5.81814300425243 0.35762551506971 0.0912638873869924 21.54 21.54 "simulation5" 7.08366615667977 2.81255751809204
"153" 20 10.9151188395858 0.690970656323608 0.0804596041637695 20 8.81272334228928 0.556405421003744 0.0804596041637695 20 6.12937050506917 0.367775961643342 0.0804596041637695 21.54 21.54 "simulation5" 7.35309067132282 2.97407918869842
"154" 21 11.4857499312023 0.66378467478678 0.0709343831955975 21 9.27664649294329 0.534145458751086 0.0709343831955975 21 6.42886212089387 0.333272420326714 0.0709343831955975 21.54 21.54 "simulation5" 7.55134381055015 3.11730086196748
"155" 22 12.0450308686714 0.673147867636605 0.0625368057937424 22 9.71920066590651 0.522233187548825 0.0625368057937424 22 6.68287227531992 0.302284459547391 0.0625368057937424 21.54 21.54 "simulation5" 7.6938043514752 3.41023552871138
"156" 23 12.6119499206884 0.677400253706411 0.0551333765690959 23 10.1540709858981 0.521759448913488 0.0551333765690959 23 6.91937401031989 0.321894307845043 0.0551333765690959 21.54 21.54 "simulation5" 7.89810332826544 3.57024898956045
"157" 24 13.1631152112446 0.654858375588003 0.0486064033658349 24 10.5845027523063 0.521231577278915 0.0486064033658349 24 7.11794973995007 0.304846624937743 0.0486064033658349 21.54 21.54 "simulation5" 7.91626087840382 3.79505415962278
"158" 25 13.7105194046574 0.677774217174154 0.0428521268637604 25 11.0226048754322 0.540907673610297 0.0428521268637604 25 7.25689882471287 0.331343643408457 0.0428521268637604 21.54 21.54 "simulation5" 7.97515459837858 3.99722041493334
"159" 26 14.265162333337 0.66888686305802 0.0377790712613652 26 11.4569834519453 0.527347507914805 0.0377790712613652 26 7.30016111882321 0.307762474732528 0.0377790712613652 21.54 21.54 "simulation5" 8.22654211141817 4.17504077720377
"160" 27 14.7661381017716 0.607403607181633 0.0333065901222423 27 11.8390366657854 0.504417697840928 0.0333065901222423 27 7.25005006006803 0.31802391738469 0.0333065901222423 21.54 21.54 "simulation5" 8.27163806573312 4.39371552725713
"161" 28 15.2071973291936 0.611621615633089 0.0293635843476394 28 12.1178333141223 0.498851825737836 0.0293635843476394 28 7.17157283621433 0.295483485877015 0.0293635843476394 21.54 21.54 "simulation5" 8.22710560997169 4.3386103530936
"162" 29 15.6142635319483 0.622833422718255 0.0258873719156931 29 12.2392274030228 0.495141191429036 0.0258873719156931 29 7.08425535684902 0.303600772931615 0.0258873719156931 21.54 21.54 "simulation5" 8.17447548607996 4.39805493765381
"163" 30 15.8450175431721 0.58427050996807 0.0228226914250888 30 12.1829257623991 0.474626792707442 0.0228226914250888 30 6.99676882097572 0.30538936349597 0.0228226914250888 21.54 21.54 "simulation5" 8.26852411964755 4.47472683445162
"164" 31 15.8228120891488 0.587101995956528 0.0201208236039174 31 12.0433109176056 0.46940400079895 0.0201208236039174 31 6.91001594786231 0.30716456856101 0.0201208236039174 21.54 21.54 "simulation5" 8.19634826654509 4.58443377330639
"165" 32 15.6794980974293 0.587466348469667 0.0177388168187245 32 11.8852731435894 0.465824181954404 0.0177388168187245 32 6.82442568135366 0.30661397138671 0.0177388168187245 21.54 21.54 "simulation5" 8.02318603907627 4.46412381833646
"166" 0 0 0 0.001 0 0 0 0.001 0 0 0 0.001 46.42 46.42 "simulation6" 0 0
"167" 1 0.0224429350312578 0.251199256410191 0.002943666652518 1 0.022442953129173 0.118910920720641 0.002943666652518 1 0.0224429397593571 0 0.002943666652518 46.42 46.42 "simulation6" 0.000130736948221202 0.000226443036745624
"168" 2 0.0446374011932672 0.82808257931091 0.00861797995267028 2 0.0445414214187589 0.62605248604873 0.00861797995267028 2 0.0445335488346125 0.400149957115346 0.00861797995267028 46.42 46.42 "simulation6" 0.00772730678477767 0.0107893399503738
"169" 3 0.710918687315335 1.09111412327707 0.0247831176104602 3 0.438546459518604 0.90015911791688 0.0247831176104602 3 0.223595246427369 0.724651344455133 0.0247831176104602 46.42 46.42 "simulation6" 0.0277413452125854 0.0330518427498193
"170" 4 1.96619321339587 1.14483653028811 0.0674034111507033 4 1.48741208369824 0.953016865173632 0.0674034111507033 4 1.10406603130953 0.816922649172604 0.0674034111507033 46.42 46.42 "simulation6" 0.231265542544843 0.0688542718631366
"171" 5 3.15982900954239 1.18545548235998 0.157609898831033 5 2.47295706125229 0.963225579229348 0.157609898831033 5 1.93474902878254 0.783981438050893 0.157609898831033 46.42 46.42 "simulation6" 0.95204565004628 0.102877537610706
"172" 6 4.18631474430448 1.14103582542459 0.274443319709444 6 3.32888261940543 0.968439676315159 0.274443319709444 6 2.63903240449616 0.796645205876872 0.274443319709444 46.42 46.42 "simulation6" 2.1889464278383 0.188670086291811
"173" 7 5.02470186930267 1.09263874414233 0.341431345547393 7 4.05236348277372 0.940762118202401 0.341431345547393 7 3.23249452570353 0.75521289743005 0.341431345547393 46.42 46.42 "simulation6" 3.42161750660311 0.15773243151617
"174" 8 5.78187559951507 1.07057971131386 0.3431684902918 8 4.71786028791459 0.936757138959172 0.3431684902918 8 3.77692882945462 0.760136997250602 0.3431684902918 46.42 46.42 "simulation6" 4.38600124771917 0.0363078818861398
"175" 9 6.52746943881367 1.04435974729837 0.315755903204502 9 5.36462951179978 0.876933766502087 0.315755903204502 9 4.26792665107043 0.618018009988557 0.315755903204502 46.42 46.42 "simulation6" 5.48684149426898 0.62063318706611
"176" 10 7.2969793924349 1.06288407920401 0.282055855422312 10 6.02471528473574 0.917533573363003 0.282055855422312 10 4.74350370425157 0.682914312665703 0.282055855422312 46.42 46.42 "simulation6" 6.16004320132835 0.934970595266226
"177" 11 8.11197475736191 1.07947903752815 0.249650938710811 11 6.73640134691479 0.931517219993783 0.249650938710811 11 5.27454503567799 0.69235427544954 0.249650938710811 46.42 46.42 "simulation6" 7.0343857811619 1.17977664165458
"178" 12 8.96233247048757 1.0835542894919 0.220357129071387 12 7.47036187671459 0.920282085154797 0.220357129071387 12 5.81906088751789 0.676498430678239 0.220357129071387 46.42 46.42 "simulation6" 7.50677165521836 1.38597487320381
"179" 13 9.82790987523474 1.06581056085703 0.194339016468906 13 8.20871749578475 0.903344218492608 0.194339016468906 13 6.34213424929598 0.62355426787351 0.194339016468906 46.42 46.42 "simulation6" 7.87542264597312 1.68339287874609
"180" 14 10.6836964968516 1.02968154166606 0.171350320298136 14 8.94345457895087 0.882677010784913 0.171350320298136 14 6.85290100912622 0.628000776820395 0.171350320298136 46.42 46.42 "simulation6" 8.33281091152141 1.92102265121181
"181" 15 11.5195109806257 1.00125377080012 0.151069770259724 15 9.66695294672879 0.858369059346828 0.151069770259724 15 7.35606167431831 0.590260495359624 0.151069770259724 46.42 46.42 "simulation6" 8.91240940714795 1.98969559410625
"182" 16 12.3449747379258 0.991100750393598 0.133186612590642 16 10.3743558352969 0.836532656976294 0.133186612590642 16 7.84192925453557 0.583225684756565 0.133186612590642 46.42 46.42 "simulation6" 9.23489862086465 2.12139775532312
"183" 17 13.179442269992 1.00203227109896 0.117419627028285 17 11.0762579751731 0.837085963114445 0.117419627028285 17 8.31045747128332 0.552074026724307 0.117419627028285 46.42 46.42 "simulation6" 9.48650785770842 2.27332625772819
"184" 18 14.0133693650653 0.980778917295915 0.103518973941723 18 11.7876778030738 0.843856004008467 0.103518973941723 18 8.78963165216515 0.593831433751407 0.103518973941723 46.42 46.42 "simulation6" 9.773909632531 2.26493476017862
"185" 19 14.8250093930754 0.96084034022355 0.0912638873869924 19 12.4887058966586 0.816754749911446 0.0912638873869924 19 9.26837585700783 0.55028688353788 0.0912638873869924 46.42 46.42 "simulation6" 10.1260395091465 2.37740440264371
"186" 20 15.6334878932016 0.971651983922312 0.0804596041637695 20 13.1806472656967 0.826212103652051 0.0804596041637695 20 9.74417704672126 0.588358360448107 0.0804596041637695 46.42 46.42 "simulation6" 10.4626550533106 2.68296763424022
"187" 21 16.4368816938985 0.951347275946982 0.0709343831955975 21 13.8612987326764 0.797797578244264 0.0709343831955975 21 10.2205384464755 0.550575681192014 0.0709343831955975 46.42 46.42 "simulation6" 10.7147096506437 2.47309490969767
"188" 22 17.2152076825405 0.93269777058667 0.0625368057937424 22 14.5286494119198 0.805191977510848 0.0625368057937424 22 10.6801389930073 0.562810136429796 0.0625368057937424 46.42 46.42 "simulation6" 11.1364701760438 2.61089178280555
"189" 23 17.9638188109755 0.908638455302456 0.0551333765690959 23 15.1771008269901 0.770123290757586 0.0551333765690959 23 11.1304601277602 0.534065447717938 0.0551333765690959 46.42 46.42 "simulation6" 11.3957987632821 2.78430555962261
"190" 24 18.7249258933508 0.955269388753718 0.0486064033658349 24 15.8103952419901 0.785066697761489 0.0486064033658349 24 11.5454384633927 0.510784072789993 0.0486064033658349 46.42 46.42 "simulation6" 11.7630484043898 3.08344369830728
"191" 25 19.4769320968292 0.901559166324057 0.0428521268637604 25 16.4385771337069 0.766016369503011 0.0428521268637604 25 11.9533851866956 0.525793157642592 0.0428521268637604 46.42 46.42 "simulation6" 11.851351866745 3.47264264105192
"192" 26 20.1979729043207 0.91285441577563 0.0377790712613652 26 17.0476210862634 0.760506120950372 0.0377790712613652 26 12.3443448629731 0.501062185800753 0.0377790712613652 46.42 46.42 "simulation6" 12.1083873306906 3.5547540413908
"193" 27 20.8883267479301 0.856721638536398 0.0333065901222423 27 17.6282570379189 0.727563063661431 0.0333065901222423 27 12.6894194099481 0.50098292719463 0.0333065901222423 46.42 46.42 "simulation6" 12.286957258643 3.86753819281435
"194" 28 21.5288300866864 0.846142741827944 0.0293635843476394 28 18.1746330401544 0.720183766677068 0.0293635843476394 28 12.9571291932145 0.501178800066415 0.0293635843476394 46.42 46.42 "simulation6" 12.7340726348634 4.31852394574233
"195" 29 22.1733282788728 0.872476857565315 0.0258873719156931 29 18.6985904024641 0.721232840830121 0.0258873719156931 29 13.0606523544932 0.491182357772091 0.0258873719156931 46.42 46.42 "simulation6" 12.8325045456232 4.36583717692764
"196" 30 22.8156631366416 0.868861604936295 0.0228226914250888 30 19.179561346778 0.725212649794858 0.0228226914250888 30 12.9992596322029 0.489506145791495 0.0228226914250888 46.42 46.42 "simulation6" 12.6297897817692 4.29658792442219
"197" 31 23.3581556505743 0.801212495025885 0.0201208236039174 31 19.4946683135376 0.694284708002553 0.0201208236039174 31 12.857695840499 0.48276871696613 0.0201208236039174 46.42 46.42 "simulation6" 12.9203931635356 4.53349276847844
"198" 32 23.6485663365318 0.785742402492862 0.0177388168187245 32 19.5117486069612 0.679062635216232 0.0177388168187245 32 12.68981507138 0.480842276468595 0.0177388168187245 46.42 46.42 "simulation6" 13.079034621773 4.8420852718359
