"time" "Srxn1_max" "NRF2_max" "Fraction_X_max" "time2" "Srxn1_mean" "NRF2_mean" "Fraction_X_mean" "time3" "Srxn1_min" "NRF2_min" "Fraction_X_min" "dose1" "dose2" "Simulation" "SRXN1_observed" "SRXN1_SD"
"1" 0 0 0 0.001 0 0 0 0.001 0 0 0 0.001 0.35 0.35 "simulation1" 0 0
"2" 1 0.0244880945521937 0.0444541803865521 0.665012370446506 1 0.0227600937988484 0.0245921903157594 0.665012370446506 1 0.0224429397075196 0 0.665012370446506 0.35 0.35 "simulation1" 0.0412289580456226 0.071410650078144
"3" 2 0.0938359531980774 0.322058224517883 0.740754009417095 2 0.0717606768552731 0.183622422884868 0.740754009417095 2 0.0445343434779266 0 0.740754009417095 0.35 0.35 "simulation1" 0.0153076467134585 0.0265136218520248
"4" 3 0.248514179399339 0.402073379678231 0.637628135340418 3 0.166642044856845 0.215386904542838 0.637628135340418 3 0.0662807960947709 0 0.637628135340418 0.35 0.35 "simulation1" 0.0158711460101195 0.0274896312638711
"5" 4 0.462791972331443 0.426682889019605 0.548811636089898 4 0.288995741807703 0.221037174383317 0.548811636089898 4 0.0876861412079386 0 0.548811636089898 0.35 0.35 "simulation1" 0.0874919790506658 0.116473961005034
"6" 5 0.711799677586077 0.404574476260362 0.472366552741014 5 0.428248872616333 0.209921818299376 0.472366552741014 5 0.108756749162416 0 0.472366552741014 0.35 0.35 "simulation1" 0.546495414726368 0.385399709428449
"7" 6 0.981716111380712 0.398709335300646 0.406569659740599 6 0.570704425860283 0.185784709255909 0.406569659740599 6 0.129497678684857 0 0.406569659740599 0.35 0.35 "simulation1" 1.12742904411563 0.604970874214477
"8" 7 1.26006939926456 0.363060655347948 0.349937749111155 7 0.711828661822982 0.175374268604088 0.349937749111155 7 0.149914092042366 0 0.349937749111155 0.35 0.35 "simulation1" 1.59317387508504 0.760701279522779
"9" 8 1.5485856179946 0.377389571447625 0.301194211912202 8 0.859165161238136 0.17694217948238 0.301194211912202 8 0.170011067309439 0 0.301194211912202 0.35 0.35 "simulation1" 1.90651394669063 0.827068234921817
"10" 9 1.85331237888685 0.36788596479809 0.259240260645892 9 1.00775639868693 0.163579905539379 0.259240260645892 9 0.189793598068552 0 0.259240260645892 0.35 0.35 "simulation1" 2.12604661589525 0.939179118640608
"11" 10 2.19013389471609 0.418195591114547 0.22313016014843 10 1.1635862030189 0.180429239810551 0.22313016014843 10 0.209266604834128 0 0.22313016014843 0.35 0.35 "simulation1" 2.15175304009021 0.977521801125147
"12" 11 2.56107903043275 0.421393316700628 0.192049908620754 11 1.32913793619233 0.174166025996603 0.192049908620754 11 0.228434931003092 0 0.192049908620754 0.35 0.35 "simulation1" 2.22656935127424 1.058137652647
"13" 12 2.93968175978296 0.416336517483434 0.165298888221587 12 1.49553528451776 0.175386561508339 0.165298888221587 12 0.247303343702065 0 0.165298888221587 0.35 0.35 "simulation1" 2.17647354802296 1.05949462510961
"14" 13 3.30296224284669 0.377986913416732 0.142274071586514 13 1.65472533961558 0.15563166268824 0.142274071586514 13 0.265876535429475 0 0.142274071586514 0.35 0.35 "simulation1" 2.13272116152023 1.09375856068272
"15" 14 3.64116395427413 0.359338639531411 0.122456428252982 14 1.7962755550687 0.14595087862172 0.122456428252982 14 0.284159125337056 0 0.122456428252982 0.35 0.35 "simulation1" 2.05858383242257 1.00475307180027
"16" 15 3.94824962410946 0.313316976437166 0.105399224561864 15 1.90828177311177 0.136191897738998 0.105399224561864 15 0.30215566028494 0 0.105399224561864 0.35 0.35 "simulation1" 2.10054156920367 1.00904619316283
"17" 16 4.22469540836522 0.299323933494747 0.0907179532894125 16 1.94021828338348 0.11612613520942 0.0907179532894125 16 0.319870615965904 0 0.0907179532894125 0.35 0.35 "simulation1" 2.1010308438063 0.990613383671585
"18" 17 4.47966424846046 0.275203171791292 0.0780816660011532 17 1.93751562746424 0.120813311674303 0.0780816660011532 17 0.337308398053818 0 0.0780816660011532 0.35 0.35 "simulation1" 2.15847937522297 1.06220225721097
"19" 18 4.73116381078292 0.296903185554855 0.0672055127397498 18 1.93196112630342 0.127048912643534 0.0672055127397498 18 0.354473343291135 0 0.0672055127397498 0.35 0.35 "simulation1" 2.11267132824076 0.988371993104419
"20" 19 4.96613755020262 0.276882096191176 0.0578443208748385 19 1.9247771012337 0.120253460065096 0.0578443208748385 19 0.371369720566334 0 0.0578443208748385 0.35 0.35 "simulation1" 2.1343627773568 0.984560394258438
"21" 20 5.13395947058846 0.281645636129995 0.0497870683678639 20 1.91719431117355 0.117633361681226 0.0497870683678639 20 0.388001731975564 0 0.0497870683678639 0.35 0.35 "simulation1" 2.21108006452195 1.05953038844209
"22" 21 5.13553606301821 0.207260079376627 0.0428521268670402 21 1.90964852806958 0.0887496621704618 0.0428521268670402 21 0.404373513867698 0 0.0428521268670402 0.35 0.35 "simulation1" 2.19001024123447 0.964790084425394
"23" 22 5.07868448859318 0.190828923149183 0.03688316740124 22 1.90221301248846 0.0896982093185535 0.03688316740124 22 0.420489137873035 0 0.03688316740124 0.35 0.35 "simulation1" 2.16970656781358 1.01539528323906
"24" 23 5.02192123798826 0.214440830874747 0.031745636378068 23 1.89489304707836 0.0894531511730564 0.031745636378068 23 0.436352611915898 0 0.031745636378068 0.35 0.35 "simulation1" 2.12169568980545 1.02652548481646
"25" 24 4.96605770006328 0.258024391468209 0.0273237224472926 24 1.88768751133744 0.105679205643385 0.0273237224472926 24 0.451967881211453 0 0.0273237224472926 0.35 0.35 "simulation1" 1.89452413902031 1.09967314295726
"26" 25 4.92235107224292 0.436346714906084 0.0235177458560091 25 1.88059649638268 0.206877668252051 0.0235177458560091 25 0.467338829247041 0.017941460241085 0.0235177458560091 0.35 0.35 "simulation1" 2.16198827713154 0.783585729635329
"27" 26 4.87562320129128 0.300318639174016 0.0202419114458044 26 1.87361543103082 0.124826598064519 0.0202419114458044 26 0.482469278747326 0 0.0202419114458044 0.35 0.35 "simulation1" 1.79878606764131 0.654270884815999
"28" 27 4.82184234614885 0.308389681220636 0.0174223746394935 27 1.86674274964632 0.124720556822274 0.0174223746394935 27 0.497362992625484 0 0.0174223746394935 0.35 0.35 "simulation1" 1.72661647093 0.620939648361702
"29" 28 4.76885621168166 0.283183191722911 0.0149955768204777 28 1.85997769221371 0.118407122902687 0.0149955768204777 28 0.512023674919193 0 0.0149955768204777 0.35 0.35 "simulation1" 1.72735021927478 0.697076650188164
"30" 29 4.71668663703657 0.310000202536146 0.0129068125804799 29 1.853318491014 0.119049831061038 0.0129068125804799 29 0.526454971711664 0 0.0129068125804799 0.35 0.35 "simulation1" 1.64457856315424 0.694491869605683
"31" 30 4.66533068581417 0.290373976093512 0.0111089965382423 30 1.84676348159221 0.113056962052873 0.0111089965382423 30 0.540660472038329 0 0.0111089965382423 0.35 0.35 "simulation1" 1.58546257540254 0.690388305187546
"32" 31 4.61477702580076 0.286910531745258 0.00956160193054351 31 1.84031103382154 0.115728417118122 0.00956160193054351 31 0.554643708779477 0 0.00956160193054351 0.35 0.35 "simulation1" 1.56915652429049 0.762938534050622
"33" 32 4.56501534679625 0.295226192638102 0.00822974704902003 32 1.83395954312697 0.113252119802593 0.00822974704902003 32 0.568408159538874 0 0.00822974704902003 0.35 0.35 "simulation1" 1.47401404866957 0.774271918340717
"34" 33 4.51603231038012 0.278527405415514 0.00708340892905212 33 1.82770742906802 0.106598439336577 0.00708340892905212 33 0.58195724750864 0 0.00708340892905212 0.35 0.35 "simulation1" 1.4844808600311 0.682808944460156
"35" 34 4.46781566136896 0.258958906620278 0.00609674656551564 34 1.82155313660338 0.0976707941837348 0.00609674656551564 34 0.595294342320586 0 0.00609674656551564 0.35 0.35 "simulation1" 1.37425547346252 0.736061085758967
"36" 35 4.42035343190594 0.309094706242037 0.00524751839918138 35 1.81549513638953 0.115587651581464 0.00524751839918138 35 0.60842276088424 0 0.00524751839918138 0.35 0.35 "simulation1" 1.30003060093825 0.644624053394264
"37" 36 4.37363381083053 0.321588679148482 0.00451658094261267 36 1.80953192161132 0.120655420627325 0.00451658094261267 36 0.62134576821175 0 0.00451658094261267 0.35 0.35 "simulation1" 1.15995669250812 0.642255208017038
"38" 37 4.32764517905839 0.294610024509872 0.00388745724347613 37 1.80366200910797 0.112757452394328 0.00388745724347613 37 0.634066578229892 0 0.00388745724347613 0.35 0.35 "simulation1" 1.0394543903331 0.58642942479159
"39" 38 4.28237609943991 0.297667842015518 0.00334596545747127 38 1.79788393904668 0.10893096276791 0.00334596545747127 38 0.646588354579363 0 0.00334596545747127 0.35 0.35 "simulation1" 0.890667529607228 0.583165885910366
"40" 39 4.23781531364925 0.253207446644676 0.00287989915808824 39 1.79219627443944 0.0930577486247471 0.00287989915808824 39 0.658914211401575 0 0.00287989915808824 0.35 0.35 "simulation1" 0.804291795383381 0.533136312869293
"41" 40 4.19395173947752 0.256617280204698 0.00247875217666636 40 1.78659760076549 0.0942153887346554 0.00247875217666636 40 0.671047214113134 0 0.00247875217666636 0.35 0.35 "simulation1" 0.770800601334239 0.506431691808883
"42" 41 4.1507744681507 0.266032786781661 0.00213348177003771 41 1.78108652564246 0.0952560295756209 0.00213348177003771 41 0.682990380168204 0 0.00213348177003771 0.35 0.35 "simulation1" 0.702704415781298 0.516123118611838
"43" 42 4.10827276156422 0.279055567775305 0.00183630477702891 42 1.77566167847934 0.0974728268027615 0.00183630477702891 42 0.694746679808943 0 0.00183630477702891 0.35 0.35 "simulation1" 0.583398883584341 0.455872362602845
"44" 43 4.06643604962626 0.270484274658113 0.00158052216873622 43 1.7703217101275 0.100243216772677 0.00158052216873622 43 0.706319036804193 0 0.00158052216873622 0.35 0.35 "simulation1" 0.557598894425797 0.411376641898236
"45" 44 4.02525392762796 0.222805314868506 0.00136036803754789 44 1.7650652925472 0.0783270597077884 0.00136036803754789 44 0.717710329176621 0 0.00136036803754789 0.35 0.35 "simulation1" 0.494491280771055 0.333633768425451
"46" 45 3.98471615365569 0.264286059658263 0.00117087962079117 45 1.75989111847762 0.0920557410811935 0.00117087962079117 45 0.728923389918473 0 0.00117087962079117 0.35 0.35 "simulation1" 0.435075320882013 0.312806781163848
"47" 46 3.94481264604396 0.286342975017138 0.00100778542904851 46 1.75479790111173 0.100317130674508 0.00100778542904851 46 0.739961007696134 0 0.00100778542904851 0.35 0.35 "simulation1" 0.427832049119316 0.297305740782725
"48" 47 3.90553348086807 0.261344156051314 0.000867408957307003 47 1.74978437377629 0.0921009182911033 0.000867408957307003 47 0.750825927543669 0 0.000867408957307003 0.35 0.35 "simulation1" 0.399712793375479 0.271047258054683
"49" 48 3.8668688894758 0.266232275067185 0.00074658580837668 48 1.7448492896168 0.0887440916890616 0.00074658580837668 48 0.761520851545499 0 0.00074658580837668 0.35 0.35 "simulation1" 0.332875539852633 0.22518919245424
"50" 0 0 0 0.001 0 0 0 0.001 0 0 0 0.001 0.75 0.75 "simulation2" 0 0
"51" 1 0.0232971933152739 0.03014313301319 0.665012370446506 1 0.0224449375094716 0.0129708077628444 0.665012370446506 1 0.0224417353080698 0 0.665012370446506 0.75 0.75 "simulation2" 0 0
"52" 2 0.109917397428295 0.495868556476887 0.740754009417095 2 0.0963665341227474 0.419415717600716 0.740754009417095 2 0.0871561278342397 0.330934748181785 0.740754009417095 0.75 0.75 "simulation2" 0 0
"53" 3 0.335773284007465 0.604802120140498 0.637628135340418 3 0.288879526566092 0.502468930656327 0.637628135340418 3 0.227878890878402 0.336765147385123 0.637628135340418 0.75 0.75 "simulation2" 0.00758427588537538 0.0131363511720896
"54" 4 0.629921482469319 0.57369256795579 0.548811636089898 4 0.541079950777407 0.492893789006907 0.548811636089898 4 0.403617640382512 0.33464401845669 0.548811636089898 0.75 0.75 "simulation2" 0.23228963102924 0.244661250087848
"55" 5 0.971895614436353 0.592555237113027 0.472366552741014 5 0.830583548631841 0.48267326198372 0.472366552741014 5 0.593023635273087 0.28135940782414 0.472366552741014 0.75 0.75 "simulation2" 0.925411230369881 0.491900205647433
"56" 6 1.33566844106491 0.513692393632946 0.406569659740599 6 1.12907051566164 0.414741904741525 0.406569659740599 6 0.78647758379425 0.28153271868319 0.406569659740599 0.75 0.75 "simulation2" 1.84609356550973 0.662415304139816
"57" 7 1.69800401864275 0.501580510603478 0.349937749111155 7 1.41439785314652 0.376261031277971 0.349937749111155 7 0.985029462311021 0.248838047687887 0.349937749111155 0.75 0.75 "simulation2" 2.61225911705794 0.832399466261639
"58" 8 2.07560648047693 0.482825434886145 0.301194211912202 8 1.69784891276412 0.356346214672007 0.301194211912202 8 1.18231147294841 0.244712291371104 0.301194211912202 0.75 0.75 "simulation2" 3.22217435048088 0.976189932000025
"59" 9 2.45321528877915 0.457145580363325 0.259240260645892 9 1.97487257773414 0.325225986310825 0.259240260645892 9 1.38398788192547 0.232154547214807 0.259240260645892 0.75 0.75 "simulation2" 3.56589795558647 0.992743085570265
"60" 10 2.8388671975694 0.462452644250677 0.22313016014843 10 2.24217758472961 0.308235911166929 0.22313016014843 10 1.57328719855919 0.199628701473392 0.22313016014843 0.75 0.75 "simulation2" 3.88995978155943 1.13897193232877
"61" 11 3.21746827037455 0.415720450370136 0.192049908620754 11 2.49294041655566 0.271862103034917 0.192049908620754 11 1.73181673706872 0.1579107525209 0.192049908620754 0.75 0.75 "simulation2" 4.00595153166607 1.33314429165709
"62" 12 3.56776682203419 0.390704427988519 0.165298888221587 12 2.72231641245198 0.254281335054064 0.165298888221587 12 1.87208078602637 0.156981340450595 0.165298888221587 0.75 0.75 "simulation2" 4.02797270874308 1.20590119668828
"63" 13 3.91675153297706 0.393868860576069 0.142274071586514 13 2.95174480846227 0.259878118442614 0.142274071586514 13 2.03293125168994 0.187468885308994 0.142274071586514 0.75 0.75 "simulation2" 4.04592654654147 1.27485171449328
"64" 14 4.2446704529515 0.339425852005298 0.122456428252982 14 3.17694822108665 0.237014005306824 0.122456428252982 14 2.19848016535091 0.160834748269525 0.122456428252982 0.75 0.75 "simulation2" 4.05047629571259 1.36274112077946
"65" 15 4.52226765269729 0.299642503329371 0.105399224561864 15 3.36570081173218 0.194251964895458 0.105399224561864 15 2.27874986038057 0.111712121328026 0.105399224561864 0.75 0.75 "simulation2" 4.27427321830003 1.6264159990575
"66" 16 4.79144687138937 0.317871901841746 0.0907179532894125 16 3.53596597472995 0.208255624755567 0.0907179532894125 16 2.31158291602123 0.15034117658261 0.0907179532894125 0.75 0.75 "simulation2" 4.22035595914165 1.49936364565411
"67" 17 5.07531711275222 0.321647290270089 0.0780816660011532 17 3.69796936549056 0.20085977775331 0.0780816660011532 17 2.34339165899517 0.138247271912846 0.0780816660011532 0.75 0.75 "simulation2" 4.38969166683416 1.57598416408937
"68" 18 5.35830974094918 0.320155083003034 0.0672055127397498 18 3.78471847621144 0.190615047626719 0.0672055127397498 18 2.33431766962619 0.125710669770781 0.0672055127397498 0.75 0.75 "simulation2" 4.42267602009014 1.5423263431668
"69" 19 5.62239097222964 0.304397144124663 0.0578443208748385 19 3.79328929225273 0.191209229525022 0.0578443208748385 19 2.3208091671152 0.120895460456779 0.0578443208748385 0.75 0.75 "simulation2" 4.39404459389624 1.50244080573953
"70" 20 5.82606303253626 0.296614790482924 0.0497870683678639 20 3.76591367950295 0.173014224638275 0.0497870683678639 20 2.30699121199466 0.0950736771647096 0.0497870683678639 0.75 0.75 "simulation2" 4.4705737688624 1.55884425515714
"71" 21 5.92166054925192 0.296348342396664 0.0428521268670402 21 3.73017926781456 0.158070457222602 0.0428521268670402 21 2.29333814550772 0.070857616112307 0.0428521268670402 0.75 0.75 "simulation2" 4.6519770738629 1.74869170695662
"72" 22 5.92741865708913 0.30629969637518 0.03688316740124 22 3.6943728445431 0.167133381828296 0.03688316740124 22 2.27989839619744 0.0809177458128114 0.03688316740124 0.75 0.75 "simulation2" 4.59814532179502 1.86470304352522
"73" 23 5.88008539202431 0.294477738175634 0.031745636378068 23 3.6590487173922 0.163733049161359 0.031745636378068 23 2.26666875439516 0.0957890441681271 0.031745636378068 0.75 0.75 "simulation2" 4.49666182562568 1.90397629506465
"74" 24 5.81359731737328 0.285013600780431 0.0273237224472926 24 3.62425058031117 0.172766771803616 0.0273237224472926 24 2.25364647183135 0.0967802940104902 0.0273237224472926 0.75 0.75 "simulation2" 4.46003197278405 2.12629272281032
"75" 25 5.75649862191843 0.434720759938369 0.0235177458560091 25 3.59005113448628 0.272430646206003 0.0235177458560091 25 2.24082725799895 0.136735676466175 0.0235177458560091 0.75 0.75 "simulation2" 4.85236887011911 1.45441333112654
"76" 26 5.70179603704353 0.392231643547345 0.0202419114458044 26 3.556394237989 0.227340306231611 0.0202419114458044 26 2.22820935544264 0.113874442335104 0.0202419114458044 0.75 0.75 "simulation2" 4.28530653809016 1.39854808661194
"77" 27 5.63574498631034 0.341800940256651 0.0174223746394935 27 3.52319440020224 0.199601148646967 0.0174223746394935 27 2.21578868433268 0.109281165900471 0.0174223746394935 0.75 0.75 "simulation2" 4.17194262161574 1.40665079529756
"78" 28 5.57005071133423 0.319193221935961 0.0149955768204777 28 3.49051186475767 0.193648463910286 0.0149955768204777 28 2.2035623567105 0.0936418237889395 0.0149955768204777 0.75 0.75 "simulation2" 4.08495687824835 1.43658443001983
"79" 29 5.5053467372985 0.292425356391695 0.0129068125804799 29 3.45834019506105 0.168522392331173 0.0129068125804799 29 2.19152732593225 0.0884386085012889 0.0129068125804799 0.75 0.75 "simulation2" 3.94256247275364 1.37821752497868
"80" 30 5.44165110164645 0.270162701190254 0.0111089965382423 30 3.42667221460547 0.178616145091422 0.0111089965382423 30 2.17968059890637 0.102076535170541 0.0111089965382423 0.75 0.75 "simulation2" 3.89130068258428 1.40086566680473
"81" 31 5.37895135771312 0.274389163783271 0.00956160193054351 31 3.39549935360334 0.164911079430652 0.00956160193054351 31 2.168019229351 0.055397904848532 0.00956160193054351 0.75 0.75 "simulation2" 3.71185668836419 1.31007627204201
"82" 32 5.31723292491808 0.292275822427107 0.00822974704902003 32 3.36481514364846 0.163893547076434 0.00822974704902003 32 2.15654031832535 0.0758865628104977 0.00822974704902003 0.75 0.75 "simulation2" 3.56629548230734 1.32426096324394
"83" 33 5.25648041923451 0.261511963698214 0.00708340892905212 33 3.33461080059937 0.163336044701845 0.00708340892905212 33 2.1452410073338 0.0698151564063039 0.00708340892905212 0.75 0.75 "simulation2" 3.28336876561908 1.22544956907766
"84" 34 5.19667849698236 0.251044001411829 0.00609674656551564 34 3.30487904496132 0.165467901714408 0.00609674656551564 34 2.13411848726987 0.0750437598805953 0.00609674656551564 0.75 0.75 "simulation2" 3.0545209226765 1.18272460803524
"85" 35 5.1378122577695 0.262705733978746 0.00524751839918138 35 3.27561247814171 0.156587829585977 0.00524751839918138 35 2.12316999417252 0.0586275271764464 0.00524751839918138 0.75 0.75 "simulation2" 2.82700839422905 1.21223121886461
"86" 36 5.07986705721497 0.277461080895866 0.00451658094261267 36 3.24680382049443 0.139882841985817 0.00451658094261267 36 2.11239280483572 0.0478501975068247 0.00451658094261267 0.75 0.75 "simulation2" 2.6665991153784 1.16256048534732
"87" 37 5.02282848484832 0.247577424456855 0.00388745724347613 37 3.2184459133951 0.136689207555256 0.00388745724347613 37 2.10178423868836 0.0570454579586858 0.00388745724347613 0.75 0.75 "simulation2" 2.4941832454511 1.11079102771192
"88" 38 4.96668235536983 0.258848209869564 0.00334596545747127 38 3.19053170334611 0.140591848880784 0.00334596545747127 38 2.09134165739304 0.0616894347072513 0.00334596545747127 0.75 0.75 "simulation2" 2.32054744726067 1.13550256417399
"89" 39 4.91141470534027 0.271851107348078 0.00287989915808824 39 3.16305424753062 0.145778071776939 0.00287989915808824 39 2.08106246393023 0.0629994133974191 0.00287989915808824 0.75 0.75 "simulation2" 2.04986353584671 1.01749157683694
"90" 40 4.85701178980069 0.221412450935743 0.00247875217666636 40 3.13600671236911 0.116221212348069 0.00247875217666636 40 2.07094410186288 0.0489264937060613 0.00247875217666636 0.75 0.75 "simulation2" 1.89869999440255 0.966162018658922
"91" 41 4.80346007889722 0.262572124229634 0.00213348177003771 41 3.10938237123035 0.116595652956183 0.00213348177003771 41 2.06098405476399 0.0384609402840304 0.00213348177003771 0.75 0.75 "simulation2" 1.74467083239803 0.881720747139578
"92" 42 4.75074625444876 0.245397546279624 0.00183630477702891 42 3.08317460264606 0.118051758088029 0.00183630477702891 42 2.05117984559544 0.0446872812731267 0.00183630477702891 0.75 0.75 "simulation2" 1.57290678054536 0.83163014102454
"93" 43 4.69885720654856 0.249741522935867 0.00158052216873622 43 3.05737688877825 0.129610808577601 0.00158052216873622 43 2.04152903607017 0.0617834653974075 0.00158052216873622 0.75 0.75 "simulation2" 1.40495808884334 0.747547245106968
"94" 44 4.64778003047744 0.246945201278001 0.00136036803754789 44 3.03198281379891 0.118466852890824 0.00136036803754789 44 2.03202922605065 0.0462140364539328 0.00136036803754789 0.75 0.75 "simulation2" 1.28565149256023 0.731693775873427
"95" 45 4.59750202346073 0.192893542060588 0.00117087962079117 45 3.00698606225245 0.100996867209966 0.00117087962079117 45 2.02267805295261 0.0355820124012516 0.00117087962079117 0.75 0.75 "simulation2" 1.14269434005085 0.662103739074176
"96" 46 4.54801068145789 0.233253427869279 0.00100778542904851 46 2.98238041749541 0.0975956581203855 0.00100778542904851 46 2.0134731911575 0 0.00100778542904851 0.75 0.75 "simulation2" 1.03598415275944 0.651433714488607
"97" 47 4.49929369606851 0.2171105669075 0.000867408957307003 47 2.95815976015182 0.090438403681575 0.000867408957307003 47 2.0044123514341 0.00553327784386459 0.000867408957307003 0.75 0.75 "simulation2" 0.918344356782463 0.568227535405871
"98" 48 4.45133895147313 0.218582528713174 0.00074658580837668 48 2.93431806659134 0.0836164194187312 0.00074658580837668 48 0 0.00142533659265631 0.00074658580837668 0.75 0.75 "simulation2" 0.799043287175254 0.478903850538569
"99" 0 0 0 0.001 0 0 0 0.001 0 0 0 0.001 1.62 1.62 "simulation3" 0 0
"100" 1 0.0295231194636449 0.0942522752231021 0.665012370446506 1 0.0234191923859746 0.0314174250743674 0.665012370446506 1 0.0224417353080698 0 0.665012370446506 1.62 1.62 "simulation3" 3.44317972215957e-06 5.96376221837127e-06
"101" 2 0.154945785001416 0.715809764743586 0.740754009417095 2 0.120882483317408 0.596883331718701 0.740754009417095 2 0.0973267473693809 0.460891187633335 0.740754009417095 1.62 1.62 "simulation3" 0 0
"102" 3 0.498123976603218 1.02455908342303 0.637628135340418 3 0.412191515032253 0.861227832659792 0.637628135340418 3 0.332886398951683 0.692508553788518 0.637628135340418 1.62 1.62 "simulation3" 0.0132099448627992 0.0228802956675517
"103" 4 1.01454381195837 1.08514283287621 0.548811636089898 4 0.857870449767762 0.944706418230437 0.548811636089898 4 0.692072358124986 0.74464039881348 0.548811636089898 1.62 1.62 "simulation3" 0.354260987717092 0.282702552729344
"104" 5 1.62467670668107 1.04826531478081 0.472366552741014 5 1.39133765417922 0.907225962462061 0.472366552741014 5 1.11588149382757 0.71094717669634 0.472366552741014 1.62 1.62 "simulation3" 1.39821677995562 0.654544720082511
"105" 6 2.28701774893722 1.01130357071153 0.406569659740599 6 1.96477500740073 0.86861659198539 0.406569659740599 6 1.5585498079952 0.64912951832796 0.406569659740599 1.62 1.62 "simulation3" 2.78016824960307 0.978454971974617
"106" 7 2.98105123464837 0.956509803310212 0.349937749111155 7 2.5677596874432 0.833711764745329 0.349937749111155 7 2.01317207932283 0.626507591614507 0.349937749111155 1.62 1.62 "simulation3" 4.169278230122 1.25631081021671
"107" 8 3.64848877963143 0.821530801349404 0.301194211912202 8 3.15532957428603 0.723100452958548 0.301194211912202 8 2.45833338323484 0.544052248858789 0.301194211912202 1.62 1.62 "simulation3" 5.16092251728471 1.53962532148701
"108" 9 4.24378890826994 0.708769195425619 0.259240260645892 9 3.68881242732399 0.636501649356966 0.259240260645892 9 2.87038908324678 0.494196558566504 0.259240260645892 1.62 1.62 "simulation3" 5.85961493154579 1.64399003518743
"109" 10 4.79981705929233 0.671964953519537 0.22313016014843 10 4.18521831421037 0.586256933210357 0.22313016014843 10 3.25489700527628 0.443271597453613 0.22313016014843 1.62 1.62 "simulation3" 6.41758501413753 1.79939118268886
"110" 11 5.34066806072533 0.631552305433778 0.192049908620754 11 4.65539143503803 0.542304985884956 0.192049908620754 11 3.62497361213155 0.431625981940694 0.192049908620754 1.62 1.62 "simulation3" 6.73307475740956 1.94577057188783
"111" 12 5.86527373964435 0.607448751334143 0.165298888221587 12 5.10127261308054 0.510684371564539 0.165298888221587 12 3.96639254120154 0.368431220412623 0.165298888221587 1.62 1.62 "simulation3" 6.95530232612329 2.02532384368458
"112" 13 6.36015851940242 0.553595421814022 0.142274071586514 13 5.52705613522271 0.483511994262953 0.142274071586514 13 4.27990779884285 0.360427466623435 0.142274071586514 1.62 1.62 "simulation3" 7.1679440971253 2.06813840035469
"113" 14 6.82795202081275 0.542556751696031 0.122456428252982 14 5.93149526086378 0.456603372513468 0.122456428252982 14 4.57977362324573 0.330250183247829 0.122456428252982 1.62 1.62 "simulation3" 7.24484117471572 2.08049027544109
"114" 15 7.29301059785589 0.533477808223136 0.105399224561864 15 6.31223919388401 0.431112981213301 0.105399224561864 15 4.86135054591475 0.325118606355948 0.105399224561864 1.62 1.62 "simulation3" 7.60808990785975 2.31558152066187
"115" 16 7.73264781653899 0.490310730722117 0.0907179532894125 16 6.67739419045204 0.419584644201412 0.0907179532894125 16 5.16089140790807 0.349622453833177 0.0907179532894125 1.62 1.62 "simulation3" 7.80872497838248 2.50887184935128
"116" 17 8.13719108758258 0.465830429344639 0.0780816660011532 17 7.01308642310222 0.374628360253906 0.0780816660011532 17 5.41857093690814 0.253722349681537 0.0780816660011532 1.62 1.62 "simulation3" 8.01053999444752 2.60742800581238
"117" 18 8.50438992878181 0.420275290930678 0.0672055127397498 18 7.31210968372344 0.354628162632144 0.0672055127397498 18 5.60984125113817 0.257005477576027 0.0672055127397498 1.62 1.62 "simulation3" 8.35062263647097 2.80470250350928
"118" 19 8.82667463583121 0.389597049319922 0.0578443208748385 19 7.58771493397513 0.335189010971651 0.0578443208748385 19 5.75085729841336 0.232557054908829 0.0578443208748385 1.62 1.62 "simulation3" 8.55654844906846 3.04575927978127
"119" 20 9.12289068933122 0.383128076676658 0.0497870683678639 20 7.78305271174453 0.289724204927304 0.0497870683678639 20 5.70633160331846 0.121969811469685 0.0497870683678639 1.62 1.62 "simulation3" 8.79738626453334 3.06768644167467
"120" 21 9.37533021348894 0.363799833660548 0.0428521268670402 21 7.80181019079537 0.271153883881587 0.0428521268670402 21 5.63951072893139 0.11735657492152 0.0428521268670402 1.62 1.62 "simulation3" 8.99994918835251 3.18898553947418
"121" 22 9.41369871891526 0.302233333616288 0.03688316740124 22 7.72131838874871 0.241144981161962 0.03688316740124 22 5.57371952391989 0.121272441632629 0.03688316740124 1.62 1.62 "simulation3" 9.23279099176274 3.48568086012933
"122" 23 9.31354275708811 0.317255304549157 0.031745636378068 23 7.62511076553042 0.245661333939074 0.031745636378068 23 5.50895537050159 0.13598599808691 0.031745636378068 1.62 1.62 "simulation3" 9.00629920685661 3.39467159355668
"123" 24 9.2021214075036 0.339583372352467 0.0273237224472926 24 7.52874668785179 0.241344417165944 0.0273237224472926 24 5.44520404883659 0.131304821521813 0.0273237224472926 1.62 1.62 "simulation3" 9.03406635737981 3.47064757248349
"124" 25 9.0911891983052 0.399567734411529 0.0235177458560091 25 7.43415046010129 0.326700601507067 0.0235177458560091 25 5.38245879678625 0.253347745812818 0.0235177458560091 1.62 1.62 "simulation3" 9.90698474390751 2.95889916917377
"125" 26 8.97757412165564 0.392512255218876 0.0202419114458044 26 7.34070839797882 0.263110470868251 0.0202419114458044 26 5.32070350722288 0.197961444629218 0.0202419114458044 1.62 1.62 "simulation3" 9.33838989534917 2.79808649105828
"126" 27 8.86054602364253 0.376716268509161 0.0174223746394935 27 7.248304284202 0.240309615353072 0.0174223746394935 27 5.2598996995092 0.162847442521579 0.0174223746394935 1.62 1.62 "simulation3" 9.22836039455748 2.93724385158422
"127" 28 8.74450907185724 0.366254648050666 0.0149955768204777 28 7.15733756493992 0.253811081058568 0.0149955768204777 28 5.20004278291377 0.126083257690129 0.0149955768204777 1.62 1.62 "simulation3" 8.81182495313509 2.70723106065222
"128" 29 8.63015184716991 0.336083345539895 0.0129068125804799 29 7.06779300945257 0.240824543765345 0.0129068125804799 29 5.14112269470027 0.142941431705065 0.0129068125804799 1.62 1.62 "simulation3" 8.6369023123845 3.02655537750412
"129" 30 8.51756675196869 0.331825064797897 0.0111089965382423 30 6.97964902066731 0.248975163923161 0.0111089965382423 30 5.08312477259497 0.176707426054527 0.0111089965382423 1.62 1.62 "simulation3" 8.45608151643387 3.11929251382527
"130" 31 8.40674153020086 0.329615029816604 0.00956160193054351 31 6.89288679261412 0.229913644141064 0.00956160193054351 31 5.02603473951821 0.116915063172507 0.00956160193054351 1.62 1.62 "simulation3" 8.15251441699411 3.17097415653999
"131" 32 8.29764977949259 0.321915930487777 0.00822974704902003 32 6.80748117631289 0.230430652540925 0.00822974704902003 32 4.96983873313443 0.139357612773236 0.00822974704902003 1.62 1.62 "simulation3" 8.08786755861006 3.27647876938795
"132" 33 8.19026483244123 0.299397240041849 0.00708340892905212 33 6.72341184095386 0.213826866427349 0.00708340892905212 33 4.914521705946 0.137068124392708 0.00708340892905212 1.62 1.62 "simulation3" 7.82649789208346 3.23753381719955
"133" 34 8.08456004523169 0.267208364299812 0.00609674656551564 34 6.6406578798413 0.192911450571987 0.00609674656551564 34 4.86007018670121 0.130003607759644 0.00609674656551564 1.62 1.62 "simulation3" 7.34327242752959 3.01654230676169
"134" 35 7.98050915190421 0.264206180925467 0.00524751839918138 35 6.55919869206158 0.162765768311065 0.00524751839918138 35 4.80647062547869 0.111719583269577 0.00524751839918138 1.62 1.62 "simulation3" 7.05742422394828 2.99912116157065
"135" 36 7.87808625846934 0.286832271636797 0.00451658094261267 36 6.47901404401267 0.169448861710513 0.00451658094261267 36 4.75370969374769 0.103505679819629 0.00451658094261267 1.62 1.62 "simulation3" 6.76201761436429 2.88326873260704
"136" 37 7.77726588836768 0.263220699916041 0.00388745724347613 37 6.40008399164463 0.167133448553197 0.00388745724347613 37 4.70177427809555 0.108573305111008 0.00388745724347613 1.62 1.62 "simulation3" 6.39370090490462 2.72252408983036
"137" 38 7.67802298985085 0.279359947052885 0.00334596545747127 38 6.32238890291892 0.162457254170402 0.00334596545747127 38 4.65065146054978 0.0854798700153159 0.00334596545747127 1.62 1.62 "simulation3" 6.05606996604084 2.61461296576585
"138" 39 7.58033287824055 0.247628683503661 0.00287989915808824 39 6.24590945522342 0.132556515160182 0.00287989915808824 39 4.60032852617987 0.0232597029434893 0.00287989915808824 1.62 1.62 "simulation3" 5.70876024364164 2.51830830375373
"139" 40 7.48417125587508 0.241532378230328 0.00247875217666636 40 6.1706266284211 0.136049409538848 0.00247875217666636 40 4.55079295981419 0.0357376899868083 0.00247875217666636 1.62 1.62 "simulation3" 5.42695867282549 2.52043047774286
"140" 41 7.38951420756139 0.222728719904581 0.00213348177003771 41 6.09652169968581 0.128394362615672 0.00213348177003771 41 4.50203244207849 0.0652623410462154 0.00213348177003771 1.62 1.62 "simulation3" 5.16452186569324 2.5229447845817
"141" 42 7.29633819244335 0.199131854790183 0.00183630477702891 42 6.02357623918979 0.118418588766709 0.00183630477702891 42 4.45403484625091 0.0456069606365734 0.00183630477702891 1.62 1.62 "simulation3" 4.69444868790431 2.18988950983799
"142" 43 7.20462003765771 0.195175871464548 0.00158052216873622 43 5.95177210558468 0.12948300007705 0.00158052216873622 43 4.40678823540884 0.0659590240419989 0.00158052216873622 1.62 1.62 "simulation3" 4.36805259152946 2.10991781939276
"143" 44 7.11433693300737 0.170240396542076 0.00136036803754789 44 5.88109144132746 0.114146476844225 0.00136036803754789 44 4.36028085943077 0.0401345026879527 0.00136036803754789 1.62 1.62 "simulation3" 4.06488581173227 2.06369768116787
"144" 45 7.02546642530981 0.20088110953773 0.00117087962079117 45 5.81151666827456 0.121217319948447 0.00117087962079117 45 4.31450115202471 0.0398381870257687 0.00117087962079117 1.62 1.62 "simulation3" 3.74375334804778 1.89253081865596
"145" 46 6.93798641264812 0.200548387213962 0.00100778542904851 46 5.74303048331533 0.118470737268627 0.00100778542904851 46 4.26943772786653 0.0363928271159228 0.00100778542904851 1.62 1.62 "simulation3" 3.52455193768155 1.84534856551784
"146" 47 6.85187513891346 0.191201618160333 0.000867408957307003 47 5.67561585406883 0.136408952614725 0.000867408957307003 47 4.22507937977035 0.0929327621252551 0.000867408957307003 1.62 1.62 "simulation3" 3.21253610462656 1.6995883072589
"147" 48 6.76711118839961 0.206168019894689 0.00074658580837668 48 5.60925601464794 0.126561153800211 0.00074658580837668 48 4.18141507590131 0.0492630355217785 0.00074658580837668 1.62 1.62 "simulation3" 3.00802644781614 1.66709973437981
"148" 0 0 0 0.001 0 0 0 0.001 0 0 0 0.001 3.5 3.5 "simulation4" 0 0
"149" 1 0.0594151460079229 0.237990610709792 0.665012370446506 1 0.0332875333501466 0.122090408954116 0.665012370446506 1 0.0224417353080699 0 0.665012370446506 3.5 3.5 "simulation4" 0 0
"150" 2 0.267104333150227 1.19158550006136 0.740754009417095 2 0.183584441116378 0.879048109289714 0.740754009417095 2 0.102064487076498 0.506220914779596 0.740754009417095 3.5 3.5 "simulation4" 0 0
"151" 3 0.779441433266562 1.48999872223596 0.637628135340418 3 0.592170582134353 1.2252824298755 0.637628135340418 3 0.366871622370264 0.808689598805823 0.637628135340418 3.5 3.5 "simulation4" 0.0267354897657093 0.0434331367735153
"152" 4 1.55794466665605 1.75360935898503 0.548811636089898 4 1.23087321920709 1.41428866799431 0.548811636089898 4 0.797731520463004 0.93460479580268 0.548811636089898 3.5 3.5 "simulation4" 0.447237045590144 0.311344079710307
"153" 5 2.57779068294213 1.84177307796342 0.472366552741014 5 2.07219287330741 1.52857869493305 0.472366552741014 5 1.35568286370998 0.994388583675475 0.472366552741014 3.5 3.5 "simulation4" 1.89640553296878 0.679570452464275
"154" 6 3.77255094112801 1.89039991868322 0.406569659740599 6 3.05451314194344 1.53538884309816 0.406569659740599 6 1.98805986710525 0.9607120581965 0.406569659740599 3.5 3.5 "simulation4" 3.76161971171517 0.900684137430128
"155" 7 5.07412386540516 1.82654263428403 0.349937749111155 7 4.12750031157078 1.51858392650905 0.349937749111155 7 2.68810936505242 1.01206213873399 0.349937749111155 3.5 3.5 "simulation4" 5.7315131130131 1.14669052881276
"156" 8 6.41123047569404 1.74670691883831 0.301194211912202 8 5.24086567559535 1.44240069423873 0.301194211912202 8 3.42334107518635 0.919370895802789 0.301194211912202 3.5 3.5 "simulation4" 7.28812708381336 1.38626182279394
"157" 9 7.72608876318794 1.59785421823588 0.259240260645892 9 6.32762500404099 1.31529595850633 0.259240260645892 9 4.10940091296604 0.814909811502669 0.259240260645892 3.5 3.5 "simulation4" 8.73369754926184 1.64365446588666
"158" 10 8.94568671680269 1.41699333566961 0.22313016014843 10 7.3439402136395 1.1858899945058 0.22313016014843 10 4.75083695116486 0.752899260188039 0.22313016014843 3.5 3.5 "simulation4" 9.79283927662421 1.77459022486965
"159" 11 10.0707301796722 1.30881134338324 0.192049908620754 11 8.28840040168309 1.08926788347956 0.192049908620754 11 5.35244477745594 0.682024411707369 0.192049908620754 3.5 3.5 "simulation4" 10.6000132052667 2.03333850810307
"160" 12 11.1265509081651 1.21157155006154 0.165298888221587 12 9.1752575695166 1.0148334818236 0.165298888221587 12 5.91129218682327 0.633409988057583 0.165298888221587 3.5 3.5 "simulation4" 10.9687823824002 2.00766668155663
"161" 13 12.1382187361462 1.17223232749141 0.142274071586514 13 10.0174812449304 0.96184553106747 0.142274071586514 13 6.43697265039522 0.5929291099742 0.142274071586514 3.5 3.5 "simulation4" 11.4384168925443 2.34313805351538
"162" 14 13.0942675048574 1.07246094246681 0.122456428252982 14 10.8126627999948 0.896878651730253 0.122456428252982 14 6.93919477843393 0.568555856821214 0.122456428252982 3.5 3.5 "simulation4" 11.8708853022237 2.21121636173464
"163" 15 13.975103506956 1.0116204982597 0.105399224561864 15 11.5471459316943 0.831147962293534 0.105399224561864 15 7.39641291292696 0.502260301494343 0.105399224561864 3.5 3.5 "simulation4" 12.2117434212556 2.07351465171761
"164" 16 14.7897968945551 0.936539798422012 0.0907179532894125 16 12.2230300435962 0.77856664060959 0.0907179532894125 16 7.83321786522707 0.522032244594892 0.0907179532894125 3.5 3.5 "simulation4" 12.6095110325578 2.23463666761031
"165" 17 15.5539147865326 0.911423534982035 0.0780816660011532 17 12.8606924652666 0.754106212760093 0.0780816660011532 17 8.25900491022011 0.478638887358357 0.0780816660011532 3.5 3.5 "simulation4" 13.4090099335154 2.80215693521665
"166" 18 16.2908244481886 0.876491842404898 0.0672055127397498 18 13.4781626096034 0.733675268309901 0.0672055127397498 18 8.68074589593637 0.51061225424769 0.0672055127397498 3.5 3.5 "simulation4" 13.8880569486032 2.93261405508208
"167" 19 16.959315829761 0.791328961778425 0.0578443208748385 19 14.0446911735044 0.664361777843932 0.0578443208748385 19 9.08012250391755 0.439954742318183 0.0578443208748385 3.5 3.5 "simulation4" 14.4533557954753 3.34972752225678
"168" 20 17.5512040240057 0.743918692858818 0.0497870683678639 20 14.5489027303263 0.626135016293079 0.0497870683678639 20 9.43939881950282 0.445731202977926 0.0497870683678639 3.5 3.5 "simulation4" 15.1128442473392 3.81947443645041
"169" 21 18.0861399217556 0.691410354732917 0.0428521268670402 21 15.000569245731 0.576179150667087 0.0428521268670402 21 9.74445168189805 0.383271452092671 0.0428521268670402 3.5 3.5 "simulation4" 15.4556601053966 3.72647552180157
"170" 22 18.5652159260054 0.657498603076003 0.03688316740124 22 15.4219484511051 0.579005984539802 0.03688316740124 22 9.99873977983946 0.430782225962972 0.03688316740124 3.5 3.5 "simulation4" 15.8054740235298 4.22249034695805
"171" 23 19.0500305774746 0.701951719740288 0.031745636378068 23 15.7978743877619 0.533171648718136 0.031745636378068 23 10.0438081971313 0.313637251150584 0.031745636378068 3.5 3.5 "simulation4" 15.7116076311703 3.92516203018443
"172" 24 19.5045699631464 0.642547390957847 0.0273237224472926 24 15.9329585636416 0.474848514711352 0.0273237224472926 24 9.91206726885996 0.257582158019612 0.0273237224472926 3.5 3.5 "simulation4" 15.6959283605103 4.00852799812961
"173" 25 19.8364172955337 0.650751851998635 0.0235177458560091 25 16.0250503561994 0.613869275934165 0.0235177458560091 25 9.88963711768901 0.591536721485419 0.0235177458560091 3.5 3.5 "simulation4" 16.8426785439487 2.80008854895596
"174" 26 19.984646834797 0.648635302035685 0.0202419114458044 26 16.1264601792623 0.603289786165271 0.0202419114458044 26 9.99555865786481 0.54003647897595 0.0202419114458044 3.5 3.5 "simulation4" 16.3663271262775 2.74540055620004
"175" 27 19.8810130668873 0.644607483097776 0.0174223746394935 27 15.9678232528569 0.544599729577498 0.0174223746394935 27 9.88235927386608 0.467891807834977 0.0174223746394935 3.5 3.5 "simulation4" 16.0703557281309 2.50661410412143
"176" 28 19.6417255963462 0.634282418889486 0.0149955768204777 28 15.7504568028203 0.562986367253302 0.0149955768204777 28 9.75192692356755 0.472759767398181 0.0149955768204777 3.5 3.5 "simulation4" 16.3532664510105 3.00376878881292
"177" 29 19.3685293439638 0.64237714333622 0.0129068125804799 29 15.5295002179222 0.558006949147127 0.0129068125804799 29 9.622198159192 0.458233677536995 0.0129068125804799 3.5 3.5 "simulation4" 16.4204079481575 3.25105987805237
"178" 30 19.090355437029 0.607517174464937 0.0111089965382423 30 15.3094878695652 0.530881065729328 0.0111089965382423 30 9.49415188353925 0.435002018909118 0.0111089965382423 3.5 3.5 "simulation4" 16.3483718125926 3.29647678480387
"179" 31 18.8143827465704 0.564836357259318 0.00956160193054351 31 15.092473993909 0.512011084470275 0.00956160193054351 31 9.36805519400346 0.421166104690624 0.00956160193054351 3.5 3.5 "simulation4" 16.4986116563898 3.41849784474503
"180" 32 18.5424815901025 0.549989710934757 0.00822974704902003 32 14.8787915808116 0.473708866104292 0.00822974704902003 32 9.24392437609705 0.404351821174622 0.00822974704902003 3.5 3.5 "simulation4" 16.4011421231824 3.36303152027055
"181" 33 18.2748052631106 0.506662957939338 0.00708340892905212 33 14.6684377618468 0.479585492564737 0.00708340892905212 33 9.1217338920993 0.430709951643089 0.00708340892905212 3.5 3.5 "simulation4" 15.7788275864413 3.33739470061988
"182" 34 18.0113149818929 0.494319373474658 0.00609674656551564 34 14.4613738473754 0.447390557884721 0.00609674656551564 34 9.00145514802114 0.416657241883138 0.00609674656551564 3.5 3.5 "simulation4" 15.6151234372431 3.40835024424415
"183" 35 17.751947071077 0.473161293512642 0.00524751839918138 35 14.2575494357734 0.429716355177138 0.00524751839918138 35 8.88305824215057 0.394373078603144 0.00524751839918138 3.5 3.5 "simulation4" 14.9599160858547 3.30998899850267
"184" 36 17.4966371954901 0.459739969264617 0.00451658094261267 36 14.0569140820971 0.397632828248226 0.00451658094261267 36 8.76651380025484 0.322744686369789 0.00451658094261267 3.5 3.5 "simulation4" 14.255376726972 3.19942600612816
"185" 37 17.245322038973 0.411516917533912 0.00388745724347613 37 13.8594179443171 0.363026798126919 0.00388745724347613 37 8.65179284833103 0.316169169287134 0.00388745724347613 3.5 3.5 "simulation4" 13.7223185983568 3.24186314357558
"186" 38 16.9979390514649 0.401064055016888 0.00334596545747127 38 13.6650118586472 0.335353611569232 0.00334596545747127 38 8.53886685601451 0.246620406255531 0.00334596545747127 3.5 3.5 "simulation4" 13.0657682356402 2.61493255972256
"187" 39 16.7544266939233 0.346257131296993 0.00287989915808824 39 13.4736474797532 0.307498077164464 0.00287989915808824 39 8.427707721884 0.233561838211085 0.00287989915808824 3.5 3.5 "simulation4" 12.4173970374472 2.5658388023526
"188" 40 16.5147244047983 0.343791859315726 0.00247875217666636 40 13.2852772567951 0.287383199587117 0.00247875217666636 40 8.31828780835063 0.185602849432238 0.00247875217666636 3.5 3.5 "simulation4" 12.0016551934226 2.56433079352836
"189" 41 16.2787725707013 0.333271338380517 0.00213348177003771 41 13.0998543366585 0.28265512194292 0.00213348177003771 41 8.21057991697051 0.200441869782325 0.00213348177003771 3.5 3.5 "simulation4" 11.5309845410985 2.40880322654443
"190" 42 16.0465125108823 0.312303770188756 0.00183630477702891 42 12.9173326000337 0.274350045931409 0.00183630477702891 42 8.10455725742636 0.207988082507657 0.00183630477702891 3.5 3.5 "simulation4" 11.0831768274683 2.34151357281619
"191" 43 15.8178864627182 0.287215345020878 0.00158052216873622 43 12.7376666540529 0.25777618103211 0.00158052216873622 43 8.00019346070977 0.202850188706309 0.00158052216873622 3.5 3.5 "simulation4" 10.6496702395499 2.30500914073582
"192" 44 15.5928375673555 0.297352433227323 0.00136036803754789 44 12.5608118165887 0.263049197765684 0.00136036803754789 44 7.89746257185717 0.202220743899193 0.00136036803754789 3.5 3.5 "simulation4" 10.1290229023161 2.15050200140566
"193" 45 15.3713098555719 0.30764277171685 0.00117087962079117 45 12.3867241038354 0.261427611221021 0.00117087962079117 45 7.79633904191339 0.213273872073344 0.00117087962079117 3.5 3.5 "simulation4" 9.77006434790318 1.98753601765337
"194" 46 15.1532482342404 0.299949364658188 0.00100778542904851 46 12.2153602203544 0.251977418133087 0.00100778542904851 46 7.69679772150281 0.178816024591353 0.00100778542904851 3.5 3.5 "simulation4" 9.41589454096381 2.04508714152094
"195" 47 14.938598471593 0.29123735407664 0.000867408957307003 47 12.0466775483852 0.266340359910318 0.000867408957307003 47 7.59881385487756 0.21801875371933 0.000867408957307003 3.5 3.5 "simulation4" 8.74858467642157 1.88562311682801
"196" 48 14.7273071844029 0.27249839917363 0.00074658580837668 48 11.8806341368871 0.238307160494677 0.00074658580837668 48 7.50236307367485 0.186130368431604 0.00074658580837668 3.5 3.5 "simulation4" 8.38930782404648 1.78513108585884
"197" 0 0 0 0.001 0 0 0 0.001 0 0 0 0.001 7.54 7.54 "simulation5" 0 0
"198" 1 0.0778499288053737 0.311740062889927 0.665012370446506 1 0.0457061704600236 0.184605278450885 0.665012370446506 1 0.0224417353080771 0 0.665012370446506 7.54 7.54 "simulation5" 0 0
"199" 2 0.326374030501753 1.43613840388153 0.740754009417095 2 0.23114296808697 1.08334956327997 0.740754009417095 2 0.123033227653134 0.67930346202188 0.740754009417095 7.54 7.54 "simulation5" 0 0
"200" 3 0.950448072593477 1.86613731306882 0.637628135340418 3 0.71577084794491 1.45392094702974 0.637628135340418 3 0.448527230976676 0.980472333822133 0.637628135340418 7.54 7.54 "simulation5" 0.0627606272372983 0.0700106520109374
"201" 4 1.95553291308519 2.33275482056467 0.548811636089898 4 1.5147827530004 1.86660503115421 0.548811636089898 4 1.00999343390181 1.32758289390169 0.548811636089898 7.54 7.54 "simulation5" 0.653778619751089 0.484649079943421
"202" 5 3.31299520418933 2.45553256317439 0.472366552741014 5 2.62460455318256 2.03049847834668 0.472366552741014 5 1.83662638267334 1.54900784204187 0.472366552741014 7.54 7.54 "simulation5" 2.22678983711502 1.00931667022581
"203" 6 4.8944832670724 2.50027730148592 0.406569659740599 6 3.94825537369735 2.09888300026272 0.406569659740599 6 2.86956994786918 1.6416524806203 0.406569659740599 7.54 7.54 "simulation5" 4.93817335924659 1.28045949679059
"204" 7 6.62462612699821 2.46071066752118 0.349937749111155 7 5.41898427808078 2.09699224158516 0.349937749111155 7 4.03267486181748 1.65487889849106 0.349937749111155 7.54 7.54 "simulation5" 7.50972107919616 1.45634065690804
"205" 8 8.45924963715959 2.44914385643912 0.301194211912202 8 6.98707330420456 2.07703227850166 0.301194211912202 8 5.27990661916969 1.65062768731407 0.301194211912202 7.54 7.54 "simulation5" 9.64963891653166 1.72663490292447
"206" 9 10.3508689847947 2.35078118044598 0.259240260645892 9 8.58033664663788 1.95925341489381 0.259240260645892 9 6.55732855537567 1.55397191350165 0.259240260645892 7.54 7.54 "simulation5" 11.6570233609286 2.17651763525914
"207" 10 12.2399455682641 2.26249202804508 0.22313016014843 10 10.1538804039687 1.88053061101461 0.22313016014843 10 7.78655136684891 1.43612021501173 0.22313016014843 7.54 7.54 "simulation5" 13.2279811618213 2.51405565055649
"208" 11 14.0369438511323 2.02859942078091 0.192049908620754 11 11.6546995103609 1.69886750487442 0.192049908620754 11 8.94923816880063 1.32737047417249 0.192049908620754 7.54 7.54 "simulation5" 15.0365231699186 3.37171813201103
"209" 12 15.7008368057206 1.89962223628788 0.165298888221587 12 13.0683525804744 1.62719076237207 0.165298888221587 12 10.0403556904836 1.23562847593148 0.165298888221587 7.54 7.54 "simulation5" 15.9200350368217 3.2155041007244
"210" 13 17.2548448329969 1.73803518473793 0.142274071586514 13 14.4352324794507 1.54095717181514 0.142274071586514 13 11.1231016616626 1.25957561095299 0.142274071586514 7.54 7.54 "simulation5" 16.7197070794642 3.72174088289888
"211" 14 18.6869224155912 1.62221522436931 0.122456428252982 14 15.7249146910611 1.4403480696446 0.122456428252982 14 12.1999255059096 1.1833523262762 0.122456428252982 7.54 7.54 "simulation5" 17.775442046704 3.62453329398281
"212" 15 20.0371596351968 1.55247349625892 0.105399224561864 15 16.9249376445348 1.34968621009532 0.105399224561864 15 13.1773160602998 1.06167683840812 0.105399224561864 7.54 7.54 "simulation5" 18.633607381657 3.74296001850641
"213" 16 21.3507426664292 1.53028093551461 0.0907179532894125 16 18.0692136811415 1.31764638367483 0.0907179532894125 16 14.06473820028 1.00483788303481 0.0907179532894125 7.54 7.54 "simulation5" 19.9591303638809 4.65328497494369
"214" 17 22.6284738161197 1.47562403127088 0.0780816660011532 17 19.170782665378 1.26128217196875 0.0780816660011532 17 14.8999526735664 0.954262576058087 0.0780816660011532 7.54 7.54 "simulation5" 21.1976749190789 4.87634750398765
"215" 18 23.858093911433 1.44276216900051 0.0672055127397498 18 20.2303986921259 1.23929323643477 0.0672055127397498 18 15.6885139055311 0.917473131346355 0.0672055127397498 7.54 7.54 "simulation5" 21.848602956501 5.13941612241797
"216" 19 25.0534013060299 1.41080287031794 0.0578443208748385 19 21.253414279462 1.19483643265602 0.0578443208748385 19 16.4376845498511 0.885210877081748 0.0578443208748385 7.54 7.54 "simulation5" 23.2327321467188 5.708207398425
"217" 20 26.1817609420076 1.33267755204265 0.0497870683678639 20 22.2223191765778 1.15439381487349 0.0497870683678639 20 17.161435940606 0.880101007863281 0.0497870683678639 7.54 7.54 "simulation5" 24.5149227910491 5.76792140607497
"218" 21 27.2431057671496 1.30342264444788 0.0428521268670402 21 23.1817415276322 1.17571976409714 0.0428521268670402 21 17.9192745647427 0.931345558019311 0.0428521268670402 7.54 7.54 "simulation5" 25.4943074364773 5.9816735391558
"219" 22 28.2677712542244 1.27056679872003 0.03688316740124 22 24.0885940970002 1.07235957954111 0.03688316740124 22 18.5888037142731 0.743680107438036 0.03688316740124 7.54 7.54 "simulation5" 25.6191845317714 6.18420231554276
"220" 23 29.2174815355695 1.18748504511734 0.031745636378068 23 24.9066183302942 1.03869380634632 0.031745636378068 23 19.1445967367489 0.756752298558984 0.031745636378068 7.54 7.54 "simulation5" 26.6448910757631 6.73631016098807
"221" 24 30.0857954082985 1.15041465541716 0.0273237224472926 24 25.665327863706 0.993363568610084 0.0273237224472926 24 19.6772681453947 0.744368950802122 0.0273237224472926 7.54 7.54 "simulation5" 27.1405701281289 7.32076605342108
"222" 25 30.9452810328978 1.18340814856948 0.0235177458560091 25 26.5053962229221 1.1769881606908 0.0235177458560091 25 20.4661012637397 1.16567514052742 0.0235177458560091 7.54 7.54 "simulation5" 28.7032184350329 4.87013093057473
"223" 26 31.8404692910856 1.22087798777313 0.0202419114458044 26 27.4193360939252 1.12399360098463 0.0202419114458044 26 21.4218351026929 1.02474185915338 0.0202419114458044 7.54 7.54 "simulation5" 28.3780984918832 4.87173134202931
"224" 27 32.7292062116759 1.20086991304105 0.0174223746394935 27 28.2209318526591 1.06040744059849 0.0174223746394935 27 22.1380842617879 0.933797523183674 0.0174223746394935 7.54 7.54 "simulation5" 29.1105041545088 4.97873997405113
"225" 28 33.5359879586617 1.16927050937322 0.0149955768204777 28 28.8701607579224 1.04948186454224 0.0149955768204777 28 22.6377632701937 0.972785336157234 0.0149955768204777 7.54 7.54 "simulation5" 29.1467589450333 4.99242234416043
"226" 29 34.0862225958448 1.11731062974873 0.0129068125804799 29 29.1651430154839 1.00720844286739 0.0129068125804799 29 22.7958196473797 0.92962709000602 0.0129068125804799 7.54 7.54 "simulation5" 29.4778741216455 5.20198868042928
"227" 30 34.100014567427 1.07595304393089 0.0111089965382423 30 28.9514799733328 0.941347800748025 0.0111089965382423 30 22.5559892591298 0.838162838007875 0.0111089965382423 7.54 7.54 "simulation5" 30.048922746582 5.0402987417587
"228" 31 33.7128116231682 1.01516706853855 0.00956160193054351 31 28.5549072867491 0.908612292983855 0.00956160193054351 31 22.2373064591973 0.848605081715384 0.00956160193054351 7.54 7.54 "simulation5" 30.7039192089833 4.81544335917248
"229" 32 33.2261121786411 0.983357838983053 0.00822974704902003 32 28.1369200483979 0.903743738604155 0.00822974704902003 32 21.9149127317469 0.843656928098132 0.00822974704902003 7.54 7.54 "simulation5" 30.887417856938 4.92961629925553
"230" 33 32.7321507574736 0.979288643179744 0.00708340892905212 33 27.7204304238352 0.882183904206675 0.00708340892905212 33 21.5951168969892 0.829902237572329 0.00708340892905212 7.54 7.54 "simulation5" 30.5448070998627 5.54434061667427
"231" 34 32.2431366802583 0.943271604500252 0.00609674656551564 34 27.3093647013062 0.843556694073428 0.00609674656551564 34 21.2797851936606 0.787551330404449 0.00609674656551564 7.54 7.54 "simulation5" 30.2100061223169 5.50408440602362
"232" 35 31.7611965614417 0.912268649213837 0.00524751839918138 35 26.9045268768001 0.78676785778671 0.00524751839918138 35 20.969283754386 0.693839565715227 0.00524751839918138 7.54 7.54 "simulation5" 30.3871166331449 5.82343636556624
"233" 36 31.2867037535528 0.915315806520517 0.00451658094261267 36 26.5060034874693 0.764268718246863 0.00451658094261267 36 20.6636305660401 0.653991668186344 0.00451658094261267 7.54 7.54 "simulation5" 29.7971275353627 5.90089327957357
"234" 37 30.8196261743483 0.834699139617282 0.00388745724347613 37 26.1137226768172 0.710561059289926 0.00388745724347613 37 20.3627618653931 0.611279390457273 0.00388745724347613 7.54 7.54 "simulation5" 29.3555610192624 5.22152407259572
"235" 38 30.3598549927918 0.822381385638528 0.00334596545747127 38 25.7275814206909 0.676790933225603 0.00334596545747127 38 20.0666020983599 0.528838637441116 0.00334596545747127 7.54 7.54 "simulation5" 28.5038650877448 5.54670773126406
"236" 39 29.9072780925413 0.79057622321954 0.00287989915808824 39 25.3474823820067 0.639673188779678 0.00287989915808824 39 19.7750764890696 0.480781588791704 0.00287989915808824 7.54 7.54 "simulation5" 28.0265865847691 5.70173660740909
"237" 40 29.4617822789767 0.792465735186157 0.00247875217666636 40 24.9733304912513 0.627995539989519 0.00247875217666636 40 19.488112191944 0.458742885763068 0.00247875217666636 7.54 7.54 "simulation5" 27.092638493542 5.49852601389425
"238" 41 29.0232568117884 0.800870820276128 0.00213348177003771 41 24.6050327244822 0.615283388903492 0.00213348177003771 41 19.2056378250886 0.443595443174146 0.00213348177003771 7.54 7.54 "simulation5" 26.7196444846846 5.0475334952022
"239" 42 28.5915926679947 0.75559290463009 0.00183630477702891 42 24.2424974615475 0.614909913880685 0.00183630477702891 42 18.9275831397063 0.462581065314356 0.00183630477702891 7.54 7.54 "simulation5" 26.0668673640625 4.69109225915005
"240" 43 28.1666824738535 0.75425009552483 0.00158052216873622 43 23.8856345359112 0.589203852764725 0.00158052216873622 43 18.6538789827536 0.464090716773189 0.00158052216873622 7.54 7.54 "simulation5" 25.4197757417448 4.79287006753584
"241" 44 27.7484205541463 0.676014445716315 0.00136036803754789 44 23.5343551963216 0.564776924887447 0.00136036803754789 44 18.3844572845353 0.479479137776858 0.00136036803754789 7.54 7.54 "simulation5" 25.1004291803452 4.63514814950895
"242" 45 27.3367028876081 0.66539633866092 0.00117087962079117 45 23.1885720809417 0.539430708213108 0.00117087962079117 45 18.1192510400694 0.436633828759254 0.00117087962079117 7.54 7.54 "simulation5" 24.6141380632467 4.09906797343064
"243" 46 26.9314270820341 0.672364627171468 0.00100778542904851 46 22.8481991936918 0.527338301898437 0.00100778542904851 46 17.858194293946 0.405553949732068 0.00100778542904851 7.54 7.54 "simulation5" 24.6138544092227 4.6090963122706
"244" 47 26.5324923452896 0.613788432476325 0.000867408957307003 47 22.5131518841214 0.510005702692008 0.000867408957307003 47 17.6012221212824 0.426195180908985 0.000867408957307003 7.54 7.54 "simulation5" 24.0877383878697 4.20757995162865
"245" 48 26.1397994627106 0.61987390375024 0.00074658580837668 48 22.1833468267806 0.507106329566715 0.00074658580837668 48 17.348270613341 0.404027551422889 0.00074658580837668 7.54 7.54 "simulation5" 23.6195947315958 4.41110291994289
"246" 0 0 0 0.001 0 0 0 0.001 0 0 0 0.001 16.25 16.25 "simulation6" 0 0
"247" 1 0.132188732167435 0.469802255711357 0.665012370446506 1 0.103913440628543 0.371516295077605 0.665012370446506 1 0.072932581131104 0.265987299327077 0.665012370446506 16.25 16.25 "simulation6" 0.00184745770038348 0.00319989060189855
"248" 2 0.418634318723412 1.56859421786907 0.740754009417095 2 0.337993937558407 1.26397827028283 0.740754009417095 2 0.261483277554358 1.01616293849348 0.740754009417095 16.25 16.25 "simulation6" 0.00334393821923326 0.0057918708930834
"249" 3 1.10281605151457 2.07721886434037 0.637628135340418 3 0.890969431770846 1.66984529154048 0.637628135340418 3 0.700209003353083 1.29249989174127 0.637628135340418 16.25 16.25 "simulation6" 0.0497276118670074 0.0861307502927218
"250" 4 2.21322256062584 2.60262006898578 0.548811636089898 4 1.81030351990508 2.19272848116618 0.548811636089898 4 1.4342223918216 1.77184278366628 0.548811636089898 16.25 16.25 "simulation6" 0.642036539407439 0.409437212716473
"251" 5 3.82891139296884 3.11949500130568 0.472366552741014 5 3.19226750229287 2.68407994997184 0.472366552741014 5 2.54075891732084 2.12045836257987 0.472366552741014 16.25 16.25 "simulation6" 2.22915299180435 0.800731348698398
"252" 6 5.94968913033596 3.49916755070805 0.406569659740599 6 5.03450720697144 3.04352796904343 0.406569659740599 6 4.01482405062147 2.455343208859 0.406569659740599 16.25 16.25 "simulation6" 4.49807855274994 0.98195184870667
"253" 7 8.49681893738843 3.72713318120363 0.349937749111155 7 7.22914942563281 3.17763292324067 0.349937749111155 7 5.79052554747356 2.56854124491172 0.349937749111155 16.25 16.25 "simulation6" 7.15752765914922 1.15985030393744
"254" 8 11.2700595622638 3.63262670685841 0.301194211912202 8 9.62059863102713 3.15672415984068 0.301194211912202 8 7.74658361531355 2.59948577806504 0.301194211912202 16.25 16.25 "simulation6" 9.84161130170088 1.67294147993751
"255" 9 14.1255448379709 3.57410083468262 0.259240260645892 9 12.0616157967771 3.00569667520103 0.259240260645892 9 9.75723037854919 2.46381098307614 0.259240260645892 16.25 16.25 "simulation6" 12.5901908189988 2.01945599196063
"256" 10 16.9635140097734 3.33251437447797 0.22313016014843 10 14.4955116840199 2.913959883896 0.22313016014843 10 11.7751093694252 2.4277247017604 0.22313016014843 16.25 16.25 "simulation6" 15.1343649255676 2.53544417582476
"257" 11 19.7187310188931 3.2068066991819 0.192049908620754 11 16.883671830065 2.74170629832582 0.192049908620754 11 13.7527446507123 2.24781969540108 0.192049908620754 16.25 16.25 "simulation6" 17.5368813592133 2.92725688018654
"258" 12 22.389618606636 3.01316770727468 0.165298888221587 12 19.2052883314858 2.65756890262103 0.165298888221587 12 15.7036847452044 2.27014574463939 0.165298888221587 16.25 16.25 "simulation6" 19.5470120859195 3.12495222789143
"259" 13 24.9523304979966 2.88623146978319 0.142274071586514 13 21.4764667681018 2.54351914640808 0.142274071586514 13 17.6439208698659 2.13869052923882 0.142274071586514 16.25 16.25 "simulation6" 21.1059294477519 2.89169677399749
"260" 14 27.3741724746346 2.66271328573985 0.122456428252982 14 23.6358197690725 2.38070558189897 0.122456428252982 14 19.4575707288259 1.99071197477363 0.122456428252982 16.25 16.25 "simulation6" 23.0994656000851 3.3680844572938
"261" 15 29.5682435474857 2.43474153053565 0.105399224561864 15 25.6391481883531 2.21917418609306 0.105399224561864 15 21.1807027787241 1.93598377456563 0.105399224561864 16.25 16.25 "simulation6" 24.889398466445 3.81321651203486
"262" 16 31.6492779183936 2.40418141348623 0.0907179532894125 16 27.5568471442109 2.19488371986024 0.0907179532894125 16 22.8769114974048 1.91803414686825 0.0907179532894125 16.25 16.25 "simulation6" 26.3674499867756 3.41098745652913
"263" 17 33.6711618958146 2.29602790274673 0.0780816660011532 17 29.456265812684 2.16113824384293 0.0780816660011532 17 24.5881413036156 1.94784478431997 0.0780816660011532 16.25 16.25 "simulation6" 28.2891937024474 3.61417128450831
"264" 18 35.5763927393616 2.19990163386992 0.0672055127397498 18 31.3010705015762 2.09059219349542 0.0672055127397498 18 26.3015550862579 1.9072893088389 0.0672055127397498 16.25 16.25 "simulation6" 29.3860352702799 4.27444962100515
"265" 19 37.3801631488547 2.12025283558135 0.0578443208748385 19 33.0341376729926 1.97385269139129 0.0578443208748385 19 27.8741195213967 1.72341939948278 0.0578443208748385 16.25 16.25 "simulation6" 30.8954694420475 4.57480525468943
"266" 20 39.1265586540493 2.10413527006485 0.0497870683678639 20 34.6819065791779 1.94851670586828 0.0497870683678639 20 29.3291927954058 1.70011403030536 0.0497870683678639 16.25 16.25 "simulation6" 31.9498333086596 4.93934647769536
"267" 21 40.8370412714309 2.07066531559734 0.0428521268670402 21 36.2795820468634 1.8950830853636 0.0428521268670402 21 30.7123538887258 1.60795149068351 0.0428521268670402 16.25 16.25 "simulation6" 33.2062809280638 5.39669462540675
"268" 22 42.5177554385963 2.06846442567642 0.03688316740124 22 37.8283748627145 1.88312676802685 0.03688316740124 22 32.035276953316 1.60519204195558 0.03688316740124 16.25 16.25 "simulation6" 34.3836797341241 5.97502627512694
"269" 23 44.1780174432375 2.05737021554606 0.031745636378068 23 39.3599325507649 1.88302791493925 0.031745636378068 23 33.3341533902762 1.58888427663181 0.031745636378068 16.25 16.25 "simulation6" 35.6377038214201 6.44962811318324
"270" 24 45.8242347166962 2.07878038043501 0.0273237224472926 24 40.8850108700846 1.90301644463411 0.0273237224472926 24 34.6473445617835 1.68125927881537 0.0273237224472926 16.25 16.25 "simulation6" 36.5321362525207 6.36654589605896
"271" 25 47.5986742208009 2.30684764281207 0.0235177458560091 25 42.5684125255498 2.18617740930169 0.0235177458560091 25 36.2870054778612 2.11081140355943 0.0235177458560091 16.25 16.25 "simulation6" 39.5977661491417 3.55593142770568
"272" 26 49.4813127919465 2.27622801229104 0.0202419114458044 26 44.4275266173845 2.22047797770955 0.0202419114458044 26 38.1360174544282 2.11854108931773 0.0202419114458044 16.25 16.25 "simulation6" 39.8509237085858 3.36119909097868
"273" 27 51.2949923479451 2.24869884062831 0.0174223746394935 27 46.2518838496338 2.17804509872986 0.0174223746394935 27 39.946188067353 2.08310754517481 0.0174223746394935 16.25 16.25 "simulation6" 40.8826476092644 3.82058031543835
"274" 28 53.0817343114465 2.26691278271701 0.0149955768204777 28 48.0287875609848 2.18353211785723 0.0149955768204777 28 41.7170756924044 2.09548768914192 0.0149955768204777 16.25 16.25 "simulation6" 41.6071953750367 4.04503643357218
"275" 29 54.8768149701357 2.28879266061097 0.0129068125804799 29 49.8027223822981 2.20122286726928 0.0129068125804799 29 43.4910034015543 2.1206890145331 0.0129068125804799 16.25 16.25 "simulation6" 43.2044845728488 4.6271419110187
"276" 30 56.599585933847 2.1913602439923 0.0111089965382423 30 51.520633022911 2.13380780704023 0.0111089965382423 30 45.2413609033192 2.09896819019879 0.0111089965382423 16.25 16.25 "simulation6" 44.6480721355576 4.94767815630732
"277" 31 58.1994458493272 2.15697925827158 0.00956160193054351 31 53.1278165146237 2.09253364702515 0.00956160193054351 31 46.8997993854245 2.04533273348839 0.00956160193054351 16.25 16.25 "simulation6" 46.1121074002 5.71951010155859
"278" 32 59.692227664276 2.15771739877586 0.00822974704902003 32 54.5577633280424 2.04878310848455 0.00822974704902003 32 48.2864005904857 1.94581565614813 0.00822974704902003 16.25 16.25 "simulation6" 47.1936351568676 5.63530146478275
"279" 33 60.8927345016528 2.13963214503947 0.00708340892905212 33 55.5684911977529 2.0421085999509 0.00708340892905212 33 49.1638736440194 1.98315667879521 0.00708340892905212 16.25 16.25 "simulation6" 48.2702005226623 5.37742934824898
"280" 34 61.269694072603 2.07143478841086 0.00609674656551564 34 55.7830413067095 2.01516789665682 0.00609674656551564 34 49.2289653766846 1.90343312884737 0.00609674656551564 16.25 16.25 "simulation6" 48.9152928039787 6.42175189731748
"281" 35 60.7540647237079 2.01915605189246 0.00524751839918138 35 55.2587597469903 1.95655749665455 0.00524751839918138 35 48.6688201603984 1.85368226467895 0.00524751839918138 16.25 16.25 "simulation6" 48.8341615798253 6.56604453632153
"282" 36 59.9174400060574 1.98188664883166 0.00451658094261267 36 54.4830490649733 1.92776781648883 0.00451658094261267 36 47.9716263781182 1.87563056248866 0.00451658094261267 16.25 16.25 "simulation6" 48.9032678052728 7.10147099579009
"283" 37 59.0196698785369 1.92832901100712 0.00388745724347613 37 53.6666314399547 1.90194409122011 0.00388745724347613 37 47.2538209656561 1.85710343299882 0.00388745724347613 16.25 16.25 "simulation6" 49.3409267052017 7.29078964549131
"284" 38 58.1216878687205 1.88409437947889 0.00334596545747127 38 52.8519948698183 1.85371049997511 0.00334596545747127 38 46.5390779458661 1.83727549879811 0.00334596545747127 16.25 16.25 "simulation6" 49.7087256905423 6.70991169615622
"285" 39 57.2352055055505 1.81313083363981 0.00287989915808824 39 52.0479417036919 1.7773362040221 0.00287989915808824 39 45.8337589021265 1.75875482536729 0.00287989915808824 16.25 16.25 "simulation6" 50.1050178988489 7.44982208744776
"286" 40 56.3621977364361 1.72819114180674 0.00247875217666636 40 51.2560903028692 1.69870612094275 0.00247875217666636 40 45.1391253344021 1.64701850402517 0.00247875217666636 16.25 16.25 "simulation6" 50.3696112719199 6.5751083670842
"287" 41 55.5027897825613 1.68625312027126 0.00213348177003771 41 50.476574607644 1.64996947740649 0.00213348177003771 41 44.4553220348571 1.62338702211139 0.00213348177003771 16.25 16.25 "simulation6" 50.2935455949271 6.49561173175818
"288" 42 54.6568173683243 1.59423630345818 0.00183630477702891 42 49.7092480875722 1.56893025818217 0.00183630477702891 42 43.7822061323107 1.55319923953263 0.00183630477702891 16.25 16.25 "simulation6" 50.2605492283516 6.82333119319874
"289" 43 53.82408110552 1.55630615020003 0.00158052216873622 43 48.9539247454009 1.54094973338392 0.00158052216873622 43 43.1196192849122 1.52412641556084 0.00158052216873622 16.25 16.25 "simulation6" 49.5502266276583 6.38507135530292
"290" 44 53.0043756712788 1.53390718071466 0.00136036803754789 44 48.2104194339712 1.49614380272812 0.00136036803754789 44 42.4673992216253 1.47200175059426 0.00136036803754789 16.25 16.25 "simulation6" 50.5419172445671 6.65281820827843
"291" 45 52.1974956628773 1.48493465073401 0.00117087962079117 45 47.4785472222378 1.47787850527427 0.00117087962079117 45 41.8253840096636 1.47428049300541 0.00117087962079117 16.25 16.25 "simulation6" 50.1332194645016 6.54968771827108
"292" 46 51.4032403219255 1.47142571267802 0.00100778542904851 46 46.7581261021793 1.43145471437649 0.00100778542904851 46 41.1934139878096 1.39210347871622 0.00100778542904851 16.25 16.25 "simulation6" 49.9464898850605 6.52310489924365
"293" 47 50.6214121395561 1.41584467459192 0.000867408957307003 47 46.0489769080776 1.38726594050151 0.000867408957307003 47 40.5713319604274 1.37217882639254 0.000867408957307003 16.25 16.25 "simulation6" 49.0864085554963 5.0287174858263
"294" 48 49.8518166785207 1.36898311287782 0.00074658580837668 48 45.3509232987354 1.35324526713437 0.00074658580837668 48 39.9589832163729 1.3433834133797 0.00074658580837668 16.25 16.25 "simulation6" 49.687404959635 5.9836453477405
