"time" "Srxn1_max" "NRF2_max" "Fraction_X_max" "time2" "Srxn1_mean" "NRF2_mean" "Fraction_X_mean" "time3" "Srxn1_min" "NRF2_min" "Fraction_X_min" "dose1" "dose2" "Simulation" "SRXN1_observed" "SRXN1_SD"
"1" 0 0 0 0.001 0 0 0 0.001 0 0 0 0.001 0.35 0.35 "simulation1" 0 0
"2" 1 0.0523095205565091 0.158240542330775 0.665012370446506 1 0.0262848815076904 0.0555198158886082 0.665012370446506 1 0.0224417353080697 0 0.665012370446506 0.35 0.35 "simulation1" 0.00526707652451996 0.00912284414782187
"3" 2 0.147120023801512 0.398274238940256 0.740754009417095 2 0.0992426148281472 0.315693838140049 0.740754009417095 2 0.0703172847858687 0.213464009268478 0.740754009417095 0.35 0.35 "simulation1" 0.00706727611813635 0.00679887740568976
"4" 3 0.32745677940072 0.472480424606548 0.637628135340418 3 0.235577140384486 0.325808136304405 0.637628135340418 3 0.162410029070595 0.167524403618586 0.637628135340418 0.35 0.35 "simulation1" 0.00497798703628431 0.0054120902551171
"5" 4 0.562522255072328 0.444092839791109 0.548811636089898 4 0.400201903139075 0.295271315025202 0.548811636089898 4 0.252863321206811 0.14033226201556 0.548811636089898 0.35 0.35 "simulation1" 0.0310710719529083 0.0380330018018242
"6" 5 0.789489835080155 0.318131514517823 0.472366552741014 5 0.570209860423061 0.253484881260063 0.472366552741014 5 0.348105810854871 0.134941724159937 0.472366552741014 0.35 0.35 "simulation1" 0.200495884551925 0.102533305956867
"7" 6 0.987326366769429 0.273302519586571 0.406569659740599 6 0.732347351876525 0.21052194221182 0.406569659740599 6 0.446467507311852 0.115817742299162 0.406569659740599 0.35 0.35 "simulation1" 0.633485959143186 0.165077097243492
"8" 7 1.1680714229072 0.22082567469332 0.349937749111155 7 0.876767741073478 0.168737256911325 0.349937749111155 7 0.525949953356963 0.0651332343245674 0.349937749111155 0.35 0.35 "simulation1" 1.05516220140646 0.244695603609832
"9" 8 1.34766100396483 0.238431873036492 0.301194211912202 8 1.01185551091455 0.166196749197506 0.301194211912202 8 0.561206723505834 0.0390569782475574 0.301194211912202 0.35 0.35 "simulation1" 1.30052257352576 0.275208857480805
"10" 9 1.55292224582258 0.249532553435877 0.259240260645892 9 1.17658288218912 0.211211414344395 0.259240260645892 9 0.648561017398304 0.144259568891311 0.259240260645892 0.35 0.35 "simulation1" 1.75088420033869 0.405999172406372
"11" 10 1.74044428354871 0.190621441569173 0.22313016014843 10 1.33319890770346 0.139133077076595 0.22313016014843 10 0.746682751851022 0.0620621520599426 0.22313016014843 0.35 0.35 "simulation1" 1.50991788890222 0.319962939958955
"12" 11 1.93181917238188 0.244702782073167 0.192049908620754 11 1.46838779872874 0.160235113344923 0.192049908620754 11 0.775533882890128 0.0603980641642612 0.192049908620754 0.35 0.35 "simulation1" 1.54658999470039 0.296188156972018
"13" 12 2.1499622899107 0.229371110081841 0.165298888221587 12 1.61136682901585 0.14331752860093 0.165298888221587 12 0.788178289934232 0.0406577750350653 0.165298888221587 0.35 0.35 "simulation1" 1.57294118704028 0.275163378477622
"14" 13 2.3506835191012 0.208807129510331 0.142274071586514 13 1.73948356639428 0.132991020393312 0.142274071586514 13 0.79865833737842 0.0636093019301652 0.142274071586514 0.35 0.35 "simulation1" 1.58589080660164 0.223980353529422
"15" 14 2.53929849280758 0.201458252535194 0.122456428252982 14 1.85378081557481 0.130834404148981 0.122456428252982 14 0.809323219737445 0.0630441039595845 0.122456428252982 0.35 0.35 "simulation1" 1.54559465188555 0.192593982637498
"16" 15 2.72134774176534 0.194475302058254 0.105399224561864 15 1.92868799089951 0.122851431460479 0.105399224561864 15 0.819182891106486 0.0534625665404382 0.105399224561864 0.35 0.35 "simulation1" 1.55312361822076 0.160950639231088
"17" 16 2.88547180108546 0.184021650977949 0.0907179532894125 16 1.94295317012623 0.112714110435306 0.0907179532894125 16 0.828810636279451 0.0390282372921127 0.0907179532894125 0.35 0.35 "simulation1" 1.58578302774932 0.140958614235313
"18" 17 3.00933501362635 0.182540073832845 0.0780816660011532 17 1.93803448728445 0.109512156044405 0.0780816660011532 17 0.838285550708031 0.026792293910609 0.0780816660011532 0.35 0.35 "simulation1" 1.60458486793884 0.142510752264869
"19" 18 3.05636359394156 0.175461972090864 0.0672055127397498 18 1.93085338880937 0.112237443830729 0.0672055127397498 18 0.847612067114883 0.0502718031253706 0.0672055127397498 0.35 0.35 "simulation1" 1.41578739139916 0.377431624413285
"20" 19 3.07182268799874 0.202248380534323 0.0578443208748385 19 1.92324176729495 0.106021859275669 0.0578443208748385 19 0.856792674127907 0.0382089375181197 0.0578443208748385 0.35 0.35 "simulation1" 1.57237484020949 0.0613322974265078
"21" 20 3.06124839425481 0.173699510154112 0.0497870683678639 20 1.915609217648 0.102139703192183 0.0497870683678639 20 0.865829614812531 0.0586728755735639 0.0497870683678639 0.35 0.35 "simulation1" 1.56872516697412 0.0485518358593564
"22" 21 3.03690020030727 0.175712281970526 0.0428521268670402 21 1.90808270660347 0.100014696876015 0.0428521268670402 21 0.874725159672215 0.0405432993707142 0.0428521268670402 0.35 0.35 "simulation1" 1.57245229892024 0.119716375037514
"23" 22 3.01211136627025 0.172861820442814 0.03688316740124 22 1.90067133124741 0.0903886343155689 0.03688316740124 22 0.883481516406719 0.0330477039558769 0.03688316740124 0.35 0.35 "simulation1" 1.54297022177056 0.169794623784941
"24" 23 2.98747890348204 0.170578609805707 0.031745636378068 23 1.89337533318864 0.0882949002047399 0.031745636378068 23 0.892100869225151 0.0212505874098193 0.031745636378068 0.35 0.35 "simulation1" 1.54009540287382 0.214355850597634
"25" 24 2.96319543327004 0.183156569524535 0.0273237224472926 24 1.88619344296142 0.0816501890579242 0.0273237224472926 24 0.900585361070913 0.00106823767120467 0.0273237224472926 0.35 0.35 "simulation1" 1.44740118218 0.234634416426113
"26" 25 2.93928127578243 0.168670545373686 0.0235177458560091 25 1.87912391763573 0.096347621822092 0.0235177458560091 25 0.908937101994235 0.0135200524155636 0.0235177458560091 0.35 0.35 "simulation1" 1.38764513562744 0.236218695471699
"27" 26 2.91573508991564 0.182027090423385 0.0202419114458044 26 1.8721650060569 0.0949786795829743 0.0202419114458044 26 0.91715816868189 0.00890630326538489 0.0202419114458044 0.35 0.35 "simulation1" 1.18412218735629 0.363244102840028
"28" 27 2.8925576605697 0.152464034308671 0.0174223746394935 27 1.86531497723551 0.0779018201661818 0.0174223746394935 27 0.925250607091118 0 0.0174223746394935 0.35 0.35 "simulation1" 1.109771175485 0.368865953968736
"29" 28 2.86974235436929 0.165836454142622 0.0149955768204777 28 1.8585723292911 0.0895723853197273 0.0149955768204777 28 0.933216430059653 0 0.0149955768204777 0.35 0.35 "simulation1" 1.07105994540511 0.362185692089543
"30" 29 2.84728405628857 0.153762769617308 0.0129068125804799 29 1.85193511951855 0.0886274485627041 0.0129068125804799 29 0.941057616898625 0.0187744366440838 0.0129068125804799 0.35 0.35 "simulation1" 1.05284629971027 0.339781888478694
"31" 30 2.82517716218302 0.174579972031056 0.0111089965382423 30 1.84540175470378 0.0949843157827482 0.0111089965382423 30 0.948776117950696 0.0251139314907033 0.0111089965382423 0.35 0.35 "simulation1" 0.967336168521085 0.337265558342081
"32" 31 2.80341615931135 0.178270672812488 0.00956160193054351 31 1.8389706129253 0.0902383748245515 0.00956160193054351 31 0.95637385298389 0.030273693327372 0.00956160193054351 0.35 0.35 "simulation1" 0.899446509953701 0.319567420372509
"33" 32 2.78199563276945 0.139339768411123 0.00822974704902003 32 1.83264009324316 0.0797591136230044 0.00822974704902003 32 0.96385271153969 0.0163282218982557 0.00822974704902003 0.35 0.35 "simulation1" 0.842903682076036 0.377793711368508
"34" 0 0 0 0.001 0 0 0 0.001 0 0 0 0.001 0.75 0.75 "simulation2" 0 0
"35" 1 0.048741273369363 0.152938153684788 0.665012370446506 1 0.0284931987497666 0.0743471090457677 0.665012370446506 1 0.0224417353080698 0 0.665012370446506 0.75 0.75 "simulation2" 0.0313684804717027 0.0465108094914951
"36" 2 0.152796482673528 0.482911938849096 0.740754009417095 2 0.118735302831419 0.450585670864325 0.740754009417095 2 0.0948385741799297 0.418270062155819 0.740754009417095 0.75 0.75 "simulation2" 0.0291355202978075 0.0464922646676179
"37" 3 0.38478421142538 0.668146604421088 0.637628135340418 3 0.321536844618042 0.534197443244587 0.637628135340418 3 0.266902912851148 0.396213485050274 0.637628135340418 0.75 0.75 "simulation2" 0.0354066864859037 0.0431268770330225
"38" 4 0.729468358399082 0.711320090574134 0.548811636089898 4 0.592459470467778 0.538065737297214 0.548811636089898 4 0.471269241200458 0.39805368633907 0.548811636089898 0.75 0.75 "simulation2" 0.12118278142523 0.0714379394667275
"39" 5 1.1228557972288 0.636031915740653 0.472366552741014 5 0.891990778639153 0.475716420852403 0.472366552741014 5 0.695468708579592 0.344106525730887 0.472366552741014 0.75 0.75 "simulation2" 0.461108673348812 0.122962794658883
"40" 6 1.49729188313429 0.518463184151322 0.406569659740599 6 1.18097138918484 0.399513976224617 0.406569659740599 6 0.911715754167938 0.294232613637084 0.406569659740599 0.75 0.75 "simulation2" 1.14080948625397 0.249859433218581
"41" 7 1.85739559291676 0.49750304581156 0.349937749111155 7 1.45413296315029 0.35877873277008 0.349937749111155 7 1.1109142181193 0.244067435188024 0.349937749111155 0.75 0.75 "simulation2" 1.94186165397911 0.254221474580682
"42" 8 2.21028636219455 0.436089545315992 0.301194211912202 8 1.71339540148973 0.318329740492437 0.301194211912202 8 1.28665723418938 0.208218229984833 0.301194211912202 0.75 0.75 "simulation2" 2.47857344950723 0.222346461412206
"43" 9 2.55567988884618 0.429194021431127 0.259240260645892 9 1.98187970011316 0.343045433881324 0.259240260645892 9 1.48903965168543 0.274468150490903 0.259240260645892 0.75 0.75 "simulation2" 3.12520626959086 0.167414285002917
"44" 10 2.88972326878639 0.370586662220558 0.22313016014843 10 2.26018027745459 0.311332963687369 0.22313016014843 10 1.70473413828746 0.219460325070578 0.22313016014843 0.75 0.75 "simulation2" 3.1370434177361 0.18678971211431
"45" 11 3.17101681868415 0.304498371142472 0.192049908620754 11 2.51212142952743 0.275010777067494 0.192049908620754 11 1.90061325416543 0.227349486647915 0.192049908620754 0.75 0.75 "simulation2" 3.22785411440532 0.280828656373817
"46" 12 3.43345480929572 0.312325987644071 0.165298888221587 12 2.75617461098046 0.279288106649056 0.165298888221587 12 2.11588008039963 0.243413336472403 0.165298888221587 0.75 0.75 "simulation2" 3.33382078795002 0.242045907036193
"47" 13 3.68590438658512 0.271102021879157 0.142274071586514 13 2.99085036919631 0.245264043848785 0.142274071586514 13 2.33501961031891 0.226087544190246 0.142274071586514 0.75 0.75 "simulation2" 3.38889857762488 0.319875273516708
"48" 14 3.91339273428604 0.259083284110043 0.122456428252982 14 3.19838814544346 0.222684808904702 0.122456428252982 14 2.52594699343947 0.186078100935112 0.122456428252982 0.75 0.75 "simulation2" 3.48724513813302 0.357748848680211
"49" 15 4.12794892596971 0.239267653319725 0.105399224561864 15 3.38454924705857 0.201689295393068 0.105399224561864 15 2.66748538788673 0.151204734675961 0.105399224561864 0.75 0.75 "simulation2" 3.57813556055909 0.27278298119527
"50" 16 4.31660784234103 0.213786421733615 0.0907179532894125 16 3.54862866351563 0.191577461916476 0.0907179532894125 16 2.74974037838638 0.148844577931729 0.0907179532894125 0.75 0.75 "simulation2" 3.53359391514917 0.323526045668989
"51" 17 4.47530759578607 0.208880981383661 0.0780816660011532 17 3.67623422682151 0.186175313955827 0.0780816660011532 17 2.78698375600535 0.153247113842688 0.0780816660011532 0.75 0.75 "simulation2" 3.51103972035298 0.336336714351109
"52" 18 4.58321484087904 0.204913068634017 0.0672055127397498 18 3.71711413262407 0.172616100964027 0.0672055127397498 18 2.77507350923416 0.113697075491298 0.0672055127397498 0.75 0.75 "simulation2" 3.4597355182593 0.270675396835833
"53" 19 4.61161767663372 0.20539681937269 0.0578443208748385 19 3.69764840718118 0.169585404819606 0.0578443208748385 19 2.75469846808484 0.140228921711237 0.0578443208748385 0.75 0.75 "simulation2" 3.47017161220664 0.427663931838185
"54" 20 4.59163935339893 0.210061762031152 0.0497870683678639 20 3.66566938066751 0.165928768171316 0.0497870683678639 20 2.73453330558776 0.13520716919103 0.0497870683678639 0.75 0.75 "simulation2" 3.36255693181914 0.46540023912966
"55" 21 4.54868892301407 0.191889746038318 0.0428521268670402 21 3.63141730423559 0.162399790812802 0.0428521268670402 21 2.71424609670437 0.121222669183014 0.0428521268670402 0.75 0.75 "simulation2" 3.36818449467489 0.560195845570522
"56" 22 4.50055180295181 0.180661368817969 0.03688316740124 22 3.59713153299362 0.146064345216959 0.03688316740124 22 2.69422470145244 0.112223557043617 0.03688316740124 0.75 0.75 "simulation2" 3.36045766456883 0.627885681935249
"57" 23 4.4526823123923 0.185476804867334 0.031745636378068 23 3.56330322123443 0.14877611396613 0.031745636378068 23 2.67451342581001 0.128382552813977 0.031745636378068 0.75 0.75 "simulation2" 3.26298771183499 0.646297831251341
"58" 24 4.40547946234081 0.174707196048282 0.0273237224472926 24 3.52999601507908 0.141741914712211 0.0273237224472926 24 2.65511009236933 0.124310325166788 0.0273237224472926 0.75 0.75 "simulation2" 3.20071442179745 0.710697694078068
"59" 25 4.35899713391913 0.19528622381681 0.0235177458560091 25 3.49720771310751 0.153518444886998 0.0235177458560091 25 2.63600963047112 0.128839816239762 0.0235177458560091 0.75 0.75 "simulation2" 2.99986736364742 0.676894909483307
"60" 26 4.3132402774932 0.181131000688344 0.0202419114458044 26 3.46493206695152 0.134078041138651 0.0202419114458044 26 2.61720855058017 0.0944275126261533 0.0202419114458044 0.75 0.75 "simulation2" 2.9312890240041 0.699959332057779
"61" 27 4.26819664601976 0.178553768433753 0.0174223746394935 27 3.43316126103323 0.130445992972234 0.0174223746394935 27 2.59870148073207 0.102927522497042 0.0174223746394935 0.75 0.75 "simulation2" 2.82861384524115 0.756807170246499
"62" 28 4.22385774638549 0.164603857531641 0.0149955768204777 28 3.40188755408858 0.133365042335398 0.0149955768204777 28 2.58048398397756 0.11036489114902 0.0149955768204777 0.75 0.75 "simulation2" 2.69250599296144 0.694935498722042
"63" 29 4.18021256095114 0.148785216787627 0.0129068125804799 29 3.37110316563531 0.122083173078532 0.0129068125804799 29 2.56255152365036 0.0823551766165439 0.0129068125804799 0.75 0.75 "simulation2" 2.63882894421516 0.744049430865621
"64" 30 4.13725026319467 0.133569282581615 0.0111089965382423 30 3.3408004386733 0.11291386107882 0.0111089965382423 30 2.54489963993494 0.0844857727930007 0.0111089965382423 0.75 0.75 "simulation2" 2.46473343303578 0.655125787502567
"65" 31 4.09496016779063 0.126067955763873 0.00956160193054351 31 3.31097183734636 0.100359590775615 0.00956160193054351 31 2.52752394293629 0.0839207149381049 0.00956160193054351 0.75 0.75 "simulation2" 2.33833192806286 0.628261209196307
"66" 32 4.05333175106906 0.13839736393954 0.00822974704902003 32 3.28160994333119 0.101654621233261 0.00822974704902003 32 2.5104201120525 0.0827106422428011 0.00822974704902003 0.75 0.75 "simulation2" 2.18129364155549 0.622040250939916
"67" 0 0 0 0.001 0 0 0 0.001 0 0 0 0.001 1.62 1.62 "simulation3" 0 0
"68" 1 0.0661460487048661 0.234485815832629 0.665012370446506 1 0.030864540891493 0.102896739617648 0.665012370446506 1 0.0224417353080794 0 0.665012370446506 1.62 1.62 "simulation3" 0 0
"69" 2 0.230105880638471 0.861695054282246 0.740754009417095 2 0.163237531908046 0.747875930411026 0.740754009417095 2 0.116622302639938 0.571871895857668 0.740754009417095 1.62 1.62 "simulation3" 0 0
"70" 3 0.61799881032285 1.13655670909761 0.637628135340418 3 0.490122541283246 0.909104661804075 0.637628135340418 3 0.352704169469372 0.612979453257292 0.637628135340418 1.62 1.62 "simulation3" 0.0142025684254413 0.0126269239368252
"71" 4 1.18684006854876 1.20863103914104 0.548811636089898 4 0.946251208389522 0.957814113678337 0.548811636089898 4 0.661896943355235 0.633471036947528 0.548811636089898 1.62 1.62 "simulation3" 0.152847265036387 0.0616911543717269
"72" 5 1.87477889763273 1.20184142567634 0.472366552741014 5 1.49146927273306 0.937692057173333 0.472366552741014 5 1.025779775951 0.610628106172741 0.472366552741014 1.62 1.62 "simulation3" 0.803812868510447 0.163761886718979
"73" 6 2.61377121474478 1.10238644950196 0.406569659740599 6 2.0649245474546 0.838620121793011 0.406569659740599 6 1.40692019686121 0.548883155812574 0.406569659740599 1.62 1.62 "simulation3" 2.01418765755625 0.312332831155826
"74" 7 3.35161360638771 1.01455361814788 0.349937749111155 7 2.62254001600213 0.751097813924107 0.349937749111155 7 1.76970694942813 0.465152443116292 0.349937749111155 1.62 1.62 "simulation3" 3.23434474236418 0.284319524239052
"75" 8 4.0902302849264 0.966504654891967 0.301194211912202 8 3.15496039760674 0.679123484352349 0.301194211912202 8 2.08388964294052 0.378971698904784 0.301194211912202 1.62 1.62 "simulation3" 4.34830586182876 0.290234416024002
"76" 9 4.82445219994195 0.904516561531317 0.259240260645892 9 3.69824226074261 0.699245310672325 0.259240260645892 9 2.44008574253734 0.506433943365836 0.259240260645892 1.62 1.62 "simulation3" 5.56789976738888 0.992706929249397
"77" 10 5.53596934244221 0.845605138583043 0.22313016014843 10 4.25142594023611 0.643667560861191 0.22313016014843 10 2.8390281140795 0.431414206954878 0.22313016014843 1.62 1.62 "simulation3" 6.07912653154631 1.0988148381224
"78" 11 6.20940233272298 0.78190714146961 0.192049908620754 11 4.76821541186505 0.5900933440742 0.192049908620754 11 3.18918129189084 0.386664774175285 0.192049908620754 1.62 1.62 "simulation3" 6.4349625066557 1.1518353100248
"79" 12 6.87370777948043 0.780921426627784 0.165298888221587 12 5.26160384432435 0.564258804955353 0.165298888221587 12 3.4860158822701 0.308194570790485 0.165298888221587 1.62 1.62 "simulation3" 6.78825453897609 1.22469292533989
"80" 13 7.49048923604292 0.644486008818545 0.142274071586514 13 5.71808953397705 0.495437785173908 0.142274071586514 13 3.74732036851982 0.298133988380978 0.142274071586514 1.62 1.62 "simulation3" 6.95517653669577 1.24587432171869
"81" 14 8.00039329881195 0.572325479786711 0.122456428252982 14 6.11692453499033 0.440583578742688 0.122456428252982 14 3.98748621969522 0.253770395350559 0.122456428252982 1.62 1.62 "simulation3" 7.15470921608125 1.20982900518015
"82" 15 8.43463507404684 0.491141112015089 0.105399224561864 15 6.4622727923885 0.384903985179581 0.105399224561864 15 4.18630906160282 0.218063031340731 0.105399224561864 1.62 1.62 "simulation3" 7.17575241456887 1.07256582058291
"83" 16 8.82839935654034 0.48179222483494 0.0907179532894125 16 6.76690872244118 0.359193998141808 0.0907179532894125 16 4.3355305971205 0.178592579378278 0.0907179532894125 1.62 1.62 "simulation3" 7.35962323029384 1.19637496510725
"84" 17 9.20063667327062 0.441306618411187 0.0780816660011532 17 7.05358722317868 0.346105848078913 0.0780816660011532 17 4.44838144244772 0.198700584753365 0.0780816660011532 1.62 1.62 "simulation3" 7.45620320436209 1.14490844282843
"85" 18 9.52433591083209 0.399188145659407 0.0672055127397498 18 7.32245668860582 0.326713494381885 0.0672055127397498 18 4.53240776037379 0.194202498028275 0.0672055127397498 1.62 1.62 "simulation3" 7.63851369434514 1.14965189049427
"86" 19 9.83033781445518 0.406363352381335 0.0578443208748385 19 7.56316033309351 0.309843106075594 0.0578443208748385 19 4.51767446872605 0.169885483558818 0.0578443208748385 1.62 1.62 "simulation3" 7.64534973068687 1.26945622746063
"87" 20 10.1085938122482 0.363348669871172 0.0497870683678639 20 7.73503031928285 0.290131431522014 0.0497870683678639 20 4.4728097770807 0.163888539783273 0.0497870683678639 1.62 1.62 "simulation3" 7.6855785788763 1.26970346878651
"88" 21 10.3220163960989 0.363422533300734 0.0428521268670402 21 7.76239799938242 0.274962918578355 0.0428521268670402 21 4.42555640020411 0.11975504835978 0.0428521268670402 1.62 1.62 "simulation3" 7.7112308569444 1.54303684708078
"89" 22 10.3951896844552 0.333591418410686 0.03688316740124 22 7.68841780947451 0.252383506650852 0.03688316740124 22 4.37875765449021 0.106567237969043 0.03688316740124 1.62 1.62 "simulation3" 7.70193433892769 1.49406470129188
"90" 23 10.2949560427387 0.301542718279748 0.031745636378068 23 7.59281514220431 0.227310060246672 0.031745636378068 23 4.33268823174439 0.0838149234176083 0.031745636378068 1.62 1.62 "simulation3" 7.64359006187528 1.4329491802559
"91" 24 10.1613261562612 0.297817271913823 0.0273237224472926 24 7.49670986079185 0.226536711931977 0.0273237224472926 24 4.28734080077921 0.0910597095788707 0.0273237224472926 1.62 1.62 "simulation3" 7.52551796206683 1.50423715686473
"92" 25 10.0258731598663 0.297658164741137 0.0235177458560091 25 7.40190337679792 0.217218112445501 0.0235177458560091 25 4.24269999009785 0.0771771927074036 0.0235177458560091 1.62 1.62 "simulation3" 7.42108240054011 1.80205229647431
"93" 26 9.89172235473757 0.301038728102718 0.0202419114458044 26 7.30854106969043 0.209446264073234 0.0202419114458044 26 4.19876045308391 0.072249956938008 0.0202419114458044 1.62 1.62 "simulation3" 7.24534049405932 1.83431704933578
"94" 27 9.7594347783953 0.27515742675344 0.0174223746394935 27 7.21663373423408 0.197763261353714 0.0174223746394935 27 4.1555079495607 0.0443262966201996 0.0174223746394935 1.62 1.62 "simulation3" 7.15208993735373 1.95816985837013
"95" 28 9.62918053185547 0.254376633688477 0.0149955768204777 28 7.12616298681648 0.186054835776198 0.0149955768204777 28 4.11293219331596 0.0565267667830729 0.0149955768204777 1.62 1.62 "simulation3" 6.86888385589605 1.74627585501053
"96" 29 9.50096193341706 0.261781045785346 0.0129068125804799 29 7.03710751190076 0.183646273581811 0.0129068125804799 29 4.07102258024586 0.0644205028430814 0.0129068125804799 1.62 1.62 "simulation3" 6.71342303059159 1.90460533180785
"97" 30 9.37474937805624 0.243400963106125 0.0111089965382423 30 6.94944536948037 0.176000982122541 0.0111089965382423 30 4.02976869247135 0.0502098703148418 0.0111089965382423 1.62 1.62 "simulation3" 6.59056551461227 1.83728206332974
"98" 31 9.25051175932974 0.241462026644176 0.00956160193054351 31 6.86315481406976 0.168096823624028 0.00956160193054351 31 3.9891602779258 0.0345884594507849 0.00956160193054351 1.62 1.62 "simulation3" 6.43939753178719 1.88574200311944
"99" 32 9.12821803504536 0.245304828760153 0.00822974704902003 32 6.77821439149125 0.165150704464402 0.00822974704902003 32 3.94918723613033 0.0468240451693977 0.00822974704902003 1.62 1.62 "simulation3" 6.30041627551358 1.99688798618082
"100" 0 0 0 0.001 0 0 0 0.001 0 0 0 0.001 3.5 3.5 "simulation4" 0 0
"101" 1 0.0531293969537834 0.207869291982615 0.665012370446506 1 0.0288971669713116 0.0777021491078411 0.665012370446506 1 0.0224417825336022 0.00637296703319001 0.665012370446506 3.5 3.5 "simulation4" 0 0
"102" 2 0.23683058411504 1.05376705145908 0.740754009417095 2 0.165102063141229 0.843756813614745 0.740754009417095 2 0.113478365694313 0.572490041520683 0.740754009417095 3.5 3.5 "simulation4" 0 0
"103" 3 0.729551826255257 1.51763614726643 0.637628135340418 3 0.550584167883085 1.13348180893696 0.637628135340418 3 0.36282903148568 0.663837756760692 0.637628135340418 3.5 3.5 "simulation4" 0.0186702199662641 0.021706567927039
"104" 4 1.53484946887806 1.81975969845866 0.548811636089898 4 1.14712751618921 1.3242033162992 0.548811636089898 4 0.715889127350618 0.764579346886593 0.548811636089898 3.5 3.5 "simulation4" 0.21867724685367 0.0991822521364434
"105" 5 2.58980194464996 1.89115853933418 0.472366552741014 5 1.92115581744548 1.38366067785683 0.472366552741014 5 1.16985621453089 0.801786336714981 0.472366552741014 3.5 3.5 "simulation4" 1.12629476270344 0.327760945071196
"106" 6 3.79919690476433 1.88982783848808 0.406569659740599 6 2.80915785853855 1.37427021629018 0.406569659740599 6 1.70910787750773 0.846826698827934 0.406569659740599 3.5 3.5 "simulation4" 2.7352474007024 0.574532691907548
"107" 7 5.10203399570864 1.83394990588258 0.349937749111155 7 3.74262315542252 1.28524936890707 0.349937749111155 7 2.28868017313438 0.777308665074725 0.349937749111155 3.5 3.5 "simulation4" 4.54923217551085 0.76561202533391
"108" 8 6.42804274342988 1.73190373102951 0.301194211912202 8 4.67394550548207 1.21246922452391 0.301194211912202 8 2.84833355688774 0.717809794494671 0.301194211912202 3.5 3.5 "simulation4" 6.13224800512699 0.840317903183662
"109" 9 7.78854589064447 1.7296544676869 0.259240260645892 9 5.6369744107916 1.23139124989544 0.259240260645892 9 3.48093123651217 0.859011760940951 0.259240260645892 3.5 3.5 "simulation4" 7.83562550989815 1.1323070969107
"110" 10 9.18324405176747 1.66290274412344 0.22313016014843 10 6.63061397930677 1.18034034059087 0.22313016014843 10 4.17313404229567 0.780505567699513 0.22313016014843 3.5 3.5 "simulation4" 8.82282982953502 1.30042236116117
"111" 11 10.5124220686921 1.50674925844098 0.192049908620754 11 7.5817918960047 1.08097891791081 0.192049908620754 11 4.80109816586694 0.692578707850707 0.192049908620754 3.5 3.5 "simulation4" 9.7765824547864 1.5121262618298
"112" 12 11.7525301216812 1.41246776467077 0.165298888221587 12 8.48629743303337 1.03426631624094 0.165298888221587 12 5.37043031025171 0.629747071319754 0.165298888221587 3.5 3.5 "simulation4" 10.1577069893489 1.46430101907202
"113" 13 12.9099434514749 1.2900291940498 0.142274071586514 13 9.3430570739914 0.948244857391241 0.142274071586514 13 5.9095137514065 0.606251820086852 0.142274071586514 3.5 3.5 "simulation4" 10.6354224441187 1.24525704827806
"114" 14 13.9767262393212 1.20285550373199 0.122456428252982 14 10.1361372468439 0.886905460417075 0.122456428252982 14 6.42419676562004 0.563499777295986 0.122456428252982 3.5 3.5 "simulation4" 10.9323364482889 0.976553672570705
"115" 15 14.9585289911419 1.10526987163781 0.105399224561864 15 10.864017100915 0.808160365512155 0.105399224561864 15 6.89366967843265 0.510996500704482 0.105399224561864 3.5 3.5 "simulation4" 11.5199463228448 1.1589194621347
"116" 16 15.8611199126126 1.04341985322238 0.0907179532894125 16 11.531274287822 0.765547527106899 0.0907179532894125 16 7.30996174426473 0.45958227688795 0.0907179532894125 3.5 3.5 "simulation4" 11.8361078290436 1.19387681090819
"117" 17 16.7207137218325 1.01348482304939 0.0780816660011532 17 12.1674277059785 0.741193361875304 0.0780816660011532 17 7.68713363745816 0.435213112069609 0.0780816660011532 3.5 3.5 "simulation4" 12.027153888303 1.3378510323236
"118" 18 17.5365996523371 0.957270775274397 0.0672055127397498 18 12.7706163345145 0.699763928098381 0.0672055127397498 18 8.0438317000613 0.415737436606497 0.0672055127397498 3.5 3.5 "simulation4" 12.2766107713826 1.38649421562143
"119" 19 18.2778145557901 0.8880122246288 0.0578443208748385 19 13.3071189083639 0.62996307704776 0.0578443208748385 19 8.35155145614145 0.357855948313952 0.0578443208748385 3.5 3.5 "simulation4" 12.4669029414704 1.37760452337892
"120" 20 18.9939539799125 0.908427213673242 0.0497870683678639 20 13.802140810394 0.621708197558626 0.0497870683678639 20 8.61565790282475 0.354450748054275 0.0497870683678639 3.5 3.5 "simulation4" 12.7208758034092 1.25842768665096
"121" 21 19.676038106923 0.832947225771719 0.0428521268670402 21 14.2619932584571 0.568338356608494 0.0428521268670402 21 8.7515110070037 0.291507165138028 0.0428521268670402 3.5 3.5 "simulation4" 12.7781221378448 1.48100610736582
"122" 22 20.3209065922554 0.846429128835191 0.03688316740124 22 14.6775836441284 0.556901054835245 0.03688316740124 22 8.67992604470709 0.272723273268529 0.03688316740124 3.5 3.5 "simulation4" 13.0495981827437 1.76950382143157
"123" 23 20.9056591776321 0.735664907143453 0.031745636378068 23 15.0155627395623 0.49845238100375 0.031745636378068 23 8.5722363518268 0.245621494958418 0.031745636378068 3.5 3.5 "simulation4" 12.9679329757295 1.65255131258741
"124" 24 21.3900239382181 0.705320232502348 0.0273237224472926 24 15.1188551001413 0.465348325103728 0.0273237224472926 24 8.46081438644637 0.186514082720793 0.0273237224472926 3.5 3.5 "simulation4" 13.1275444645505 1.76073262580863
"125" 25 21.7889559750441 0.679201138068822 0.0235177458560091 25 14.989404237591 0.43623643218486 0.0235177458560091 25 8.3508842776515 0.185297901811562 0.0235177458560091 3.5 3.5 "simulation4" 13.0808521613052 1.93868629469395
"126" 26 21.9438323396289 0.648123599238793 0.0202419114458044 26 14.7899227113215 0.414066803988636 0.0202419114458044 26 8.24266784384735 0.141871211535194 0.0202419114458044 3.5 3.5 "simulation4" 13.102629226344 2.22706858185747
"127" 27 21.8167483117903 0.65053293413421 0.0174223746394935 27 14.5824955421522 0.380284426994957 0.0174223746394935 27 8.13614323356136 0.0879627405317447 0.0174223746394935 3.5 3.5 "simulation4" 12.8360648549863 2.28489473318226
"128" 28 21.5395791024375 0.58714995631557 0.0149955768204777 28 14.3769119349493 0.346541784987494 0.0149955768204777 28 8.03128530550553 0.0714478520716935 0.0149955768204777 3.5 3.5 "simulation4" 12.7878384167522 2.37176118573751
"129" 29 21.2286368175391 0.552628350341896 0.0129068125804799 29 14.1744249232608 0.332102350421674 0.0129068125804799 29 7.92806795330029 0.0799190402224714 0.0129068125804799 3.5 3.5 "simulation4" 12.6659674917091 2.46553085258146
"130" 30 20.9194224985151 0.53958191088538 0.0111089965382423 30 13.9750926337397 0.321043909685716 0.0111089965382423 30 7.82646556204037 0.0700133629147978 0.0111089965382423 3.5 3.5 "simulation4" 12.5393403726958 2.48939333696648
"131" 31 20.6146731096268 0.55983396138182 0.00956160193054351 31 13.778877041046 0.317232156393078 0.00956160193054351 31 7.72645287272311 0.060705215695154 0.00956160193054351 3.5 3.5 "simulation4" 12.2771004088455 2.55681155559753
"132" 32 20.3146019522797 0.5097289980447 0.00822974704902003 32 13.5857312307436 0.294682125812998 0.00822974704902003 32 7.62800501240037 0.0657585110435698 0.00822974704902003 3.5 3.5 "simulation4" 12.1348162138907 2.54582726529279
"133" 0 0 0 0.001 0 0 0 0.001 0 0 0 0.001 7.54 7.54 "simulation5" 0 0
"134" 1 0.0783236795692738 0.309400957185379 0.665012370446506 1 0.045606550253015 0.181127519228745 0.665012370446506 1 0.022441735308073 0 0.665012370446506 7.54 7.54 "simulation5" 0.00876622430182224 0.0151835458813011
"135" 2 0.319823463405472 1.38623902713457 0.740754009417095 2 0.225521653346017 1.03766135547027 0.740754009417095 2 0.115040242703052 0.596690575204798 0.740754009417095 7.54 7.54 "simulation5" 0.0114460168793979 0.0198250827794081
"136" 3 0.927289803700553 1.82783859799688 0.637628135340418 3 0.67646926415836 1.31598156964536 0.637628135340418 3 0.374700943706088 0.706632318630206 0.637628135340418 7.54 7.54 "simulation5" 0.0372054116406154 0.032948049909921
"137" 4 1.91627779106021 2.31106775341831 0.548811636089898 4 1.39426336895582 1.66675038082709 0.548811636089898 4 0.782657986487917 0.959009338716034 0.548811636089898 7.54 7.54 "simulation5" 0.251940970753022 0.0428466693769557
"138" 5 3.30445641866326 2.56743882542255 0.472366552741014 5 2.39051244017739 1.82016594108308 0.472366552741014 5 1.3858806394792 1.12444721306614 0.472366552741014 7.54 7.54 "simulation5" 1.33124241809203 0.167563723789168
"139" 6 4.92384726708506 2.49255979759658 0.406569659740599 6 3.54866756985969 1.78552815026308 0.406569659740599 6 2.14481262013244 1.19833349698906 0.406569659740599 7.54 7.54 "simulation5" 3.26780338269092 0.236096954895258
"140" 7 6.63099877763376 2.41394355070278 0.349937749111155 7 4.76763893131644 1.70362291432845 0.349937749111155 7 2.95974011195503 1.09954831142741 0.349937749111155 7.54 7.54 "simulation5" 5.39193054993815 0.326635197965999
"141" 8 8.42003896040042 2.3922074344912 0.301194211912202 8 6.02227971206973 1.66727492470587 0.301194211912202 8 3.76459062347347 1.06535967456729 0.301194211912202 7.54 7.54 "simulation5" 7.39748912350909 0.344740868634398
"142" 9 10.3211840149106 2.42732275069374 0.259240260645892 9 7.37617495720191 1.75599478456322 0.259240260645892 9 4.7339585528014 1.35043792925844 0.259240260645892 7.54 7.54 "simulation5" 9.35459344513914 0.757484828243005
"143" 10 12.2538164107562 2.28375977775476 0.22313016014843 10 8.78416068299268 1.65247068383212 0.22313016014843 10 5.8453047158665 1.27231232537644 0.22313016014843 7.54 7.54 "simulation5" 11.0028328034717 1.21979966947651
"144" 11 14.1292292446604 2.17590925550208 0.192049908620754 11 10.1195195155747 1.52468953092229 0.192049908620754 11 6.87239451446765 1.13732855434841 0.192049908620754 7.54 7.54 "simulation5" 12.4855562410859 1.29790539399185
"145" 12 15.9031427479185 1.97891513281304 0.165298888221587 12 11.4101804531884 1.48764934841598 0.165298888221587 12 7.88097661668482 1.17423564923559 0.165298888221587 7.54 7.54 "simulation5" 13.5963183594052 1.34311582613352
"146" 13 17.5442378717734 1.84812987384206 0.142274071586514 13 12.665302970245 1.39747251730485 0.142274071586514 13 8.88010979397168 1.07020017788604 0.142274071586514 7.54 7.54 "simulation5" 14.5239612758525 1.39594604868401
"147" 14 19.0862348850179 1.73411589802678 0.122456428252982 14 13.8392388633426 1.30101718788641 0.122456428252982 14 9.7839758894314 0.976173810260431 0.122456428252982 7.54 7.54 "simulation5" 15.2976413624516 1.5609325856494
"148" 15 20.529839198452 1.63124903881016 0.105399224561864 15 14.9416272868701 1.23562520137175 0.105399224561864 15 10.6315315286965 0.936219664664597 0.105399224561864 7.54 7.54 "simulation5" 16.0766540319223 1.53320048964584
"149" 16 21.9027146099045 1.57351589637824 0.0907179532894125 16 15.9644988452574 1.13859384486923 0.0907179532894125 16 11.3863938413629 0.798813104279322 0.0907179532894125 7.54 7.54 "simulation5" 17.1092321611151 1.82543513029145
"150" 17 23.1555561005035 1.4103434073685 0.0780816660011532 17 16.9096851014076 1.08703372239717 0.0780816660011532 17 12.0761831759718 0.811355049874658 0.0780816660011532 7.54 7.54 "simulation5" 17.42437879363 1.80078537850127
"151" 18 24.3332936000294 1.43703300026548 0.0672055127397498 18 17.8047008736025 1.04312648810403 0.0672055127397498 18 12.745004100834 0.753808376529579 0.0672055127397498 7.54 7.54 "simulation5" 18.2574616153661 2.51527690466081
"152" 19 25.5271129196222 1.42279367855948 0.0578443208748385 19 18.667415825032 1.02909964976913 0.0578443208748385 19 13.3892929329639 0.773231260913047 0.0578443208748385 7.54 7.54 "simulation5" 19.002702988945 2.6163029773816
"153" 20 26.6651767051806 1.3495003187646 0.0497870683678639 20 19.5112741431512 1.00786909116763 0.0497870683678639 20 14.0543236997236 0.782229066565232 0.0497870683678639 7.54 7.54 "simulation5" 19.6183012481637 2.99645018590874
"154" 21 27.7349994788138 1.31189520256096 0.0428521268670402 21 20.2986176368934 0.938697531933416 0.0428521268670402 21 14.6690767987097 0.700492844017274 0.0428521268670402 7.54 7.54 "simulation5" 20.1483400460546 3.74693732535032
"155" 22 28.7382220867241 1.23946548040669 0.03688316740124 22 21.0272835640092 0.913936994766224 0.03688316740124 22 15.2304999925818 0.693773348562582 0.03688316740124 7.54 7.54 "simulation5" 20.318434168532 3.80945727882537
"156" 23 29.6525094351504 1.17158535544255 0.031745636378068 23 21.7126081913094 0.867852155942716 0.031745636378068 23 15.7729548464567 0.671870475937733 0.031745636378068 7.54 7.54 "simulation5" 20.9404742930476 4.14460813011594
"157" 24 30.4945514318433 1.1302227559003 0.0273237224472926 24 22.3361052229146 0.821482334724632 0.0273237224472926 24 16.2309806013244 0.608852877173815 0.0273237224472926 7.54 7.54 "simulation5" 21.3125080117301 4.55372234489224
"158" 25 31.307989381795 1.12750762871244 0.0235177458560091 25 22.8914410587601 0.78731472390255 0.0235177458560091 25 16.4447186539573 0.563981279356083 0.0235177458560091 7.54 7.54 "simulation5" 21.640663150857 4.81777487592957
"159" 26 32.0806057252578 1.07525489242494 0.0202419114458044 26 23.3313583694911 0.766544966445884 0.0202419114458044 26 16.3834731158888 0.564729998252909 0.0202419114458044 7.54 7.54 "simulation5" 21.8332726458952 5.08139857061571
"160" 27 32.7754674104012 1.05182680862087 0.0174223746394935 27 23.4945155687478 0.741711122533362 0.0174223746394935 27 16.2009382500203 0.553454382104598 0.0174223746394935 7.54 7.54 "simulation5" 22.0063971717268 5.04249227882882
"161" 28 33.2596457591996 0.97839566071285 0.0149955768204777 28 23.3136872546152 0.705615530050393 0.0149955768204777 28 15.9783430460718 0.514705935623014 0.0149955768204777 7.54 7.54 "simulation5" 22.1988505396296 5.44695839487779
"162" 29 33.2649399493834 0.952853287167565 0.0129068125804799 29 22.9991226977994 0.672458229180926 0.0129068125804799 29 15.7516862839893 0.481011843884212 0.0129068125804799 7.54 7.54 "simulation5" 22.5101737179197 5.53377482707073
"163" 30 32.9573149840188 0.97459208748524 0.0111089965382423 30 22.6657266280067 0.643610257093908 0.0111089965382423 30 15.5277834107391 0.459765738266592 0.0111089965382423 7.54 7.54 "simulation5" 22.5309417636227 5.89803849311426
"164" 31 32.5071366813814 0.89171585886015 0.00956160193054351 31 22.3341024550326 0.613326962709742 0.00956160193054351 31 15.3072891178494 0.438630319240778 0.00956160193054351 7.54 7.54 "simulation5" 22.3268002614377 5.85344360486416
"165" 32 32.0258019819866 0.87837652549326 0.00822974704902003 32 22.0071844547854 0.600202483532374 0.00822974704902003 32 15.0902314416063 0.424097597862246 0.00822974704902003 7.54 7.54 "simulation5" 22.5796592170159 6.42412409291327
"166" 0 0 0 0.001 0 0 0 0.001 0 0 0 0.001 16.25 16.25 "simulation6" 0 0
"167" 1 0.15060841133519 0.492577339129185 0.665012370446506 1 0.0872394526207811 0.317544497735514 0.665012370446506 1 0.0473973221729503 0.192109964080086 0.665012370446506 16.25 16.25 "simulation6" 0 0
"168" 2 0.398723016859725 1.25769610305897 0.740754009417095 2 0.300902718243987 1.15754792223202 0.740754009417095 2 0.248669071177783 1.10551980941793 0.740754009417095 16.25 16.25 "simulation6" 0.00125827185080653 0.00217939077533063
"169" 3 0.968928696687485 1.79364073692383 0.637628135340418 3 0.798971788303719 1.47917996806132 0.637628135340418 3 0.670043501179805 1.13369541674248 0.637628135340418 16.25 16.25 "simulation6" 0.0188410256596117 0.0249030382546996
"170" 4 1.99141087681604 2.48675809685304 0.548811636089898 4 1.63241672182923 2.01754334011397 0.548811636089898 4 1.28978280703533 1.52386479686196 0.548811636089898 16.25 16.25 "simulation6" 0.213441945478212 0.113260790602575
"171" 5 3.52095320656573 2.90214771966291 0.472366552741014 5 2.91475029813751 2.48714084415174 0.472366552741014 5 2.35244634232805 2.19631489495523 0.472366552741014 16.25 16.25 "simulation6" 1.17908497944175 0.4199338118209
"172" 6 5.48335403713162 3.19456556162056 0.406569659740599 6 4.59419061745514 2.71578277267368 0.406569659740599 6 3.86603184220456 2.45297282300879 0.406569659740599 16.25 16.25 "simulation6" 3.07448789680025 0.762290413790072
"173" 7 7.677070760072 3.04865316847245 0.349937749111155 7 6.48714689431225 2.65678125108458 0.349937749111155 7 5.58312133595687 2.39887089638169 0.349937749111155 16.25 16.25 "simulation6" 5.338560721784 0.88706826168117
"174" 8 9.91164062938376 2.95821291618052 0.301194211912202 8 8.42477503999789 2.53006990384602 0.301194211912202 8 7.33944745999838 2.27607368022457 0.301194211912202 16.25 16.25 "simulation6" 7.7073721929125 1.04607581683482
"175" 9 12.3319104109899 3.1709018467955 0.259240260645892 9 10.4717474485072 2.64784036142754 0.259240260645892 9 9.13031589298255 2.24754275912403 0.259240260645892 16.25 16.25 "simulation6" 9.82994973124788 1.05851271921502
"176" 10 14.946079740944 3.13100448669298 0.22313016014843 10 12.61096576828 2.5247125264676 0.22313016014843 10 10.9155603653475 2.09405447547177 0.22313016014843 16.25 16.25 "simulation6" 12.0318429136675 1.3616846391653
"177" 11 17.5046016115404 2.89453116704044 0.192049908620754 11 14.6686320078988 2.34857839273537 0.192049908620754 11 12.6450595721986 2.01015669833664 0.192049908620754 16.25 16.25 "simulation6" 14.3512955006873 1.51184542233553
"178" 12 19.8937153437427 2.66885457491756 0.165298888221587 12 16.6302080015615 2.22625981798233 0.165298888221587 12 14.3198393138316 1.89353711920059 0.165298888221587 16.25 16.25 "simulation6" 16.207893691237 1.57321317662212
"179" 13 22.1324090719381 2.50406477134264 0.142274071586514 13 18.5277300856392 2.14121039214023 0.142274071586514 13 15.9529011752476 1.86216330361629 0.142274071586514 16.25 16.25 "simulation6" 18.1976938908607 1.45447159077132
"180" 14 24.2613814688241 2.38710152306405 0.122456428252982 14 20.3620597789586 2.04927613766421 0.122456428252982 14 17.5527084391115 1.78274444858084 0.122456428252982 16.25 16.25 "simulation6" 19.8692891486424 1.36380866233224
"181" 15 26.2800629880885 2.25906981965738 0.105399224561864 15 22.115693369396 1.95722563297254 0.105399224561864 15 19.1092450274319 1.74762002957042 0.105399224561864 16.25 16.25 "simulation6" 21.5331613322291 1.62450831080581
"182" 16 28.2468800831404 2.25940400784597 0.0907179532894125 16 23.806732625616 1.90803050353851 0.0907179532894125 16 20.591677623985 1.62822650003704 0.0907179532894125 16.25 16.25 "simulation6" 22.6144258924514 1.67824193650274
"183" 17 30.1711130881333 2.15894392608256 0.0780816660011532 17 25.4277036195838 1.81634590901746 0.0780816660011532 17 21.9861909940522 1.57839568849459 0.0780816660011532 16.25 16.25 "simulation6" 24.0093512152743 1.40182503566556
"184" 18 31.9789827638823 2.05313746342178 0.0672055127397498 18 26.9629793555462 1.7510696752414 0.0672055127397498 18 23.3045690252958 1.48458495348108 0.0672055127397498 16.25 16.25 "simulation6" 25.2604805196321 1.28670141088272
"185" 19 33.6769232769827 1.96496478557457 0.0578443208748385 19 28.4144656584696 1.67022314395321 0.0578443208748385 19 24.5357212747684 1.43280729457003 0.0578443208748385 16.25 16.25 "simulation6" 26.0390637085978 0.865255609681267
"186" 20 35.2750244569302 1.88953058311904 0.0497870683678639 20 29.8007311854893 1.64354671587426 0.0497870683678639 20 25.7361651850489 1.42742467527254 0.0497870683678639 16.25 16.25 "simulation6" 26.8305301161468 0.509278268516137
"187" 21 36.8419310189734 1.91505907303264 0.0428521268670402 21 31.1546647653802 1.61884703543953 0.0428521268670402 21 26.9109081061392 1.38928173744515 0.0428521268670402 16.25 16.25 "simulation6" 27.7823009607079 0.349092024330905
"188" 22 38.3790336944799 1.85384187522239 0.03688316740124 22 32.4581779128841 1.57456840090956 0.03688316740124 22 28.0054885352706 1.31766558882558 0.03688316740124 16.25 16.25 "simulation6" 28.3644978183344 0.728432667938816
"189" 23 39.8832983785002 1.8805099146127 0.031745636378068 23 33.7439044226691 1.59932150355066 0.031745636378068 23 29.1215119350887 1.42340643653991 0.031745636378068 16.25 16.25 "simulation6" 29.637349533878 1.08191983024891
"190" 24 41.3801556918379 1.85795942696276 0.0273237224472926 24 34.9952226718594 1.53374180614864 0.0273237224472926 24 30.2004263513415 1.27205551144719 0.0273237224472926 16.25 16.25 "simulation6" 30.4393770620466 1.89421459601628
"191" 25 42.8407113676659 1.84769238031755 0.0235177458560091 25 36.1942232961304 1.53631086348468 0.0235177458560091 25 31.19951600909 1.31861144277048 0.0235177458560091 16.25 16.25 "simulation6" 31.222567849306 2.45835436323954
"192" 26 44.2864045245377 1.85365832172338 0.0202419114458044 26 37.3950068231955 1.54711297393565 0.0202419114458044 26 32.2331964976661 1.32858277091604 0.0202419114458044 16.25 16.25 "simulation6" 32.0139360558126 3.40594255139075
"193" 27 45.6974999860621 1.81345591072663 0.0174223746394935 27 38.5487968628726 1.4806450026472 0.0174223746394935 27 33.2073625091547 1.24718403031451 0.0174223746394935 16.25 16.25 "simulation6" 32.7056424405588 3.72639543973
"194" 28 47.0345817570774 1.76514352181752 0.0149955768204777 28 39.6158763201203 1.43803315682238 0.0149955768204777 28 34.0446585177141 1.18051183540158 0.0149955768204777 16.25 16.25 "simulation6" 33.4233497491475 4.08078756928751
"195" 29 48.3227925412534 1.76092309414138 0.0129068125804799 29 40.5892484733731 1.40203845252412 0.0129068125804799 29 34.5806772120576 1.11011641849663 0.0129068125804799 16.25 16.25 "simulation6" 34.2799886154374 4.19267337648317
"196" 30 49.5511169172823 1.7311352568356 0.0111089965382423 30 41.343378513746 1.3684567255305 0.0111089965382423 30 34.5978991627395 1.09893410064922 0.0111089965382423 16.25 16.25 "simulation6" 35.3246334073698 5.23373763447391
"197" 31 50.6407239097266 1.73312671680501 0.00956160193054351 31 41.5664361449292 1.33039730743297 0.00956160193054351 31 34.2789820641487 1.11527196537822 0.00956160193054351 16.25 16.25 "simulation6" 36.0773968596347 5.54886757697103
"198" 32 51.3347756295787 1.70283028644528 0.00822974704902003 32 41.2270130018978 1.30142880659731 0.00822974704902003 32 33.8135982731116 1.05767884043426 0.00822974704902003 16.25 16.25 "simulation6" 37.1128842973912 5.70863232138955
