"1_0" "2.15_0" "4.64_0" "10_0" "21.54_0" "46.42_0" "0_1" "1_1" "2.15_1" "4.64_1" "10_1" "21.54_1" "46.42_1" "0_2.15" "1_2.15" "2.15_2.15" "4.64_2.15" "10_2.15" "21.54_2.15" "46.42_2.15" "0_4.64" "1_4.64" "2.15_4.64" "4.64_4.64" "10_4.64" "21.54_4.64" "46.42_4.64" "0_10" "1_10" "2.15_10" "4.64_10" "10_10" "21.54_10" "46.42_10" "0_21.54" "1_21.54" "2.15_21.54" "4.64_21.54" "10_21.54" "21.54_21.54" "46.42_21.54" "0_46.42" "1_46.42" "2.15_46.42" "4.64_46.42" "10_46.42" "21.54_46.42" "46.42_46.42"
"1" 0 0 0 0 0 0 0 0 0 0 0 0 0 0 0 0 0 0 0 0 0 0 0 0 0 0 0 0 0 0 0 0 0 0 0 0 0 0 0 0 0 0 0 0 0 0 0 0
"2" 0 0 0 0 0 0 0 0 0 0 0 0 0 0 0 0 0 0 0 0 0 0 0 0 0 0 0 0 0 0 0 0 0 0 0 0 0 0 0 0 0 0 0 0 0 0 0 0
"3" 0 0 0 0 0.0111474091176089 0.0382549164166179 0 0 0 0 0 0 0 0 0 0 0 0 0 0 0 0 0 0 0 0.00971943984626057 0 0 0 0 0 0 0.0127771468279274 0.017117999559379 0 0 0 0 0 0.0164921855984887 0.0382322887970319 0 0 0 0.0120199336926744 0.0317680611291066 0.0360151621004846 0.0294103644360354
"4" 0 0 0.00697426699977755 0.0735101747764642 0.17080517979083 0.389719712456416 0 0 0 0 0.0147659416567322 0.0800892109636797 0.134426830753398 0 0 0 0 0.0384212244903512 0.0811572754745227 0.199794808747213 0 0 0 0.0172181247337617 0.0400355532624527 0.123044697437186 0.166258663961883 0 0 0.0380647427962652 0.0496420140122795 0.0935802605995497 0.140673828440384 0.244278185693785 0 0 0 0.0501013423159045 0.106581927098663 0.194224790394976 0.310346816245698 0 0 0.0408792827708331 0.0526369126444797 0.116574625854741 0.201295010517901 0.331655246220352
"5" 0 0.0365677827180367 0.163177624309484 0.332487851700883 0.723541980213307 1.33147625876619 0 0 0.000691253979114709 0.0823516039185253 0.213249015756898 0.483168122467526 0.698060808509482 0 0 0.00293555931888573 0.0721055890990842 0.233090748671741 0.444734819962816 0.716729668028767 0 0.0086021293576522 0.0429556863887987 0.127819549233825 0.260013457010642 0.576310675333376 0.750356891019255 0 0 0.117003194806718 0.163601082041701 0.340963709070209 0.624076362604441 1.13794423693527 0.00866516928229771 0.0492777002186017 0.0894358957922072 0.242650860776183 0.462229449226881 0.662428189356836 1.18341652684646 0 0.0404799954320342 0.124124817987384 0.204194263859764 0.457096650502096 0.815634974143702 1.19559067297872
"6" 0.00268094339605915 0.120666551539252 0.369762211191805 0.801375773135217 1.60951353076273 2.62901246233829 0 0 0.0420094124869127 0.235659766159555 0.631767462023436 1.35514697157423 1.84570193744078 0 0.00241326819911364 0.0438394212912961 0.245643310930498 0.60824260056751 1.20706821375644 1.74317805330846 0 0.0212088705378176 0.115678343871136 0.348368668994975 0.677803216330358 1.55156884363799 1.87655162202297 0 0 0.211193531794974 0.314645791269357 0.802686393884641 1.50186493725817 2.50159219114403 0.0201000922848462 0.0727112755516671 0.175624085066531 0.527999954193465 1.04338174985732 1.44445871547002 2.4431751179605 0 0.0680776330722846 0.19814794115122 0.422774024080897 0.893800108536058 1.85857418188304 2.42480604744802
"7" 0.0837374042290286 0.190099995015387 0.575187456470873 1.35896383780213 2.59539620312261 4.09826102334477 0 0.0467386499734461 0.111873870889101 0.480372630863715 1.24541964505595 2.36179008999656 3.23464290991831 0 0.0224939070777741 0.0847514556388916 0.421833660151433 1.03912795759076 2.09680711210592 3.00698455595795 0 0.0503849649376826 0.18426823949451 0.654462313961708 1.21663374975566 2.61337603242292 3.20045905162686 0 0.0143237720907316 0.326416303108702 0.621809107689529 1.1924239944113 2.40219892309277 3.78207757529015 0.0182047455679046 0.124335819998253 0.298962368879011 0.826858993912707 1.63966496804805 2.23951546605757 3.8867706414823 0 0.103603553676358 0.291661801598759 0.700206136972865 1.32721257309843 2.81888391842877 3.74554562801471
"8" 0.0952923835163609 0.296026310840877 0.786964454325587 1.7687538346275 3.46407506772772 5.25881992853458 0 0.0414742688898194 0.15003951362913 0.646495080926316 1.70159176159361 3.08243397788332 4.34411099840287 0 0.049278874374774 0.110285587350648 0.567713675698488 1.46042537024855 2.85424071747002 4.30712923311685 0 0.0956951272192719 0.278086207363864 0.871684328699142 1.61379207953008 3.35235188888537 4.45452209451158 0 0.00791083701276346 0.333445306917825 0.813765175710839 1.64940259845635 3.10841154787408 4.90736044930471 0.018596454986735 0.158871159153215 0.402459273848951 1.07388629811473 2.00673123223935 2.90158416673687 4.98461866468662 0 0.127679732265874 0.33522207426099 0.962791427510532 1.70206346091089 3.70284638272623 5.07366180071146
"9" 0.152045097961191 0.357271914764362 0.924407312326679 2.21546557869615 4.23765291314033 6.18325670527498 0 0.124794491719023 0.216169512923275 0.797849546738288 2.00626810183347 3.7507524108939 5.49741067234877 0 0.0556704445681324 0.130293358618795 0.735665706942825 1.73177408267336 3.33548541061092 5.10703785852321 0 0.11138284271566 0.292956590943416 0.941804537131599 1.88528118576207 4.06373884418177 5.21301773538859 0 0.0257370595439819 0.385732108112285 0.906986145396947 1.84660500919577 3.89353710646412 5.79246507567457 0.0223943284331329 0.146553946504932 0.463061953198446 1.23869824620233 2.42145454337865 3.44751920283664 6.12142476856381 0 0.117935379969182 0.419304483466564 1.08554764631112 2.03830339428456 4.44157213055466 6.06462510990976
"10" 0.162282987486387 0.387535656127916 1.05409320556424 2.56231267756723 4.73375674676211 7.06724363775282 0 0.159855773786994 0.292696960845298 0.894435056093033 2.25164636493848 4.33393497083549 6.30476605140912 0 0.0926428992345666 0.198892810348453 0.785736626147362 1.90570277953476 3.76191927792565 6.07707110107437 0 0.127435504814346 0.342977716311228 0.993295651535203 2.05306021386717 4.56061134802347 6.1623606845569 0 0.0259476776870671 0.469787237284255 1.0149492935811 2.09891634371897 4.22309008153067 6.72320545592208 0.0110291143424265 0.156914347178949 0.45183667693351 1.29064807561347 2.57730345676457 3.94312723255953 7.31521548396604 0 0.117261267013946 0.424059916487431 1.22483638598048 2.23147093724276 4.80638126426408 6.77841717301566
"11" 0.132415439146261 0.399219137396584 1.08379476869118 2.73221489396967 5.05267455210575 7.74749769456914 0 0.119767091512865 0.301666372556078 0.898736784732232 2.4099096014471 4.68775512693544 6.87283216374516 0 0.0917053335750986 0.190855002420716 0.823856267717777 2.07526602093699 4.10394780208315 7.05794813247171 0 0.114866808077734 0.334659166283802 0.999925185231942 2.21248397575437 5.02650351953248 6.9780677788052 0 0.0226008940186896 0.445378470025708 1.02391140615574 2.25702130202129 4.58495814181864 7.60117876152858 0 0.157044584020323 0.472231607630947 1.26663767230592 2.70460511081961 4.50818128393185 8.04707007039055 0 0.123637341155858 0.435396018930607 1.18706317612195 2.25436315048564 5.21393796094293 7.68489103423952
"12" 0.132964169692665 0.481151581360614 1.12177543228615 2.91567957004837 5.68115188312073 8.84278701701796 0 0.144321799746778 0.318251019293103 0.96090740401409 2.58922409748983 4.94731418207433 7.66241526384942 0 0.0748107764085813 0.223299195931007 0.831815878922475 2.27650202109622 4.35276785192878 7.90559127543216 0 0.128699063716602 0.357085889233583 0.999555575261145 2.28894558210151 5.2547638646017 7.74915841337054 0 0.0399715535033137 0.517242042535973 1.0307355848048 2.41539780581545 4.85461828940453 8.24510418799629 0 0.18149559690952 0.458645247586718 1.29161131681229 2.78282734746219 4.73881959126735 8.59323195433213 0 0.121713576256486 0.446234030863927 1.2760838553651 2.29486656751293 5.52490471220447 8.08774915960788
"13" 0.0956401249522678 0.480546103944983 1.16552301884679 2.97253587949537 5.93564736621731 9.37754961089357 0 0.146403463881398 0.349268988952401 0.894728110541037 2.77233475434345 5.28473283117772 8.44963258832865 0 0.0994891566766118 0.234555503661578 0.840664658130632 2.30643718843215 4.79305781592434 8.42470750051502 0 0.0880557422659683 0.312180983796184 1.06191110478962 2.37192739239145 5.59590972143771 8.12177134941635 0 0.0270095901158408 0.493971747950464 1.07608052443192 2.51794474626188 5.21412221459989 8.65774510537738 0 0.166036645272103 0.463388835266983 1.3179824363432 2.73680472496434 4.93266330757507 9.1525779410435 0 0.117115479001224 0.474479033353464 1.34840860764073 2.47551694959 5.90722897015942 8.60629689846959
"14" 0.080753242043337 0.535654739321771 1.24636071107361 3.15397787089412 6.33442129540458 9.87839301423145 0 0.136403744964856 0.338720339751891 0.905576679676585 2.93935174271901 5.69314136284881 8.86038756401859 0 0.077397986654308 0.226970684998395 0.881106986997866 2.52062956461539 5.16502300923955 8.91500242352079 0 0.06194984852016 0.315264666876918 1.07416021501127 2.66080466149345 5.71914704533374 8.6038362737992 0 0.016348234747483 0.488369378622009 1.10966285087289 2.54103821021296 5.72883444571181 9.62273629188801 0.00271928127737953 0.184564553267014 0.434079667112736 1.33574527690434 2.96266640276325 5.25797399950985 9.79362378512042 0 0.132547155299245 0.484833595983265 1.29316452657766 2.64992034099124 6.28771176094176 9.12076459932186
"15" 0.0575378756155503 0.541938946396846 1.30373469565944 3.30539408959121 6.81096930964855 10.4198265418959 0 0.116417288102173 0.375721396293136 1.01304793228279 2.97155640575358 6.03830992990736 9.51706492758811 0 0.0785288320427889 0.24989512714068 0.928397790358605 2.62579826924351 5.52960099553782 9.20404680987198 0 0.0489248596948074 0.347019699191941 1.12529501095853 2.84203217562784 6.10862034269577 9.07358437730931 0 0.0233593155893604 0.511390832951859 1.11085657085226 2.73579747054715 5.78331074049351 10.1230110973734 0.0120947885609763 0.202043886748067 0.420159323755225 1.41974427463083 3.08418332321604 5.60941962543115 9.96898688233619 0 0.15685978151705 0.480684365020837 1.37887783199957 2.85237727856681 6.42032880884026 9.42827173212571
"16" 0.0568963348686923 0.532668244652307 1.40543139830309 3.35850482524301 7.42088439799938 10.6582712902617 0 0.0782252810249748 0.392019916397413 1.04098136584051 3.0995130991756 6.41018789939165 9.77138803616108 0 0.0806674063112228 0.272996908054425 0.925420310053887 2.82034154641702 5.74499038725318 9.7349090386787 0 0.0710020135390568 0.355408438587137 1.22718389620677 2.81896835602837 6.40866437676513 9.6348178009076 0 0.0040732141952583 0.395457747872461 1.16622417008469 2.85534108854088 6.11101591952947 10.8327910174243 0.00160689502342082 0.222365010124542 0.45042763342717 1.41750960561789 3.28208311224998 6.01406070082262 10.2903938527078 0 0.142163940865582 0.479166225038208 1.38577598663448 2.98655066762347 7.05057577705835 9.94122171173711
"17" 0.0432431499909145 0.564190148782351 1.47558197929512 3.36964943561184 7.63128398159658 10.850783600138 0 0.0917307457591925 0.423717030656698 1.10096279143751 3.30528861201 6.56171244184387 10.6186723001001 0 0.0981506852174074 0.309054410444858 1.00986219191272 3.08306894904547 5.96359747461046 10.3610926022919 0 0.069776998086325 0.337422240719419 1.2872049331597 3.02164477272611 6.8044668337152 9.89717192176544 0 0.00450345084549947 0.469252572419353 1.21740480961976 3.12428299901669 6.50184006352156 11.3191458081312 0.013071511306173 0.206420539197009 0.493120679800725 1.55365867837608 3.3242692168851 6.38970447892085 10.7159209859781 0 0.139942199106035 0.462835165972063 1.48362799938281 3.07251923013509 7.20500613510952 10.3298092852944
"18" 0.0529571331662919 0.603790855908164 1.44099420986675 3.51417619356598 8.2144307236292 11.5000981804145 0 0.0754965545597078 0.46605224917949 1.26860754937888 3.53517106582759 6.84406562593107 11.0670014499952 0 0.111785559220275 0.288578194804359 1.01236095864225 3.31166970548015 6.18106935751898 10.4369574513371 0 0.0344299618142438 0.351760107397683 1.37585492090216 3.06024728840344 7.17721913376711 10.2032327484473 0 0.00829692710540686 0.556024657082105 1.147745307824 3.35243244852411 6.70113364246771 11.867051313219 0 0.20602583860095 0.511993075101949 1.54200852652975 3.55160933687228 6.52955264608253 11.2656736010721 0 0.149170408846352 0.479277021214503 1.5747848369444 3.18682735083767 7.51259947346461 10.8042957897852
"19" 0.0608953471126613 0.671565257682573 1.4936870947931 3.90100954093552 8.10971648846973 11.897568065823 0 0.0673115921554863 0.476788878252105 1.29514943328297 3.63459933982451 7.25604970567617 11.0063877216817 0 0.12438193485277 0.345600199201863 1.04764714623184 3.35217177555248 6.60585314773817 10.7285949209793 0 0.0399187306239313 0.308541054354161 1.43564956239259 3.2156761141774 7.45665094619403 10.5728755703836 0 0.00454488689127575 0.553851668910598 1.16968175111412 3.4625362305858 7.34908668461367 12.3632703016882 0 0.187630070458306 0.550164000217424 1.60607899995765 3.64502262302352 6.82427981847245 11.7821371223241 0 0.161406089110137 0.467443878723592 1.55957855726504 3.28052537384539 7.93188174973043 11.1818139304872
"20" 0.0950417159364069 0.703479346306195 1.56243883685092 3.92948662947586 8.31127128656196 12.2639762843361 0 0.0712667193399444 0.482050678121372 1.31822226174098 3.90906397723421 7.69960415789607 11.7393070152455 0 0.100696470444375 0.320409638019811 1.07823891496875 3.59401281897287 6.92488760666499 11.6159704176713 0 0.0434088017791654 0.419305887835351 1.51092360888098 3.36773877040105 7.81607276890774 11.0335939402395 0 0.0256353318539044 0.50000192240377 1.22733820336293 3.65166610206247 7.45348594876941 13.0045511696965 0 0.201123503994018 0.537721475571205 1.64655227447407 3.86805311918612 7.37879068963138 12.7672832191966 0 0.186083239619228 0.495900581459464 1.60315416725287 3.43174212773393 8.14604183590955 11.7865565174901
"21" 0.0421558742015207 0.737364486521943 1.65590004175485 4.21339734143651 8.89929751633068 12.802490679868 0 0.0603075781535707 0.50383714537256 1.25403382755722 4.05654715822925 7.89788971834688 12.3009604085692 0 0.11145292330191 0.363759918135574 1.12967081844274 3.65296670855135 7.11805882749835 11.6535649862569 0 0.0865859636694047 0.407900887557258 1.55475362450306 3.60776830734507 7.67736032222925 11.8134564106183 0 0.0207108879451412 0.544272390051419 1.26187847682039 3.79785968644532 7.74548210477427 13.2083182484326 0 0.163737469439194 0.542305470043973 1.66892134221074 4.05608293304855 7.4358157786906 12.9194167733529 0 0.174666640761615 0.524761247294171 1.58252197606544 3.52430966199118 8.69047212306354 12.3158486163374
"22" 0.0686043441932711 0.756372482201622 1.7187291385053 4.26578467365918 9.33556322630653 13.3369969864891 0 0.0842784217807381 0.519483199678862 1.25780487811886 3.9827042262783 8.24214267314009 12.8205523601075 0 0.117314777242251 0.333874188450682 1.13611044729444 3.64260673210436 7.8090148443092 12.2655204046505 0 0.0749572631577241 0.400984157139626 1.57002540248898 3.64507872008273 8.20897353901946 11.9447512909642 0 0.00354734297580411 0.562083921995939 1.38577742256024 3.76669591299617 7.75993592443105 13.643082519521 0 0.165094971516368 0.544730093612283 1.75408589376319 4.1946314102869 7.43509779547851 13.398663373988 0 0.165312956988504 0.557638492910376 1.58813287415264 3.6658560268749 8.93223336146947 12.6661369898688
"23" 0.0337432499065772 0.723314138669344 1.72743872489768 4.41307137001576 9.52425544803245 13.3840197083257 0 0.0700520983943292 0.512813783089917 1.32714797746498 4.20634407322522 8.31088561686517 12.5501748006299 0 0.0915997524731958 0.28971224450465 1.16750944682679 3.68332320583813 7.75901994615846 12.0922770762063 0 0.0213150116734748 0.349751264687053 1.52813028316623 3.74278633830035 8.53145432029248 12.2515832590351 0 0 0.52147108714998 1.28094490576862 3.85716289639757 8.20789117550758 14.2162878340446 0 0.134101741995068 0.51579789651591 1.74371913367512 4.21283423677334 7.59196657781713 14.1372695658804 0 0.16713019537976 0.579088436623518 1.54765878647183 3.88463105118567 9.30447460979812 12.401576516336
"24" 0.0421423879039569 0.760833556229115 1.59675093776098 4.35401509648478 9.76911503861564 13.4750647353368 0 0.0806785506088489 0.47242028146881 1.37759583938217 4.17784352123124 8.63377465158764 13.0993796996972 0 0.099288059766366 0.292638456577339 1.08645770543713 3.73056315569031 8.12521149880951 12.6528723739009 0 0.0330668795983874 0.338066596774482 1.5082625756277 3.73307694221935 8.9960083226056 12.6226366620506 0 0 0.503728907742102 1.31950180835859 3.94024606846091 8.16209803727905 14.2776347062365 0 0.122344403116978 0.549942595864898 1.65562499658364 4.45342669414337 7.97531663678918 14.3478837051658 0 0.161589650605643 0.611433217770482 1.54472916783591 3.71095036538658 9.25506883720403 12.953364348902
"25" 0.133014317701724 0.822245795663329 1.57758983308711 4.27566188396113 9.63816428731093 13.741961806684 0 0.178942462407154 0.780401152147045 1.52339257097891 4.68531638838089 9.32921620016389 12.1252434963091 0 0.111223428368101 0.22600154325528 1.38676210106966 4.20507800694424 9.11051152145483 12.8817567265431 0 0.0780437601017643 0.598599417400238 1.58506938741998 4.14491273718772 9.29691708566865 13.0570374401744 0 0.002243332149651 0.565109132612306 1.29305520514656 4.51990148741783 9.11431003663992 13.3979244104152 0 0.20048694565094 0.460245151949175 1.65132640863572 4.59535203102545 7.92390199263954 13.474127090565 0 0.206667278004351 0.572568349651087 1.05110566302603 4.14948500028996 9.28603169576597 12.7143412496635
"26" 0.0691913714862977 0.755437820929363 1.3968625523414 4.01528001374544 9.06020591378474 12.9834997497426 0 0.0724456580051392 0.588118540927343 1.18233155847861 3.96200323803595 7.98009244602217 11.6580961720717 0 0.0349085195874067 0.213223553775221 1.04687453549854 3.57766360145207 8.13390146514477 11.8896236611542 0 0.0725307142369303 0.497744405596627 1.30223001804942 3.66758246114096 8.26697669756474 12.4362518046704 0 0.036447883179816 0.490370595203298 1.18610361141201 4.1370403277566 8.40763054269904 12.4887330213682 0 0.197370959096364 0.409505867217153 1.59110257575613 4.14901388346615 7.38090909151793 13.012652016151 0 0.256789418731354 0.594382739257213 1.07465480524494 3.96127992560733 8.90401949186632 12.2987600566043
"27" 0.0467356021590459 0.731563375997434 1.52066302730933 4.14401803754924 9.33271568700398 13.7858558491986 0 0.0646985160647713 0.602708896423669 1.29478573722926 4.04008327167309 7.94887206768863 11.6163489955041 0 0.0433601224084624 0.15999998242774 1.07755122131143 3.69113449313549 8.07743165643805 11.8138089206981 0 0.120862245424089 0.495683164620674 1.30734949319915 3.58956228911452 8.16183854592023 12.6347142087741 0 0.0843959088770084 0.549305021929019 1.30214296101376 4.38991722067649 8.84833120443496 12.8101991176154 0.0439770068073999 0.242201576267508 0.559610761037059 1.80496960838992 4.48596736738443 7.79228519363332 13.4658681108578 0.0559346533684733 0.424967931936545 0.852640541998291 1.36787508665045 4.61685294611807 9.20469465262409 12.8712772449864
"28" 0.0373431793092041 0.756690340586807 1.70488641065087 4.26866673078258 9.79830931788116 13.6739476653211 0 0.0716585208122521 0.682147571461942 1.37737243538679 4.425796324099 8.47611565901892 11.2023477558287 0 0.087990940229938 0.289004538277255 1.19552755281356 3.9944511160731 8.22254505876347 12.2654366570442 0.0176962074395541 0.133431354905378 0.60812001417212 1.61626331572487 4.00179154901179 9.07262194115008 13.2679948363943 0.146510207230117 0.233734107500872 0.831854636910242 1.69499144102558 4.68552957908516 9.08395807731882 13.0541314895103 0.399590350126947 0.658448198468644 1.14677648040202 2.58307509643481 5.27007259521597 8.55766013917668 13.9329726123129 0.724065542861569 1.31037764621302 1.83916551965834 2.3855938019583 5.82978801235145 10.448084467604 13.9905835180335
"29" 0.0679865114343609 0.772920685135447 1.7864901568256 4.61090081510759 10.1940440905284 14.7277313437026 0 0.135808257462449 0.757972448657642 1.62221741674447 4.86776075609333 9.093971331117 12.5554091281541 0 0.230706355819637 0.426806057496875 1.41516975344715 4.17356232068557 8.78001370230766 12.739078237413 0.257546939957217 0.405945986039992 0.912551711100377 2.02434209047989 4.60535810373233 9.76826639412603 13.1135410645834 0.675861021948207 0.799456121804697 1.64668111209264 2.48697731045483 5.70042581208021 9.94345461814632 13.5145598109266 1.58854590003186 2.05257746419197 2.59061087766661 4.24694515268692 7.18323975552262 9.71345246025487 14.7740152706982 2.6452944402678 3.59833003528373 3.76847572898423 4.29491244965662 7.99478028080783 12.3284508164195 14.9994899162611
"30" 0.144550399655173 0.986898666221006 2.10802973633521 4.78386005470779 10.7576307994954 14.3681833257333 0 0.214216381332975 0.975152895782611 1.8128809655677 5.20513688344538 9.17389950662275 12.4723685112295 0.0223111816313919 0.434585656974418 0.568247374522754 1.79510239643841 4.36775925086397 9.07165319287297 12.8405704081917 0.607999642917153 0.739428466715471 1.48320445135648 2.62318042648256 5.44648274104967 10.7780432875796 14.038590744632 1.70628694071811 1.69275245385684 2.6817326713435 3.69153776499467 7.01704414201668 10.7786781875285 13.7373345753559 3.35279058171023 4.11976170717923 4.54727839616952 6.07937586204469 9.24030563203681 11.2132013135253 15.6803782287245 5.18916093000138 6.40647029522274 6.66725059822191 7.02535879320062 10.6677303912434 14.6944321980463 16.5356326478056
"31" 0.153603740545308 1.10036663896293 2.13267474321402 4.75485109053486 10.7484422317347 14.1902131768243 0 0.290714925903047 1.18050817489259 1.88315394160006 5.35233295115225 9.54971910219919 12.226599051501 0.251637846060518 0.556842005101045 0.670697430013374 2.02887757853889 4.65104529735298 9.6228850909585 12.7860956704387 0.930713719681119 1.142331424892 2.0275972454756 3.12686854345864 5.87886989333338 10.8697580143492 14.5368340560106 2.72645095750398 2.77341449435651 3.59896218344991 4.42350140938276 7.61109177464842 11.7106386386315 14.4742287283794 4.75458911060916 6.25568568842815 6.2150629715055 7.91625009388671 11.0720358974016 12.8165690218626 16.2333445871458 7.51906511305888 8.85239946212856 8.97049089026931 8.88935080336728 12.6645581229445 17.4988831582475 17.9088191219917
"32" 0.206999026908245 1.05289470755099 2.25797807462704 4.61261943436055 11.0119386674441 14.6913219600464 0 0.402197965543245 1.27215893534996 2.08240878345225 5.50837656781994 9.35529303776145 11.9051135240598 0.239781956496368 0.757652043913578 0.858132109069593 2.09037863930948 4.77692077281917 9.39750054907702 13.0984131909734 1.19641956951025 1.45726629891999 2.3879909896946 3.48735952583492 6.2169901086438 11.1317079816744 14.6826850238764 3.42129604648664 3.38147642874037 4.50007610908274 5.22536712050322 8.25288676795677 12.0045572855433 14.6926833382859 6.08396370199254 7.29375866656066 7.66785927244298 9.0622505562371 12.3772828091819 13.4352511794848 15.9059644777504 9.53161093724527 10.7030327461098 10.6719182114393 10.9977732450688 14.0672211019861 18.4707950626165 18.5505665820303
"33" 0.221051020123403 0.912774404298291 2.25391633245376 4.30045889378429 10.8153366419129 14.1694724990719 0 0.399583987722248 1.32018902793305 2.0167101072756 5.20186568271798 9.44030185107483 11.846118854913 0.150982829487996 0.591709873679874 0.899852213205579 2.02402118703092 4.89272046964578 9.41561799212213 13.0397764622932 1.45530706029489 1.7543002700967 2.57537728129146 3.59737020786678 6.17094424154405 11.390379682004 14.5958012218469 3.82987132840369 3.86642572935616 4.95102663430651 5.51379796258241 8.18756744920106 12.3726958362836 14.4508038641655 6.65000766998853 8.51496549030106 8.62529913532776 9.7001485034344 13.0932039099649 14.1491421635445 16.7922283561293 11.2052527425269 12.5225534506826 12.4610999484923 12.3478561160823 16.3286392189931 19.8804017879869 19.4010371564947
"34" 0.209445854859697 0.824703617763725 2.14778241056726 3.91414145801788 10.2125065592794 13.8118268626218 0 0.408187073829831 1.2712993064531 1.83321807158909 5.0773346311889 8.87978634956121 11.681362753578 0.251075578704429 0.632203093851683 0.860064705005173 1.98412798420407 4.65626790515375 9.03980745798235 12.6905331013346 1.49149864582768 1.88183380037196 2.72793379311714 3.75515593411801 6.07081561611631 11.0814151495995 14.2455874893696 4.1891045465324 4.27659755193228 5.46523731456278 5.84822219138653 8.3410589499125 12.5286443437937 14.784615494608 7.50125790686412 9.28137191145992 9.39520672203996 9.96014861550647 13.6684374279208 14.922107997856 16.6193126616886 12.8260695256091 14.0905234327786 13.9706027438313 13.7317735586544 17.2704828135394 20.8076957119892 19.683231124909
"35" 0.161584177470156 0.779838630454574 2.22827769212207 3.73522920932648 10.0830828372895 14.1648232826156 0 0.430701447671202 1.2451315099821 1.81197061215527 4.959406977156 8.64196797532406 11.7733257989912 0.191229392289165 0.754266143360527 0.839760117899072 1.88866845020757 4.41932569594806 8.61766049402142 12.3571414835494 1.599770672527 2.03615953649501 2.75846021926095 3.75282283512623 5.74165160923127 11.2697879773249 14.0563957442747 4.35522327323429 4.50206637392418 5.29766537244252 6.10186378235716 8.47411348661802 12.7473436283782 14.5178830282843 8.02936792846893 10.0116439029952 9.81068518136365 10.1861620554613 14.0261545766444 15.6203390589061 16.0036339590277 14.1080114844442 15.0820297524892 15.0698617207238 14.7548041893995 18.9783909344093 22.0117101392024 20.0165529222077
"36" 0.154108443459463 0.823023758492769 2.13651408522632 3.56997985754894 9.52585942358658 13.8258960866692 0 0.413009668344276 1.11556088911451 1.74835882696253 4.67650855965675 8.20915037353123 11.8519392474286 0.266944935798101 0.727395285679801 0.861672911283821 1.87370234783919 4.38506981028899 8.25777066416944 12.1110601436443 1.47068435807044 2.12969001099329 2.76192110846563 3.63029306763188 5.60583891797598 10.8189826533844 14.2407288540465 4.0895195392893 4.62663959350484 5.6441845686737 6.39736484481698 8.51276436342174 12.329094145779 14.5889467090745 8.7144280890734 10.5625368831645 9.81138648934393 10.5445022363269 13.9797873375031 16.1596496488967 16.6136074315625 14.9316256764612 16.3133944265739 15.769055878506 16.1367576263409 20.2334731470921 22.9865775853728 20.5831323959207
"37" 0.150864549481994 0.723774922191918 1.9240480028602 3.1992270021486 9.00632839117834 13.5783060251712 0 0.342123373003875 1.00585393844028 1.66133034775446 4.31334791537946 7.98548587952746 10.8693201894819 0.359399759800189 0.678431445203258 0.776331278829928 1.84028922759667 4.21092496642543 8.11848697005664 12.1668088167438 1.54251984963387 2.14919227895167 2.82889884440006 3.39615099816448 5.44319578609502 10.6459586282126 13.6217329532582 4.41777213079168 4.63973727008425 5.41488564762389 6.39703618437428 8.41618166636498 12.5505126709597 14.1045878505533 9.05234825209828 11.1182542862219 10.5702309211558 10.8382655010582 14.1148507699203 16.2087544570385 16.9285548238739 16.2811465256446 17.2918920689336 16.597811165176 17.2871942326825 20.7706217826584 22.9597827323131 20.9855620065499
"38" 0.157592547317703 0.621709747844285 1.78127657746945 2.95797849169952 8.50586345529655 13.3816740117428 0 0.289630382022981 1.00017282036229 1.57105589386237 3.97717799449953 7.59098799200226 11.1381201058556 0.333305896848136 0.843115830648341 0.772520180134836 1.7143934976049 4.05631803375809 7.64120393284402 11.9141866673132 1.68537096997135 2.12909903924335 2.66633312741962 3.16911090791589 5.08159008849354 10.0921189739822 12.9175794152238 4.44069323490038 4.62262987833149 5.35642479772492 6.16733818459673 8.1077092865093 11.8817991385523 14.0081667799585 9.70020888164288 11.3801752449132 10.5523684215661 10.8150001850288 14.1861568432947 16.5572535531161 16.5054550394847 16.962100513284 17.9818002552321 17.3153382251175 17.9902599401921 21.3649871317767 23.431290708108 20.4750114542617
"39" 0.164426526065369 0.579248485204402 1.50592444239133 2.81982053770188 7.76524438940305 12.5376772150536 0 0.233326969790163 0.897420008626458 1.44079385028683 3.79954052091873 7.60487091776562 10.8698120414486 0.381460744771048 0.891698928602478 0.790743270479008 1.65847720536863 3.85621787858861 7.46034815854255 11.741046946233 1.76971165148074 2.14590924142168 2.49634048156521 2.90718344800712 4.85661644023514 9.36174049553695 12.3788883773309 4.66590279518363 4.60981143345816 5.20809165722207 6.08909321453356 7.6000952363839 11.9380618140701 13.70537240837 9.93180029520226 11.151381197116 10.4745124570468 10.6228964087151 14.2577508014349 16.6247733734015 16.3956821684341 17.8060933387669 18.4342358716144 17.7934182710713 18.7527760939185 22.3708853833875 24.0933697667415 20.427118293913
"40" 0.100278097456834 0.555666064005792 1.38610648352592 2.50507550615856 7.61076551196442 12.887456594878 0 0.163616391102636 0.836322639106797 1.3508957199455 3.69251137426588 6.92131651700538 10.7439792526175 0.432692339913301 0.827319355220677 0.735383817221057 1.61266742097262 3.58742973543466 7.16606753686929 11.2030305879869 1.62572926895481 2.08611540483486 2.4689182366271 2.91309525178837 4.6797513404558 8.97484850652537 12.9156739985866 4.89080172195889 4.29783350357831 5.17811419171114 6.16394559352784 7.34139380383736 11.4039591481042 13.5685900287763 10.4092220896676 11.5650222608464 10.8145236362523 10.6927091137205 14.2180978367547 16.5593382679975 16.2285455320766 18.4490369800244 19.4835992284662 18.8530607881558 19.4553364737305 22.6007322424355 24.497901542256 20.9530344697954
"41" 0.0637528537033089 0.539081249357245 1.25732003502894 2.46405650637627 6.88553662828538 12.5577580404513 0 0.174918369063308 0.923187828615285 1.2145427895617 3.50010486279578 6.65954335785767 10.5424618012372 0.349415250130363 0.863788080769728 0.718074318730039 1.53127445534596 3.3642265844686 6.85500060022986 10.969429770641 1.58649690587502 2.07206352600963 2.31274713473611 2.73782174472633 4.49617911392367 8.45784600892926 12.4462693321893 4.64644336970404 4.28818083111482 4.90460985708768 5.8384777741052 6.85527445401061 11.6921162938808 13.5148096843402 10.658087221255 11.8209891715619 11.0288296639718 10.7632515799378 14.0039476532194 16.4984108890241 16.0982045727198 18.8877229726893 19.1032914036438 18.9073700082091 19.9012094764015 23.5543126355427 24.3002504484736 21.0304094764568
"42" 0.088770092254857 0.470055973860541 0.637611998242395 2.19964551134523 6.56657930779173 11.6489710970592 0 0.0244543317391201 0.8512319466718 1.14737267657067 3.03519990762104 6.16482141764077 10.000523969834 0.483997668705125 0.71865648955866 0.764347716848082 1.3684812867489 3.12061303645693 6.49027837740408 10.8409252881852 1.50466368228319 1.91616952261414 2.12996586456017 2.57359601888866 4.19945126195203 7.66801778851553 12.3312439822342 4.57468401577485 4.14360496075381 5.11670861491121 5.27751864556872 6.40330744620013 11.1880803274662 12.798731904548 10.7680714872059 12.1446036503366 10.9246818813946 10.7927754440288 13.8435937883874 15.9260329007952 15.5287852632703 19.6792973296782 19.1695695855427 19.2824861626878 20.3275021649232 23.326224974707 24.9513282868107 21.6937862870159
"43" 0.0684479861161198 0.442123172205063 0.909619591757003 1.98325268816885 6.0774169378622 11.1616673860617 0 0 0.750429069577243 1.08824574416637 2.8921096217298 5.87199338441984 9.81118212339751 0.337894676885573 0.672656536490918 0.666489096765631 1.25106745493135 2.93378642179875 6.26842251412282 10.4438248398139 1.44537005928275 1.72180912223403 1.86624305258333 2.42960969289662 3.90688901001774 7.14143016990911 11.9142025935886 4.69077601099757 4.06635905741032 4.83005944536491 4.87021812885464 6.21757910405368 10.8520426418546 12.6279220037786 10.8981184570327 12.0576414131269 10.8190935447976 10.6414523046038 13.3505028086272 15.3140235297852 14.9194190295639 19.2841023301979 19.7061155023824 19.2987839001097 20.5114694942371 24.5456773090822 24.5595094592065 21.643446547615
"44" 0.0661950973125628 0.394534500316964 0.682126076076814 1.7243533549538 5.66843420354492 10.7817917957827 0 0 0.593917653246341 0.965833512504259 2.79382974481625 5.56194531341105 9.21942718502807 0.340288178283776 0.615640695551871 0.65340451992781 1.06290293031012 2.62814728433009 5.67925489407835 9.77499704311652 1.39148793437868 1.60115046026379 1.75062340852862 2.15827180725262 3.60412127383129 6.89805191903858 11.693369346694 4.69108622943696 4.05169581543313 4.71479542750471 4.55677450975837 5.73595969385526 10.4176650192252 12.435797449125 10.8781212345168 12.3209387621459 10.2807691404634 10.6032195649143 13.1466605450462 15.7568012282248 15.0274270119032 20.5397310520392 20.3511339068036 19.8322983277739 20.996478997778 24.3602531293554 25.594326129255 21.256924214266
"45" 0.0727262925062084 0.350186077483692 0.641892188065305 1.58812845770074 5.45907544166432 11.3089225742139 0 0 0.593600393050055 0.826823797821368 2.56322460666739 5.50584940093502 8.66738998888957 0.257434715802866 0.564108329691972 0.600053634597191 0.903524085452808 2.41796044175226 5.41824494154498 9.29861729553713 1.26354149261009 1.59040725926616 1.61313456981917 2.05239607517095 3.29092989104497 6.5632814398447 11.1715500701977 4.85048829506473 3.75424233716698 4.43088031343573 4.29967269849581 5.64166305930402 10.3282930463556 11.6192177209319 11.6470900377636 12.3499076756643 10.1442361223213 10.7454332788825 13.393146595267 14.7207529419049 14.5539131648326 20.7120705956752 20.3774061862211 20.2028237210427 21.1372464943284 24.72417716417 25.299850445887 21.8030058049275
"46" 0.133587695782232 0.33640213532122 0.495781633364883 1.395901022221 4.8662141890081 10.3818999805601 0 0 0.216689722652046 0.744791141269932 2.20117627715832 4.84188478573794 8.5051844415356 0.181755638589193 0.581593549543545 0.573009576510814 0.714593464365418 2.13811150152623 4.93748235999533 8.75482219518957 1.14745073943856 1.2836525668788 0.725951324668561 1.82226886007985 3.06597410705346 6.18000826165952 10.2337038685179 4.65923395634911 3.83203708281861 4.15493621696274 4.09767389360046 5.23655966916849 9.980352024728 11.2090762818547 11.1304122383309 12.2576585713239 10.0345079248141 10.2264017825426 13.2329704758077 14.0803984204457 14.0656125360265 20.6127837713621 20.4972295618057 20.4255600169952 22.1118554312487 25.1375257466928 24.2421663773856 21.279690593216
"47" 0.081687478927601 0.274532267171753 0.401573959994906 1.20357044422007 4.54963921795313 9.97471401245578 0 0 0.123273751496596 0.639666111690811 1.97834377627664 4.48951154557583 7.84813054276653 0.241876432409314 0.534157142814598 0.546677722915379 0.446361113662073 1.97681647108601 4.6554135184797 8.03306295033691 1.13925617861133 1.14845224165022 0.625692234328242 1.66411048184672 2.74591622181967 5.53884766016298 9.63086246889416 4.77999551627309 3.87424739085472 3.93884610523975 3.65986564157938 4.79634929206798 8.95560611195408 9.86966805644674 11.4725907680822 12.1106341707427 10.3253579964407 9.86722026472294 12.7503112551526 13.6274022537238 14.2511782032706 20.4346420831728 20.4849754604368 20.4195642532619 22.164339379735 24.6139242707654 24.1141320548149 20.8327569646326
"48" 0.0885387339978442 0.216875117411475 0.155824212895418 1.03650140778838 4.13144405727694 9.12613295417842 0 0 0.0945316357110097 0.591485313731988 1.68899286117479 4.16933448539117 7.36559003041417 0.299721575585598 0.456128787826848 0.510570054708855 0.531808804384751 1.77625705183747 4.45883093255478 7.76871232867914 1.12474155473351 1.06244506788053 1.19025018571914 1.45953229694106 2.47616413168018 5.13454977780339 8.99298770126996 4.68471666003159 4.00220061517995 3.646283729877 3.41085683264669 4.55186990382615 8.33786979993517 9.79546436260438 11.0278244753258 11.9129811186171 9.93288519071057 9.77854660818878 12.9142480712796 13.4618012655252 14.0257942799782 21.0576522121564 21.1738166788064 20.4379704554604 22.1584729355439 24.2600149325043 24.1614385197466 20.9378071219016
