"0.35_0" "0.75_0" "1.62_0" "3.5_0" "7.54_0" "16.25_0" "0_0.35" "0.35_0.35" "0.75_0.35" "1.62_0.35" "3.5_0.35" "7.54_0.35" "16.25_0.35" "0_0.75" "0.35_0.75" "0.75_0.75" "1.62_0.75" "3.5_0.75" "7.54_0.75" "16.25_0.75" "0_1.62" "0.35_1.62" "0.75_1.62" "1.62_1.62" "3.5_1.62" "7.54_1.62" "16.25_1.62" "0_3.5" "0.35_3.5" "0.75_3.5" "1.62_3.5" "3.5_3.5" "7.54_3.5" "16.25_3.5" "0_7.54" "0.35_7.54" "0.75_7.54" "1.62_7.54" "3.5_7.54" "7.54_7.54" "16.25_7.54" "0_16.25" "0.35_16.25" "0.75_16.25" "1.62_16.25" "3.5_16.25" "7.54_16.25" "16.25_16.25"
"1" 0 0 0 0 0 0.00211602724307697 0 0 0 0 0 0 0 0 0 0.00267133935349655 0 0 0 0 0 0 0 0 0 0 0 0 0 0 0 0 0 0 0 0 0 0 0 0 0 0 0 0 0 0 0 0.00577695024724791
"2" 0 0 0 0.000769229054645097 0 0.0036057801230833 0 0 0 0 0 0 0 0 0 0 0 0 0 0 0 0 0 0 0 0 0 0 0 0 0 0 0 0 0 0 0 0 0 0 0 0 0 0 0 0 0 0
"3" 0 0 0.00307367086685156 0.0472444111487626 0.052876642703826 0.060372028703783 0 0 0.000116283669699728 0 0.00120887218376028 0.00167834467126582 0 0 0 0.0131580910490745 0.00864371932255967 0 0 0 0 0 0 0.00811192815889042 0.00879721610611717 0.0235802696854511 0.0173787960557179 0 0.0248196144871371 0.0203987160913713 0.0224700673841454 0.0400285289067158 0.0718799651140792 0.0169542288321006 0 0 0.0249343484438019 0.0575241499937625 0.045687470338924 0.0958340008025863 0.0245092437095507 0 0.0285112516959989 0.0265021612946637 0.0685110410965064 0.059768443022066 0.0594784748528754 0.0446846506838919
"4" 0.0360787963550395 0.177590090802052 0.263643536042959 0.30831147859192 0.30565101323904 0.352832458106643 0 0.0641776449307607 0.0804728178662822 0.127460434798293 0.1429884152842 0.129345242304123 0.0774763741305472 0 0.0834586459718962 0.12195083024564 0.173665843411283 0.18911427215794 0.133459318524194 0.0944501120549392 0 0.124063765936358 0.121277978142542 0.2148498912298 0.220861594879268 0.220170653144825 0.175548894170709 0 0.146395484021226 0.207684172107628 0.278964493648369 0.24141559240079 0.323782103180023 0.165685566974881 0 0.136817846934028 0.242912555963759 0.254081684958034 0.273624330044747 0.375769955669262 0.166062021750583 0 0.204641947824312 0.293682550746698 0.391693170357753 0.303980483055644 0.370808028986683 0.276332673380356
"5" 0.280625917490186 0.62430225104675 0.877420836449253 1.27232410611712 1.2216689055045 1.43566613905109 0 0.263823211838301 0.404050779658164 0.591287822542456 0.751773149757621 0.845582145974925 0.545696025886657 0 0.255171131834848 0.456553117269768 0.733648653328925 0.863841413668267 0.819189610590857 0.600403608583233 0 0.339998902984593 0.496554830348328 0.798515519196262 1.03332894428215 1.16751057140765 0.908995147287753 0 0.438652166235677 0.789573606070232 1.08191582681536 1.1545960152671 1.36954728966747 0.91350616575696 0 0.399086285348985 0.633903193236851 0.941477283234993 1.27627419323966 1.45076809829012 0.885794423758187 0 0.482400838943293 0.894579624346893 1.22917846463893 1.2261058399509 1.48206942625673 1.16239975981889
"6" 0.605796454928901 1.07529721735962 2.02798249140958 2.94217532716496 3.1775246022569 3.36786033237899 0 0.549126523203993 1.08006993414973 1.56479038105789 1.98133555992876 2.35056983226812 1.69584907098106 0 0.586959308431838 1.00632110743331 1.68395070209446 2.29916424852934 2.35788281413328 1.89646506494526 0 0.687581318937177 1.15745558453741 1.7203489321362 2.44477781185489 3.01446241067642 2.5796773757709 0 0.72415273690658 1.52351033847627 2.38641077915095 2.75766635076934 3.42024660058215 2.65504094466149 0 0.701293789256812 1.43704733518698 2.04593662026012 2.96794071645251 3.3932617797265 2.4241950629931 0 0.827616745958367 1.64027719858496 2.4830149359054 2.70105283945332 3.5071140989315 3.0171354353428
"7" 0.908690681637881 1.85363844769956 3.32164561566074 4.76822208340656 5.41380042191544 5.75657455087431 0 0.839330474304433 1.69371708146486 2.60393510800344 3.66539570404633 4.33058053962215 3.51351498315204 0 0.881994943911249 1.54090848931629 2.71061705898989 3.96894268100391 4.40259471158903 3.88024150209796 0 0.963047867475009 1.71197214342956 2.68231889682371 4.05094576056153 5.33104147785985 4.82135421980757 0 1.06597122869795 2.1933970671579 3.62145236253609 4.570272015977 5.92409189423905 4.98203132654056 0 0.957518239653739 2.10529820104127 3.30113607996278 4.77062489942084 5.56488668419186 4.62771524343863 0 1.09260728683439 2.38453104688073 3.67297119243939 4.35043491560573 5.8090762280394 5.39616197899563
"8" 1.06035631310348 2.45857405776256 4.14377660319875 6.76363187067714 7.89760593393685 8.23332157646595 0 1.00976102149137 2.15921251791113 3.45434496452307 5.10407838244121 6.14345250291774 5.40569279886982 0.00515445587518693 0.971856552487792 1.86062053975418 3.75554418723637 5.46722695457556 6.53428821919449 5.98634777735393 0 1.15021539128709 2.23266849841849 3.57255119050228 5.63735155372638 7.4230927343831 7.23305098558077 0 1.19205443857579 2.60753914968311 4.64113604558978 6.16815196920638 8.53284789489233 7.34011458934515 0 1.09159283790339 2.55076015773415 4.45293133779597 6.47014229486005 7.87660020706125 6.85349468894924 0 1.26412211646906 2.89368600184205 4.65582906837205 5.8833183792529 8.09268290657406 7.83985458198983
"9" 1.19706411300564 2.82040159561704 5.35127905253888 8.08884345814553 9.91211161221229 10.6592845420938 0 1.13887987647287 2.45678695679265 3.98783653098018 6.32560761174931 8.29804270853817 7.32663871230249 0 1.0287052646519 2.1368837720379 4.36764948217338 6.56635446635238 8.23668122883652 8.01748114737911 0 1.24560298707033 2.40667351813605 4.2225200732344 6.87733384328274 9.52461520497051 9.45817262993334 0 1.28443853432138 2.83400978203845 5.41954189784251 7.38361719314188 10.6879835313687 9.7845313561507 0 1.12137620598951 2.93745692116712 5.05016630829801 7.88254116166499 9.84457583066168 9.00071240341673 0.00223727616974237 1.29425979511145 3.11126773091584 5.34543901060357 7.17001938912751 10.3433570697568 10.2264041978363
"10" 1.35284135548109 3.17505735748201 6.16731180714377 9.58593876979754 11.8057195010145 13.019450051329 0 1.24251644400159 2.54713258715915 4.33459891438225 7.79383856776848 10.4676446100698 9.33215458425541 0 1.04106391117488 2.33758572062855 5.13666874461397 7.64985672862865 10.1376677359092 10.2149492028969 0 1.28796558922131 2.57314412648569 4.70794584830372 8.43920937212453 11.092248989846 11.7937231559044 0 1.26540931551411 2.97052331642907 5.9708840021873 8.67766057784239 12.4341239235805 12.5416299659268 0 1.06300129459919 3.01394696179268 5.80663463181144 8.90874863926277 11.859425293504 11.23953686849 0 1.24035007096204 3.27034446419373 6.09009093207163 8.16043094989986 12.2632816618437 12.4087725576588
"11" 1.31837263693438 3.25539072308267 6.55236330936371 10.2966168189015 13.2873660207904 15.6770629140966 0 1.22574736710694 2.83823921611778 4.84434807122348 8.63807033455399 11.3678505559733 10.8871042507791 0 1.04779764763034 2.41375557666748 5.35571248408616 8.66215007189277 11.5791364327402 11.9583149481759 0 1.23706971433497 2.66707238259384 4.98210221860884 8.935315571548 12.0368630307143 13.7223769241441 0 1.20210836360377 3.12772369058163 6.41034856199431 9.35951244169445 14.0210421117169 15.0838122411294 0 1.13876397770738 3.00056850385487 6.21394921537103 9.72523030176983 13.5387282692496 13.5794669091409 0 1.28156918027542 3.26732318476485 6.36935960738179 8.99889067090905 13.7323901395468 14.3013152860678
"12" 1.25665908776513 3.24553147222046 6.54888380377145 10.901984832796 14.3739782261718 17.8285543200587 0 1.19977257755103 2.93014346968353 4.92218571518421 9.32194518913656 12.4486635580326 13.0780614149827 0 1.01027615285143 2.55732712244742 5.46304262068423 9.24942614067315 12.9602891679301 13.9642515166116 0 1.25079688480822 2.56053613081567 5.07831844111368 9.41350694319976 12.9963051619653 15.7918351778772 0 1.10415776594409 3.27049226255788 6.39320243073641 10.1949745789915 14.8916281869815 16.8848078331982 0 1.15909240505925 3.13995587181711 6.50847463889197 9.84934471945163 14.5921404811318 15.5419815164808 0 1.33762799348959 3.11122200173839 6.59172035152105 9.82282415998321 14.6296639266514 16.5042934547509
"13" 1.28226256357357 3.25850129532779 6.47503481376263 11.3525367974769 15.3396502883587 20.2796066566976 0 1.15808953362599 2.88197857846833 5.27136288658305 9.49722690414155 13.2203259012548 14.6567548577995 0 0.973130443337517 2.60283766146427 5.72841253547238 9.63261980720757 14.0899924704496 15.6243137366668 0 1.34530221810959 2.51993821608716 5.04423593263914 9.5957835455701 13.7358203144548 17.7057632837878 0 1.05436949922628 3.20406915817294 6.65998050564462 10.5974447769378 15.9213325957775 18.7899211907863 0 1.11661871340275 3.24205504423173 6.55403173480564 10.2829161943664 15.5664610252436 17.425819605291 0 1.24928074413076 3.01437064962213 6.6261458214566 10.2102816303258 15.7823211944966 18.0755917828959
"14" 1.29235463396303 3.29128846082311 6.6005380171716 11.7000325085891 15.9866007771241 21.682816940704 0 1.12052296614945 2.8357959750386 5.53933819775257 9.76812311713142 13.7579215139723 15.9188990341915 0.00179709370969444 0.828449499312426 2.56144263014415 5.80115721490358 9.81727628872833 14.7632010301583 16.8832739119752 0 1.26074266439795 2.49629643774598 5.23957132959759 9.60947606639462 14.5050800428655 18.7956954170414 0 1.03363267028248 3.19133139962153 6.69495729112724 10.8603339234394 16.2503585524407 20.0967375249286 0 1.09605805206736 3.22677418921636 6.80067204136132 10.7673173996838 16.9732763445074 19.1501767983917 0 1.237237915019 3.0282773361803 6.78605200180069 10.6664177404342 16.2734290647771 19.9541899800344
"15" 1.33107738160924 3.46367495827727 6.75054027953413 12.0231846943132 16.9980190033492 23.073049560965 0 1.10851635666886 2.93864976589116 5.44565215475717 10.0248672558081 14.706531704255 17.2821034842934 0 1.04223416289338 2.58046049172116 6.03204912311027 10.1888351297617 15.2994908030152 17.7296740436973 0 1.2695412782573 2.62610274796143 5.26578363267825 9.84675555137899 15.0810467431932 20.3570149765692 0 1.03698932318952 3.220061962269 6.84004369439292 11.0620957016924 16.9959906656722 21.5800960508478 0 1.1015370858963 3.24737608707525 6.72123090625383 10.9827394589634 18.0155185286186 20.9402676330148 0 1.3633218797947 3.03418242557409 6.90313902891496 11.0336402070778 16.9395690223452 21.1270406298648
"16" 1.33303435854219 3.46356358527427 6.95995689904552 12.1340476850361 17.9147200830059 24.493333742635 0 1.13637453428717 2.87936270343687 5.6010673693507 10.186123910231 14.9206235448055 18.2546449914259 0.00391404847803478 1.00703923919025 2.48787825563183 5.96241522561806 10.7241075947908 16.6018903350269 19.4411273726414 0 1.28039800392072 2.71878431694504 5.6099809652979 10.46183292933 16.3540419941996 21.5240279155551 0 1.05288003170364 3.20349229670834 6.86027313622544 11.4664787636278 17.6774464423163 22.7326857650196 0 1.10580326522953 3.30290544955899 7.20395925430039 11.4641518800048 18.7099369999961 21.3945081360572 0 1.33880134269077 3.05252764582365 7.12576296156259 11.3683289761816 18.0055722691821 22.1119314300088
"17" 1.41988447261847 3.46203334056871 7.27551983654346 12.860124342805 18.7192061222309 25.3384798558559 0 1.12424265358148 2.92663321434008 5.80041350384099 10.587550480134 15.3568816532703 19.4310409172565 0.0427689398186755 1.01272409089735 2.5706117113587 6.42850942687058 10.7186053405897 17.5685229982039 20.0823880689882 0 1.34264869345495 2.9186319847045 5.74242252563256 10.8736948871892 16.9558813218389 23.0755489663374 0 1.05441085988777 3.1604781193148 7.1497753268979 11.9355368248 18.4224172981612 24.0696572346423 0 1.03012604858039 3.42289069807909 7.04874225774179 11.612944578983 19.0792196432626 21.8481128372226 0 1.29331879665056 3.04140896955935 6.97543491091361 11.5905250612429 18.7872187321425 23.6929002393392
"18" 1.40901395126432 3.47944686986979 7.50343283670237 13.0770770360653 19.6183999733096 27.4257605548 0 1.08064294502303 2.84488792332351 5.89320529657858 11.2238692915185 16.4532447423051 20.331783272646 0.0529126965593404 1.09288588883886 2.58615753879683 6.41534497506689 11.3656532946529 18.3425898701228 21.7568611561411 0 1.24382469300392 2.91507093201384 5.9756143654075 10.9196181123208 17.6205318330337 24.0464309623426 0 0.998429570142371 3.16550198694263 7.08323579266349 12.2784233562486 19.2480859675903 25.5364103957244 0 1.08661912957236 3.30977141327815 7.16473727422392 11.7325189995534 20.4143720803015 23.048537686162 0 1.28998507740768 2.88927518405941 7.08442104586913 12.0049432541859 19.1789293900452 24.0353499151095
"19" 1.43340252563752 3.4331303439987 7.48993974562478 13.0979858073825 20.1706235664242 27.766789937609 0 1.07037970004317 2.93272048565621 6.0285538730874 11.9922042853498 17.4755026211913 20.455744632857 0.0161785515288357 1.10310388998742 2.57995907726417 6.43729547552111 11.8292363717584 19.5345398912742 23.0176002932057 0 1.34036432456326 2.9109009926128 6.12261278133539 11.2515461891053 18.0988880617326 26.0206041193342 0 0.992222574691915 3.07647369610442 7.35052709194862 12.4122884105841 20.2369349934394 26.3402329756974 0 1.0691146647591 3.39313151184276 7.28088487126148 11.8289869279543 21.2765635366972 24.3623277146992 0 1.26216216787471 2.85728305098894 7.1996606896977 12.5159404213684 20.2543119557274 25.4559498800382
"20" 1.48540895578062 3.60513014984544 7.49902514567129 13.8952869213031 20.4781023055501 28.5127361528546 0 1.12089708103284 3.05391368857869 6.37319868608719 12.4300514456493 17.746856094744 22.6078097471148 0 1.23082210308565 2.75311814228058 6.47401654774677 11.9860467731379 19.9755868728856 24.0463512350587 0 1.28882979374515 2.93628575132591 6.21529066138354 11.867817748275 19.3364634681709 27.3127331135932 0 0.961345467393891 3.0064174337339 7.4152978444897 13.0732583360804 21.3620294553626 27.2604001663593 0 1.12469142579217 3.3795491068785 7.45930829660937 12.2702258879504 21.8547522998939 25.1594340220963 0 1.26989300811527 2.85104401302289 7.35801227439557 12.8225448883445 20.7229903560583 26.7909657794819
"21" 1.57363554734598 3.6516117209096 7.5739477526582 13.9200534959583 21.9495664664587 29.2062829810125 0 1.02747758915977 3.12578027704309 6.29771532752882 12.6695537291982 19.2237180797866 23.258496651566 0 1.14557979312601 2.77704134818824 6.29083007380512 12.0535860368877 20.5835321449924 24.0416324693354 0 0.7022467520784 3.02849281255557 6.14090011230521 11.830441837901 19.7187614213913 27.5105882704784 0 0.981914737657339 2.86613611356442 7.1849125877553 12.7506137732663 21.1562292816492 28.5324716107113 0 1.15285497938327 3.28810760361045 7.44033845913374 12.0984630813855 22.5871863403048 25.7390610041189 0 1.26651629410419 2.63214564457874 7.20251809586197 13.1992558133261 21.3900287388163 28.0115776598938
"22" 1.56400075269233 3.61676664379662 7.40786365210076 13.9697949661737 22.6161088299018 29.7451497714312 0 1.03228641144885 3.14312548408732 6.29873384505852 12.7022373744166 19.8913999285742 23.8351176019641 0 1.08236167579592 2.74481709019474 6.26806869988337 11.7879041355359 21.3650726204248 24.9034616889056 0 1.16403418373082 2.9327420585581 6.29857850701234 11.870346446363 20.0509379407574 28.2262569544201 0 0.934642866891834 2.78489575946979 7.29489484750637 12.5719799125506 21.9731938786758 29.2114367322965 0 1.08693187848932 3.29156780181708 7.48254660074804 12.1181155532281 22.932575004496 26.7285396263742 0 1.27674907882393 2.55683413190286 7.11801084908244 13.3986202638798 21.5010182905434 28.0696044612614
"23" 1.44857341255913 3.4299710703192 7.11606359299761 13.6914001801014 23.1595945157373 30.648864221305 0 0.9710444503755 3.07288494242736 5.98880368006594 12.5633032881388 20.751607729998 24.8975574087605 0 1.03436181744075 2.72288462918413 5.8886886875918 11.7488560376567 21.3560470745312 25.5551512012804 0 0.711426022219391 2.79529305794939 6.56069642964236 11.44405861158 20.1605137278036 28.6891218755505 0 0.877912222941188 2.58629498173531 7.10500642545585 12.580534918672 22.228456291634 30.5528803361592 0 0.983988232953353 3.15003501227104 7.48944636979137 12.4457623421481 23.60621650623 27.1304750514882 0 1.2412315098035 2.48876546290163 6.92343303428771 13.4754045242078 21.8722261977886 29.2605793645705
"24" 1.46326617865151 3.33270670644718 7.20776692157621 13.2680314387431 23.4255204036746 31.9379971574623 0 0.938775091674724 2.9757567164696 6.01228751292862 12.5920516511132 21.6665955748647 26.1908692771225 0 1.02392260194628 2.47436532999865 5.62689971342216 11.6643948119369 21.4021758845943 26.0591600653443 0 0.692000711252182 2.58958981253091 6.48586044959996 11.7367335155406 20.4411560149902 29.9752492752761 0 0.861290773527458 2.49601168569082 7.05990140526056 12.759283699721 22.5450124518353 30.3578357512094 0 0.970300307606694 3.0228382738035 7.33604797598269 12.2397836910747 23.7427336133991 27.4086021459223 0 1.23921863896472 2.41154263823828 6.75171516877407 13.3614441729445 22.0423093293883 29.9327581821086
"25" 1.13491594708783 2.67968385592822 5.63713946360019 12.1306681230309 19.9797402456928 26.7247900631724 0 0.345429513631196 2.3876983911428 5.0988460759654 9.64327617837064 17.7546328478427 27.0171039007695 0 0.768354111002566 2.44301836055093 4.7669013891494 10.9254349001215 18.197522752003 27.3711848787986 0 0.805564819326108 2.26750852700614 5.29354045203102 9.95764847880335 17.3831001370707 24.9674313435265 0 0.844575142547075 2.21259131514798 5.73466950205888 11.1012077212543 20.0874229346138 27.0810603654841 0 0.530098136588863 2.29488150068638 5.64295803707674 11.1977768368024 22.3217298193549 28.4934933438433 0 0.995429392412034 2.20038744928684 5.45315481425635 11.7294446659251 18.5001555149503 30.0099790191927
"26" 0.815364021418047 2.41590037338182 5.04167470845267 11.4785978725891 20.0975832250943 28.5581344961171 0 0.246083653444157 1.9588480166929 4.39614692290581 8.448347900135 16.6170302517659 24.8448601827838 0 0.600079690696025 2.21999159156209 4.34259948194034 9.91342170602003 17.8964387275999 27.2750233639022 0 0.710633761453314 1.94686076716329 4.8879343590336 9.25625281111823 16.9006029873138 24.2316086536274 0 0.685945377855843 2.02177136986228 5.41016507054453 10.6557813154779 20.2640961858307 27.2980306235231 0 0.823452292100812 2.28973005406126 5.27776122540933 10.873186716435 22.0058029625395 29.3171020686507 0 0.921289362545393 2.29820253682066 5.45021557774101 11.6264869766915 18.8387221934875 30.1497525136883
"27" 0.799495827939452 2.27238021200998 5.22750751460652 11.5265392232485 20.3450680987395 31.6591307973057 0 0.682052577551811 2.12907101456879 4.44032613036567 8.89634413751239 17.1680321886519 26.3429427250194 0.00663796240240588 0.848797936194798 2.46048152144857 4.57342494750065 10.2182297310799 18.6423322017805 27.0066779430314 0 1.15650147470489 2.43393471591835 5.68101342904381 9.68850240802568 17.7645182340392 26.0582854739492 0.0784836634078128 1.02547033358946 2.71568260144748 6.20965000965176 11.2627757237628 21.3315439575477 28.7406832909593 0.152331001178126 1.27037311110326 3.25675469863942 6.16210681737384 12.0023170569539 23.5012691236962 30.1304488570743 0.0942058731189734 1.34932865916734 3.2041259683852 6.63017363521181 12.7773871926874 19.6131997744322 31.4089315762361
"28" 0.822667719688116 2.27024829125375 5.155513199647 11.2029131690499 20.273799503068 32.2732254014428 0 1.1657716170583 2.70803064028151 4.92702754300914 9.27583495244906 17.0118056565856 26.9491271041968 0.277323016515951 1.6612572166801 3.19462215519031 5.52435884440617 10.7350345712711 19.4423659273538 27.7976226529281 0.489935713901123 2.41359036488342 3.81988254147416 7.15666416370387 10.9601952998486 18.5364435904267 27.4514440639201 0.773581187467017 2.37103594261108 4.50385578264431 7.90034205789963 13.1242654494413 22.3528804565891 30.2191456703016 1.07682341420831 2.73441776013296 5.65116150732582 8.42952842973692 13.9696968388614 24.8396509039694 31.8663941667733 0.887597903700196 3.10655638544813 5.69970087959074 8.87907084754675 15.4280967067657 22.4250558845024 32.8758002620599
"29" 0.844130801883498 2.47604613776608 5.09546064178585 11.541406000236 20.4327529611194 32.2109880848617 0.211679292530162 1.88182689348338 3.3990273588815 5.68293671924483 10.1156825592741 18.156560015661 27.5008406931769 1.07493457413783 2.80934159249447 4.48079100625903 6.62144975655597 11.5093896046631 20.2538263955022 28.5094157355822 1.8547733996599 4.45776677756922 5.95124208786318 9.27607845749268 12.7540411450756 20.5060581695376 28.4589081496529 3.20411477674715 5.37514754872466 7.20733400129506 10.4670575935973 15.6445401041128 25.0838395922667 32.5465213741457 3.90449705725302 6.1799483739532 8.45179450055495 11.822539539151 17.1885293965703 27.1005271277691 34.2872657419831 3.74828235324585 6.68329566311706 9.20077017731236 12.6001986509636 18.6985072232943 25.1582640253043 35.3737077509009
"30" 0.888181312639492 2.4580998726432 5.13760163070122 11.0328328795357 19.5136033245753 33.335826252135 0.593448926040381 2.57479775142717 3.92789297707367 6.27069385205972 10.2355688886955 17.9388930667445 28.4755133498235 2.14433651762156 3.86095334392859 5.77965915916985 7.7526315179859 11.8848329700881 20.8703981866978 28.7672250776613 3.86037614867101 6.59024420233755 7.61877664732322 11.1851954599591 14.2302540906822 21.4657774183497 29.6059431407809 6.73911184012039 8.73756435202135 10.1301726304759 13.4677281060613 18.336226872455 26.8620608438996 34.4897836235091 8.02195859811156 9.79307574469439 11.9310512482179 15.7884544111169 20.9317634759245 30.5067690229247 37.8185825149987 7.72627225164613 11.0090405048287 13.1453133878577 17.0646063781062 23.0450807581178 27.9174235924817 37.7949183803475
"31" 0.895290501548692 2.34527431113281 5.03810772453696 10.0725402962681 18.1652848436784 33.6675841514188 0.946119896013868 2.91421550066104 4.1791600384524 6.2180617661573 10.2709442376716 18.2541124839442 29.3686860901133 3.01950620638493 4.45155946571792 6.49094908665137 8.35158908072131 12.266232363553 20.5333170747251 29.2757585647537 5.71859235661791 8.02032136148727 8.01542163558178 12.6775352547386 14.8416317222014 22.4020836955272 30.4165625258766 8.84249341746669 10.8323352872483 12.5439863692142 15.5620127322396 20.4044280441157 28.5969177491288 35.6537000819941 11.4820683422987 14.1212872316155 14.7847738267543 19.018107335837 24.6818597979744 32.9817049740382 39.4795811866554 11.5610304632169 15.0475747307281 16.6499840649066 20.3673345956544 27.1611545534571 31.5840379094713 41.206982362452
"32" 0.811807890198695 2.15843311129965 4.7316157095752 9.76142076158675 18.2368299145918 33.1449910964624 1.06827144302993 3.06175406084774 4.18709049576854 6.15778483025257 9.80942557332075 17.5554965656774 29.190553256676 3.48565538307275 4.54972631346057 6.93258835636561 8.61655799643352 11.7567155828404 20.0688412352534 30.2425953305636 6.89016840354587 8.71893730090779 8.80276476375083 13.4827309863262 15.4820944558161 22.5059064491848 30.5869379973994 10.7881636998238 12.8335706825513 13.8660625488722 17.1039209781802 22.2161114873263 29.3969550254636 36.8761760029132 15.0223381438883 16.9910447340076 17.3986094392709 21.801082651906 27.0552998277718 35.4983308944964 40.1972763597633 14.9906778380046 18.7735608626963 20.7796502523769 24.4109189442643 31.0610797110186 34.907402201977 43.4593862143025
"33" 0.773927261248456 1.9821235133006 4.46376719813508 9.37349234305933 17.5639392208035 31.3442010553663 1.02322048794089 2.93921842644145 4.11105491599423 5.79473845247586 9.63596916678361 17.2625640032812 28.6641594985927 3.63379696027241 4.67000828422258 6.87758016662705 8.38674204275452 11.453142414581 19.5308172708602 30.6865230153268 7.40240388934588 9.21908123527595 9.13578965338945 13.5348541263194 14.9887760642683 22.7438675856783 30.7926968999609 12.3700500583986 14.3748652861383 15.3218772510275 18.6785050950627 22.5900646965943 30.3049266102794 37.1741631808197 17.1972112161601 19.506394739883 18.7212698102028 24.6146108332792 29.1982565390611 37.4863343278653 43.4784794940946 19.101155236293 22.9192423368529 23.3220115059428 27.9222944421218 34.5953807037929 38.5131197128474 45.567331914907
"34" 0.802942059838085 1.89915021496958 4.08945669985571 8.67983924232767 16.6731953469662 30.5677271564705 1.06074256911429 2.87122416973073 3.84946197018605 5.53642328836897 9.33712443325492 16.6740158340916 26.8448995211517 3.86931405688786 4.4786507616289 6.75841839901254 8.22473369323647 10.9958285788627 18.5804131355363 29.8362683055874 7.80464385666384 9.39229472082373 9.57157574398212 13.3825142339971 15.2049492342952 21.711306459236 29.6865524656311 13.7768704970532 15.1405010255859 16.1420629282569 19.5300686557368 22.4654736674622 30.1968179103848 37.7553128325549 19.9763530245307 22.556514585363 20.9510045834906 26.4972021684871 30.7576054828155 38.7298793931341 44.9212646052771 22.1255444297406 26.8307610573358 25.9743137468945 31.4962308971237 38.4747577512473 39.9327869793774 49.9585107113001
"35" 0.772260710578509 1.73816249836453 3.84026545553882 8.33793197568322 15.9603706809414 29.247067019858 1.12030419401773 2.7627816951886 3.69235060799268 5.24042397844313 8.89738591148164 15.568651859457 26.933990695586 3.6826775969479 4.33352033484817 6.25898149077473 7.86318170017625 10.4640621990395 18.3282980656725 28.6062434971177 8.22248748144798 9.38462382628864 9.12142182056745 13.3379236752463 14.7251297960312 22.1257453871298 29.2277597660878 14.5121691722868 15.4988452434568 17.4127219069878 19.2436675929824 22.5235725863482 30.4034028250015 36.2005939802091 22.3899271392659 24.0627596278435 21.8006288071208 28.2901709865985 31.8202307769726 39.5030776425903 44.4101794161036 25.225138924184 29.027631256163 28.1207552809948 32.6309700713971 41.2600874563702 41.9027497816961 51.4381279545677
"36" 0.72164791239752 1.67616767564942 3.66649872919651 7.95125262010831 15.04796728824 28.5281793785991 0.950894240028028 2.34785512006939 3.51067957873448 5.08571285015919 8.45383664224905 15.0042895004834 25.860726971275 3.60029626546128 4.19603316402501 6.10664958576938 7.58546788242487 9.83531393478518 17.4556119530059 27.2765031764563 8.07356918982794 9.37858098949523 8.8617938522645 12.8623524125657 13.8606342870477 21.1021442031029 28.3507791791818 15.0044114705413 16.2200239045963 17.3414736974047 19.7623928002377 22.9431904777003 28.8858957213462 36.7478733712484 23.3920377997819 26.7550303776391 23.741645289558 29.0410802517776 31.1970328066856 39.6670557083454 45.1087938048136 27.6469159024476 32.1938303662742 30.2756873119166 33.4753253769831 44.2719820696316 44.6019637543911 53.9681837417628
"37" 0.599355662358778 1.41462929393527 3.39461364019283 7.3283649357212 14.3900255950763 26.5288318549436 0.932242787142685 2.1520703979584 3.37174725228348 4.71008212249126 7.5426384484264 13.9001240496129 24.4293301251945 3.63280921104071 4.01451811292587 5.7735333803897 7.06737558679056 9.37965079977941 16.2933950157627 26.1204002327855 8.16107091995162 9.26927660546808 8.77261413155909 12.5536447165502 13.2970965532226 20.7363174316438 27.5067357264976 15.7944493368372 16.8050644088389 17.5867584208413 20.2040689070313 22.490219552103 28.8522282093048 35.5662180252165 24.8691937034806 26.0760633940526 25.1000914064206 30.340826271301 31.2717553288452 40.4085547290628 44.6675525698088 30.1203795222035 33.1501312704322 33.2424914407916 36.1163425084876 44.3360091297311 44.5607726892237 54.9564329946172
"38" 0.528054044627282 1.27495013296251 3.10321644284957 6.48673008327104 13.6925635373366 25.4453304894815 0.920737142066174 2.04251040912896 3.21610188035603 4.35050663805173 7.21565660863764 13.209790500545 23.3391937053075 3.61875486052052 3.80325931450573 5.45136399202281 6.66425669094737 8.93441729016931 15.9852068217276 24.7825484537285 8.48761213312146 9.0806870374193 9.13111090623515 12.0149805764873 12.4708323523392 19.68347231454 27.6103951152863 16.618568236589 16.6443313485958 17.6327447936692 19.9675121169863 21.6497718687247 28.5682733836282 34.4125981626907 25.6248458578828 28.2858857061639 25.164263286662 30.9609430552576 31.1983731641969 39.7909396122237 44.6347272500042 32.6478227064168 36.1473317931808 34.8046190273302 37.5818809674136 46.3113721982231 44.5164612792693 57.504739313469
"39" 0.543201187316056 1.17054597542775 2.79386633452587 6.2280377278074 12.543699958147 25.2170261359385 0.882890100204798 1.73190405832301 2.91075939933127 4.00900383257933 6.80381748440071 12.6343675467544 21.8089566127001 3.478610491733 3.70097007650244 5.22647639431246 6.35761790442337 8.5348594841551 15.4236215210644 23.8084001529075 8.28590706864199 9.06974740333673 8.94753164788169 11.7605224844024 12.1490383103663 18.6568713536292 26.2992424680999 16.3357068503509 17.2119336987097 17.0752674547003 19.6052102974459 21.1938735233114 27.71662279721 34.0526769714445 26.7474672916832 29.421912117634 24.898861366281 31.389447350276 30.6516156541849 38.722771726563 41.8677633807343 34.87660283351 37.4059571026209 35.7892186339952 38.9237697386608 45.9712131235082 43.3988040954062 57.1301820536617
"40" 0.465841767500147 1.00641525988328 2.55709422234742 5.78036116393138 11.3607320739727 24.3751034108581 0.883817101212769 1.60527877560574 2.75495249280288 3.75923445547427 6.46304020761948 11.5512645689196 20.6325337156271 3.50310428817056 3.44270083986531 4.9326079389714 5.97758653365037 8.02755614075908 14.1455343931746 22.5514018960943 8.31659547253378 8.70358745206918 8.47889442524667 11.0697408206703 11.6207306857023 17.9413601254544 26.1022429233788 16.4872692485467 16.8457083002926 17.1594789296781 19.4550830663247 20.6580015471038 27.284632435222 34.6325075623635 26.7929376170293 29.2089447100596 26.0482932087237 31.7569321584507 30.1821047267367 39.675732419885 41.9101462606735 37.3295484142019 39.1636210740782 37.9074134076608 41.0044123391753 47.4050448480951 42.508712038597 56.2937758881565
"41" 0.436288830665646 0.847196927431355 2.38983422329153 5.34734055958495 10.9552203192216 23.4770843358469 0.86161630860081 1.5624888280068 2.53103194678343 3.50033601246377 5.95165255218772 11.2537884040666 19.9138338977838 3.40835676744164 3.25071158277156 4.66342109972372 5.6153859432957 7.67557184583584 13.6405979659408 21.0209360276809 8.16076319564732 8.49104980100201 8.4490933665858 10.4849542874582 11.2445761774376 17.5568155608788 24.6803654514206 17.1755376829215 17.2234317415533 17.1103733270221 18.9179427091243 19.9731085566665 25.7069038052956 33.1963568115547 27.0568682348452 30.0687797553449 26.1706404546957 31.8731338283154 30.7939813626194 38.7973857899903 42.0236316583681 37.9694590260222 41.3089532840344 37.974561081561 40.7085283093273 47.2367948916019 41.8444654965446 53.2105558755033
"42" 0.38381120110986 0.68842214341341 1.2756801981241 4.91711633114097 10.1498353912466 21.5063495044604 0.766508080620179 1.37332870346552 2.26228930242465 3.2218558781233 5.71582590466171 10.6798683435267 19.329476452288 3.37878462045173 3.12161247549185 4.38429097562422 5.21548593669235 7.34552076829436 13.150754321573 20.4283836275889 8.06950747160428 7.99371739633284 7.48243163911227 10.1366815505189 10.4187013222156 17.1833442707631 22.7930056838436 16.9097654369964 16.4494590293172 16.7627909477291 17.9958568741904 19.3835784003232 25.0018784658661 31.7553587299041 27.8879475578597 30.2415785584287 25.2970581769999 31.6694483992807 29.9942587231927 39.2744533138014 40.0113280892968 38.7061738335948 41.8960869973821 38.1471277768254 40.7670409120718 47.6273035308334 41.6845194085016 54.4599536531232
"43" 0.230394078791853 0.603023657959388 1.13397119936351 4.4936674408322 9.78323858915722 20.371424099882 0.711054426905629 1.17158803213749 2.20578378614153 2.96954050978375 5.38821047996642 9.87524673085417 19.1725175793548 3.42711569410762 3.00634871424211 4.20051291959031 4.92148441469938 6.86070927921782 12.3167361623835 19.8276238178996 8.04457473401623 7.52810199791558 7.26488789859196 9.74013002232814 10.1839904314822 16.1793566224317 22.585779607354 16.8020207816886 16.2310849806065 16.9736252530349 17.5113847369835 18.9624569543433 24.1056991645381 32.1771823497052 27.0169771680689 30.7654634293499 25.4405215492465 30.6460998980584 30.0790529614881 38.1334153155681 37.5475667191567 40.1270901565197 40.2513313135112 38.6092751247903 40.6312556310064 46.6354671936921 41.4085410478471 53.8589334343636
"44" 0.229162290937536 0.483461737098921 0.900211355810699 4.06705451675026 8.9729202746071 19.1588925645925 0.621891805057031 1.11970821811626 2.03618005864306 2.59793988317214 4.89917423353915 8.75059128926567 17.6555977288026 3.27963707375247 2.82957662946955 3.80506153720897 4.5512962029583 6.22171720889866 11.9056804943654 19.5004579683604 7.91260321204845 7.26274358834323 7.1262168400975 9.29118431172616 9.53262394818221 14.9959611215572 21.7638879159556 16.1988675251824 15.6842265692939 17.1941013238706 17.0182005971006 18.2968917537947 23.2548253786773 29.7874196617887 26.9145820014204 30.5804229485459 25.2449484928504 30.1812867064573 29.2351809029085 37.1487193331254 36.9201614911547 41.5932591937051 41.9287343882296 38.8260969997359 40.0409128562407 46.2911878390974 43.7630155103091 53.0347270471878
"45" 0.185279738073512 0.441214084611422 0.806506892393955 3.69209899611015 8.48188752209511 17.8515656248741 0.583571921983465 0.977283226289102 1.87304911647097 2.45229729833748 4.60596978250957 8.19815994278188 17.2684137966373 3.12442000467198 2.60434959222623 3.69980579263954 4.19735043640229 5.89513215324484 11.1355813359797 19.396324553157 7.75372488282082 7.0579875338127 6.77730414648855 9.3368275867271 9.09290849831705 14.6013364115142 21.4629824584592 16.8156333303018 15.2566122216032 16.0662263596498 17.2509208120588 18.426017813581 23.2895321472389 29.0610583690698 26.6266977683913 31.1177467137754 24.9689965680125 30.1217434815809 30.1614450574253 36.5507627062669 36.0361901950682 42.3861304782045 42.9652188779593 38.4589842869687 39.2992656352961 45.1638339539975 42.2972827610456 52.1916121364912
"46" 0.141438825163503 0.345826808875261 0.683839338682441 3.35189392096915 7.8265996853081 16.825718552921 0.543078473436615 0.856474716466748 1.65767322378427 2.23199745499857 4.35888147765052 7.78099590246958 16.0259357271025 2.95603592284219 2.43494651855142 3.41419315978748 3.89449576761646 5.49461133353924 10.4401920562884 18.6178034391859 7.50912326775351 6.76455197014375 6.63321707532742 8.6681066243135 8.72921031122009 13.9222548582631 19.6835434842223 16.7424099623447 14.5047929299607 15.9213877103318 17.3584420691217 17.4881727629774 23.4525810634422 27.9816852939623 25.9486061153028 30.0445028501735 24.5769682798287 29.1868654384295 29.8558950843535 36.8598704064264 35.4165457785584 43.5421291676448 42.5876308089316 39.4477233028406 40.4172923800869 45.6392590634547 40.7683497579347 54.0621602970845
"47" 0.112921686496203 0.235909559336202 1.1064363400625 2.84670527909366 7.01785966940483 15.1903623934677 0.10496393637436 0.780948598066074 1.52178773869156 1.99282029780434 4.08922978212018 7.21784134946442 14.9135653893678 2.67127637617169 2.30248867446736 3.32648651080261 3.57276008095071 4.91692011832779 9.07212115859903 17.6869498847227 7.16692955768843 6.53656352566619 6.40140171032092 7.91941634824912 8.11545315265567 13.384185336563 18.9145431008831 15.6919392091358 14.2368126423813 15.0431820414966 16.3991366334203 16.7468965974586 22.2965675448064 26.616860991385 26.1692728087514 29.5318800335643 25.5207424978298 28.9152058604274 30.4538992896423 34.976107194031 33.9060935587848 42.946444980568 42.7314153833108 37.9549905556632 39.8951184008825 44.6574000637488 40.3067770011998 51.6558351010779
"48" 0.073079520582778 0.175522187974357 0.536625613526692 2.59265147844556 6.6316047141429 14.721348917289 0.0858963957468197 0.883968074452292 1.31840247983591 1.68675413695477 3.78271069202283 6.42820349580394 14.1413807708352 2.70772548966587 2.11983479033402 3.2652792157524 3.24670567521648 4.57438315824863 8.84886250543962 16.5666889075811 6.67828652832185 6.20999856399238 5.85943052064518 7.55332791243683 7.35227676099966 13.015343091508 17.0979049416757 15.5389552045946 13.7530523319054 14.4950905487551 15.4596513859564 16.8095348773458 21.7164895681336 25.2205949452945 29.5734731218577 28.5389788958029 23.744263333173 28.4346192976005 29.5534350045489 36.9386006214333 34.6445299616473 44.0096616433152 42.8997502273836 37.9316485222803 40.1344445566043 43.9590783533574 40.1499748151105 51.7883121797521
