# Time	[Srxn1]	
0	0	
0	0	
0.48	0.0130615	
0.96	0.116408	
1.44	0.174968	
1.92	0.246901	
2.4	0.349421	
2.88	0.485043	
3.36	0.65442	
3.84	0.857145	
4.32	1.09208	
4.8	1.35758	
5.28	1.65172	
5.76	1.97237	
6.24	2.31731	
6.72	2.68434	
7.2	3.07126	
7.68	3.47598	
8.16	3.89649	
8.64	4.33088	
9.12	4.77737	
9.6	5.23431	
10.08	5.70015	
10.56	6.17347	
11.04	6.65297	
11.52	7.13744	
12	7.62577	
12.48	8.11696	
12.96	8.61009	
13.44	9.1043	
13.92	9.59883	
14.4	10.093	
14.88	10.5861	
15.36	11.0776	
15.84	11.567	
16.32	12.0538	
16.8	12.5375	
17.28	13.0178	
17.76	13.4942	
18.24	13.9664	
18.72	14.4342	
19.2	14.8973	
19.68	15.3553	
20.16	15.8081	
20.64	16.2555	
21.12	16.6973	
21.6	17.1333	
22.08	17.5633	
22.56	17.9872	
23.04	18.405	
23.52	18.8163	
24	19.2213	
24.48	19.6197	
24.96	20.0116	
25.44	20.3967	
25.92	20.7751	
26.4	21.1467	
26.88	21.5114	
27.36	21.8691	
27.84	22.2198	
28.32	22.5631	
28.8	22.8988	
29.28	23.2258	
29.76	23.5422	
30.24	23.8438	
30.72	24.122	
31.2	24.361	
31.68	24.5364	
32.16	24.624	
32.64	24.6175	
33.12	24.536	
33.6	24.408	
34.08	24.2562	
34.56	24.0937	
35.04	23.9271	
35.52	23.7593	
36	23.5917	
36.48	23.425	
36.96	23.2593	
37.44	23.0948	
37.92	22.9315	
38.4	22.7694	
38.88	22.6085	
39.36	22.4488	
39.84	22.2903	
40.32	22.133	
40.8	21.977	
41.28	21.822	
41.76	21.6683	
42.24	21.5157	
42.72	21.3643	
43.2	21.214	
43.68	21.0648	
44.16	20.9168	
44.64	20.7699	
45.12	20.6241	
45.6	20.4794	
46.08	20.3357	
46.56	20.1932	
47.04	20.0517	
47.52	19.9113	
48	19.772	
nan	nan	
0	0	
0.48	0.0137349	
0.96	0.144865	
1.44	0.217796	
1.92	0.308137	
2.4	0.438264	
2.88	0.611449	
3.36	0.828539	
3.84	1.089	
4.32	1.39136	
4.8	1.73349	
5.28	2.11286	
5.76	2.52671	
6.24	2.97217	
6.72	3.44636	
7.2	3.94645	
7.68	4.46969	
8.16	5.01347	
8.64	5.57532	
9.12	6.15293	
9.6	6.74414	
10.08	7.34695	
10.56	7.9595	
11.04	8.5801	
11.52	9.20718	
12	9.83931	
12.48	10.4752	
12.96	11.1136	
13.44	11.7534	
13.92	12.3937	
14.4	13.0335	
14.88	13.6719	
15.36	14.3084	
15.84	14.942	
16.32	15.5723	
16.8	16.1986	
17.28	16.8204	
17.76	17.4373	
18.24	18.0488	
18.72	18.6545	
19.2	19.254	
19.68	19.8471	
20.16	20.4334	
20.64	21.0126	
21.12	21.5846	
21.6	22.149	
22.08	22.7058	
22.56	23.2546	
23.04	23.7954	
23.52	24.3279	
24	24.8521	
24.48	25.3679	
24.96	25.875	
25.44	26.3735	
25.92	26.8633	
26.4	27.3442	
26.88	27.8161	
27.36	28.279	
27.84	28.7328	
28.32	29.1771	
28.8	29.6113	
29.28	30.0344	
29.76	30.4436	
30.24	30.8337	
30.72	31.1934	
31.2	31.5022	
31.68	31.7282	
32.16	31.84	
32.64	31.8296	
33.12	31.7217	
33.6	31.5534	
34.08	31.3542	
34.56	31.141	
35.04	30.9225	
35.52	30.7025	
36	30.4828	
36.48	30.2642	
36.96	30.047	
37.44	29.8313	
37.92	29.6172	
38.4	29.4047	
38.88	29.1938	
39.36	28.9844	
39.84	28.7767	
40.32	28.5705	
40.8	28.3659	
41.28	28.1628	
41.76	27.9612	
42.24	27.7612	
42.72	27.5626	
43.2	27.3656	
43.68	27.1701	
44.16	26.976	
44.64	26.7834	
45.12	26.5922	
45.6	26.4025	
46.08	26.2142	
46.56	26.0274	
47.04	25.8419	
47.52	25.6578	
48	25.4752	
nan	nan	
0	0	
0.48	0.0144085	
0.96	0.173322	
1.44	0.260626	
1.92	0.369375	
2.4	0.52711	
2.88	0.737857	
3.36	1.00266	
3.84	1.32086	
4.32	1.69065	
4.8	2.1094	
5.28	2.574	
5.76	3.08106	
6.24	3.62704	
6.72	4.2084	
7.2	4.82164	
7.68	5.4634	
8.16	6.13045	
8.64	6.81977	
9.12	7.52849	
9.6	8.25397	
10.08	8.99374	
10.56	9.74552	
11.04	10.5072	
11.52	11.2769	
12	12.0528	
12.48	12.8334	
12.96	13.617	
13.44	14.4025	
13.92	15.1885	
14.4	15.9739	
14.88	16.7578	
15.36	17.5391	
15.84	18.317	
16.32	19.0908	
16.8	19.8597	
17.28	20.6231	
17.76	21.3804	
18.24	22.1311	
18.72	22.8747	
19.2	23.6108	
19.68	24.3388	
20.16	25.0586	
20.64	25.7697	
21.12	26.4718	
21.6	27.1648	
22.08	27.8482	
22.56	28.5219	
23.04	29.1857	
23.52	29.8394	
24	30.4829	
24.48	31.116	
24.96	31.7385	
25.44	32.3503	
25.92	32.9514	
26.4	33.5416	
26.88	34.1208	
27.36	34.6889	
27.84	35.2458	
28.32	35.791	
28.8	36.3238	
29.28	36.8429	
29.76	37.345	
30.24	37.8236	
30.72	38.2648	
31.2	38.6431	
31.68	38.9199	
32.16	39.056	
32.64	39.0417	
33.12	38.9074	
33.6	38.6988	
34.08	38.4521	
34.56	38.1883	
35.04	37.9179	
35.52	37.6457	
36	37.3739	
36.48	37.1035	
36.96	36.8347	
37.44	36.5679	
37.92	36.303	
38.4	36.0401	
38.88	35.7791	
39.36	35.5201	
39.84	35.2631	
40.32	35.008	
40.8	34.7548	
41.28	34.5035	
41.76	34.2542	
42.24	34.0067	
42.72	33.761	
43.2	33.5173	
43.68	33.2753	
44.16	33.0352	
44.64	32.7969	
45.12	32.5604	
45.6	32.3257	
46.08	32.0927	
46.56	31.8615	
47.04	31.6321	
47.52	31.4044	
48	31.1784	
nan	nan	
0	0	
0.48	0.015082	
0.96	0.20178	
1.44	0.303455	
1.92	0.43061	
2.4	0.615954	
2.88	0.864262	
3.36	1.17678	
3.84	1.55272	
4.32	1.98993	
4.8	2.4853	
5.28	3.03514	
5.76	3.6354	
6.24	4.28191	
6.72	4.97043	
7.2	5.69683	
7.68	6.45711	
8.16	7.24745	
8.64	8.06422	
9.12	8.90407	
9.6	9.76382	
10.08	10.6406	
10.56	11.5316	
11.04	12.4344	
11.52	13.3467	
12	14.2664	
12.48	15.1916	
12.96	16.1205	
13.44	17.0516	
13.92	17.9833	
14.4	18.9144	
14.88	19.8436	
15.36	20.7698	
15.84	21.692	
16.32	22.6093	
16.8	23.5208	
17.28	24.4258	
17.76	25.3236	
18.24	26.2135	
18.72	27.095	
19.2	27.9675	
19.68	28.8306	
20.16	29.6839	
20.64	30.5268	
21.12	31.3591	
21.6	32.1805	
22.08	32.9907	
22.56	33.7893	
23.04	34.5761	
23.52	35.351	
24	36.1137	
24.48	36.8641	
24.96	37.6019	
25.44	38.3271	
25.92	39.0396	
26.4	39.7391	
26.88	40.4256	
27.36	41.0989	
27.84	41.7589	
28.32	42.405	
28.8	43.0364	
29.28	43.6516	
29.76	44.2466	
30.24	44.8136	
30.72	45.3362	
31.2	45.7842	
31.68	46.1116	
32.16	46.2721	
32.64	46.2539	
33.12	46.0931	
33.6	45.8442	
34.08	45.5501	
34.56	45.2357	
35.04	44.9134	
35.52	44.589	
36	44.2651	
36.48	43.9428	
36.96	43.6225	
37.44	43.3044	
37.92	42.9888	
38.4	42.6754	
38.88	42.3644	
39.36	42.0558	
39.84	41.7494	
40.32	41.4454	
40.8	41.1437	
41.28	40.8442	
41.76	40.547	
42.24	40.2521	
42.72	39.9594	
43.2	39.6688	
43.68	39.3805	
44.16	39.0944	
44.64	38.8104	
45.12	38.5285	
45.6	38.2488	
46.08	37.9712	
46.56	37.6956	
47.04	37.4222	
47.52	37.1508	
48	36.8815	
nan	nan	
0	0	
0.48	0.0157554	
0.96	0.230237	
1.44	0.346282	
1.92	0.491845	
2.4	0.704797	
2.88	0.990668	
3.36	1.35089	
3.84	1.78458	
4.32	2.28921	
4.8	2.8612	
5.28	3.49627	
5.76	4.18975	
6.24	4.93677	
6.72	5.73246	
7.2	6.57202	
7.68	7.45082	
8.16	8.36443	
8.64	9.30867	
9.12	10.2796	
9.6	11.2737	
10.08	12.2873	
10.56	13.3176	
11.04	14.3615	
11.52	15.4164	
12	16.4799	
12.48	17.5498	
12.96	18.624	
13.44	19.7007	
13.92	20.7782	
14.4	21.8549	
14.88	22.9294	
15.36	24.0005	
15.84	25.067	
16.32	26.1278	
16.8	27.1819	
17.28	28.2285	
17.76	29.2667	
18.24	30.2959	
18.72	31.3153	
19.2	32.3243	
19.68	33.3224	
20.16	34.3091	
20.64	35.2839	
21.12	36.2465	
21.6	37.1963	
22.08	38.1331	
22.56	39.0566	
23.04	39.9665	
23.52	40.8626	
24	41.7445	
24.48	42.6122	
24.96	43.4654	
25.44	44.304	
25.92	45.1277	
26.4	45.9366	
26.88	46.7303	
27.36	47.5088	
27.84	48.2719	
28.32	49.0189	
28.8	49.749	
29.28	50.4602	
29.76	51.1481	
30.24	51.8035	
30.72	52.4076	
31.2	52.9254	
31.68	53.3035	
32.16	53.4881	
32.64	53.466	
33.12	53.2788	
33.6	52.9896	
34.08	52.6481	
34.56	52.283	
35.04	51.9088	
35.52	51.5322	
36	51.1562	
36.48	50.782	
36.96	50.4101	
37.44	50.041	
37.92	49.6745	
38.4	49.3107	
38.88	48.9497	
39.36	48.5914	
39.84	48.2358	
40.32	47.8828	
40.8	47.5326	
41.28	47.1849	
41.76	46.8399	
42.24	46.4975	
42.72	46.1577	
43.2	45.8204	
43.68	45.4857	
44.16	45.1535	
44.64	44.8239	
45.12	44.4967	
45.6	44.1719	
46.08	43.8496	
46.56	43.5298	
47.04	43.2123	
47.52	42.8973	
48	42.5846	
nan	nan	
0	0	
0.48	0.0164288	
0.96	0.258694	
1.44	0.389111	
1.92	0.553082	
2.4	0.793641	
2.88	1.11707	
3.36	1.52501	
3.84	2.01644	
4.32	2.5885	
4.8	3.23711	
5.28	3.95741	
5.76	4.74409	
6.24	5.59163	
6.72	6.49449	
7.2	7.44721	
7.68	8.44453	
8.16	9.48141	
8.64	10.5531	
9.12	11.6552	
9.6	12.7835	
10.08	13.9341	
10.56	15.1036	
11.04	16.2886	
11.52	17.4862	
12	18.6935	
12.48	19.908	
12.96	21.1275	
13.44	22.3498	
13.92	23.573	
14.4	24.7954	
14.88	26.0153	
15.36	27.2313	
15.84	28.442	
16.32	29.6463	
16.8	30.843	
17.28	32.0312	
17.76	33.2099	
18.24	34.3782	
18.72	35.5355	
19.2	36.6811	
19.68	37.8142	
20.16	38.9344	
20.64	40.041	
21.12	41.1337	
21.6	42.212	
22.08	43.2756	
22.56	44.324	
23.04	45.3569	
23.52	46.3741	
24	47.3753	
24.48	48.3603	
24.96	49.3288	
25.44	50.2807	
25.92	51.2159	
26.4	52.134	
26.88	53.0351	
27.36	53.9188	
27.84	54.7849	
28.32	55.6328	
28.8	56.4615	
29.28	57.2687	
29.76	58.0495	
30.24	58.7934	
30.72	59.479	
31.2	60.0665	
31.68	60.4952	
32.16	60.7041	
32.64	60.6781	
33.12	60.4645	
33.6	60.135	
34.08	59.746	
34.56	59.3303	
35.04	58.9042	
35.52	58.4754	
36	58.0472	
36.48	57.6212	
36.96	57.1978	
37.44	56.7775	
37.92	56.3602	
38.4	55.946	
38.88	55.535	
39.36	55.127	
39.84	54.7221	
40.32	54.3203	
40.8	53.9214	
41.28	53.5256	
41.76	53.1328	
42.24	52.743	
42.72	52.356	
43.2	51.972	
43.68	51.5909	
44.16	51.2127	
44.64	50.8373	
45.12	50.4648	
45.6	50.095	
46.08	49.7281	
46.56	49.3639	
47.04	49.0025	
47.52	48.6437	
48	48.2877	
nan	nan	
0	0	
0.48	0.0171023	
0.96	0.28715	
1.44	0.43194	
1.92	0.614318	
2.4	0.882484	
2.88	1.24348	
3.36	1.69913	
3.84	2.2483	
4.32	2.88778	
4.8	3.61301	
5.28	4.41855	
5.76	5.29844	
6.24	6.2465	
6.72	7.25652	
7.2	8.3224	
7.68	9.43823	
8.16	10.5984	
8.64	11.7976	
9.12	13.0307	
9.6	14.2933	
10.08	15.5809	
10.56	16.8896	
11.04	18.2157	
11.52	19.5559	
12	20.907	
12.48	22.2662	
12.96	23.631	
13.44	24.9989	
13.92	26.3678	
14.4	27.7358	
14.88	29.1011	
15.36	30.462	
15.84	31.817	
16.32	33.1648	
16.8	34.5041	
17.28	35.8338	
17.76	37.153	
18.24	38.4606	
18.72	39.7558	
19.2	41.0378	
19.68	42.306	
20.16	43.5596	
20.64	44.7982	
21.12	46.0211	
21.6	47.2278	
22.08	48.4181	
22.56	49.5913	
23.04	50.7473	
23.52	51.8857	
24	53.0061	
24.48	54.1084	
24.96	55.1923	
25.44	56.2575	
25.92	57.304	
26.4	58.3315	
26.88	59.3398	
27.36	60.3287	
27.84	61.2979	
28.32	62.2468	
28.8	63.1741	
29.28	64.0773	
29.76	64.951	
30.24	65.7833	
30.72	66.5504	
31.2	67.2075	
31.68	67.6868	
32.16	67.9201	
32.64	67.8902	
33.12	67.6502	
33.6	67.2804	
34.08	66.844	
34.56	66.3777	
35.04	65.8997	
35.52	65.4188	
36	64.9385	
36.48	64.4606	
36.96	63.9857	
37.44	63.5141	
37.92	63.0461	
38.4	62.5815	
38.88	62.1204	
39.36	61.6628	
39.84	61.2086	
40.32	60.7578	
40.8	60.3105	
41.28	59.8665	
41.76	59.4258	
42.24	58.9885	
42.72	58.5545	
43.2	58.1237	
43.68	57.6963	
44.16	57.272	
44.64	56.8509	
45.12	56.433	
45.6	56.0183	
46.08	55.6066	
46.56	55.1981	
47.04	54.7927	
47.52	54.3903	
48	53.991	
nan	nan	
0	0	
0.48	0.0177757	
0.96	0.315608	
1.44	0.474768	
1.92	0.675555	
2.4	0.971329	
2.88	1.36989	
3.36	1.87325	
3.84	2.48016	
4.32	3.18706	
4.8	3.98892	
5.28	4.87969	
5.76	5.85278	
6.24	6.90137	
6.72	8.01855	
7.2	9.19759	
7.68	10.4319	
8.16	11.7154	
8.64	13.042	
9.12	14.4063	
9.6	15.8032	
10.08	17.2278	
10.56	18.6757	
11.04	20.1429	
11.52	21.6257	
12	23.1205	
12.48	24.6244	
12.96	26.1345	
13.44	27.648	
13.92	29.1627	
14.4	30.6763	
14.88	32.1869	
15.36	33.6927	
15.84	35.192	
16.32	36.6833	
16.8	38.1652	
17.28	39.6365	
17.76	41.0961	
18.24	42.543	
18.72	43.9761	
19.2	45.3946	
19.68	46.7977	
20.16	48.1848	
20.64	49.5552	
21.12	50.9083	
21.6	52.2436	
22.08	53.5605	
22.56	54.8587	
23.04	56.1377	
23.52	57.3972	
24	58.6369	
24.48	59.8565	
24.96	61.0557	
25.44	62.2344	
25.92	63.3922	
26.4	64.529	
26.88	65.6445	
27.36	66.7386	
27.84	67.8109	
28.32	68.8607	
28.8	69.8867	
29.28	70.8859	
29.76	71.8525	
30.24	72.7733	
30.72	73.6218	
31.2	74.3487	
31.68	74.8787	
32.16	75.1362	
32.64	75.1024	
33.12	74.836	
33.6	74.4259	
34.08	73.942	
34.56	73.425	
35.04	72.8952	
35.52	72.362	
36	71.8297	
36.48	71.2999	
36.96	70.7735	
37.44	70.2508	
37.92	69.732	
38.4	69.217	
38.88	68.7059	
39.36	68.1986	
39.84	67.6951	
40.32	67.1954	
40.8	66.6995	
41.28	66.2074	
41.76	65.7189	
42.24	65.2342	
42.72	64.753	
43.2	64.2756	
43.68	63.8017	
44.16	63.3314	
44.64	62.8646	
45.12	62.4013	
45.6	61.9416	
46.08	61.4853	
46.56	61.0325	
47.04	60.583	
47.52	60.137	
48	59.6943	
nan	nan	
0	0	
0.48	0.0184491	
0.96	0.344065	
1.44	0.517597	
1.92	0.736793	
2.4	1.06017	
2.88	1.49629	
3.36	2.04737	
3.84	2.71202	
4.32	3.48635	
4.8	4.36483	
5.28	5.34083	
5.76	6.40713	
6.24	7.55624	
6.72	8.78059	
7.2	10.0728	
7.68	11.4257	
8.16	12.8324	
8.64	14.2865	
9.12	15.7819	
9.6	17.313	
10.08	18.8746	
10.56	20.4617	
11.04	22.07	
11.52	23.6954	
12	25.3341	
12.48	26.9827	
12.96	28.638	
13.44	30.2971	
13.92	31.9575	
14.4	33.6168	
14.88	35.2728	
15.36	36.9234	
15.84	38.567	
16.32	40.2018	
16.8	41.8263	
17.28	43.4392	
17.76	45.0393	
18.24	46.6253	
18.72	48.1963	
19.2	49.7513	
19.68	51.2895	
20.16	52.8101	
20.64	54.3123	
21.12	55.7956	
21.6	57.2593	
22.08	58.7029	
22.56	60.126	
23.04	61.5281	
23.52	62.9088	
24	64.2677	
24.48	65.6046	
24.96	66.9192	
25.44	68.2112	
25.92	69.4803	
26.4	70.7264	
26.88	71.9493	
27.36	73.1486	
27.84	74.324	
28.32	75.4747	
28.8	76.5992	
29.28	77.6946	
29.76	78.7539	
30.24	79.7632	
30.72	80.6932	
31.2	81.4896	
31.68	82.0702	
32.16	82.3522	
32.64	82.3144	
33.12	82.0216	
33.6	81.5712	
34.08	81.0398	
34.56	80.4722	
35.04	79.8905	
35.52	79.3051	
36	78.7206	
36.48	78.1389	
36.96	77.561	
37.44	76.9871	
37.92	76.4175	
38.4	75.8521	
38.88	75.2909	
39.36	74.7339	
39.84	74.1812	
40.32	73.6326	
40.8	73.0881	
41.28	72.5478	
41.76	72.0115	
42.24	71.4793	
42.72	70.9511	
43.2	70.4268	
43.68	69.9066	
44.16	69.3902	
44.64	68.8778	
45.12	68.3692	
45.6	67.8644	
46.08	67.3634	
46.56	66.8663	
47.04	66.3728	
47.52	65.8831	
48	65.3971	
nan	nan	
0	0	
0.48	0.0191226	
0.96	0.372522	
1.44	0.560427	
1.92	0.798029	
2.4	1.14902	
2.88	1.6227	
3.36	2.22149	
3.84	2.94387	
4.32	3.78563	
4.8	4.74073	
5.28	5.80196	
5.76	6.96148	
6.24	8.2111	
6.72	9.54262	
7.2	10.948	
7.68	12.4194	
8.16	13.9493	
8.64	15.5309	
9.12	17.1574	
9.6	18.8228	
10.08	20.5213	
10.56	22.2477	
11.04	23.9971	
11.52	25.7651	
12	27.5476	
12.48	29.3408	
12.96	31.1414	
13.44	32.9462	
13.92	34.7523	
14.4	36.5572	
14.88	38.3586	
15.36	40.1541	
15.84	41.9419	
16.32	43.7202	
16.8	45.4874	
17.28	47.2419	
17.76	48.9824	
18.24	50.7077	
18.72	52.4166	
19.2	54.1081	
19.68	55.7813	
20.16	57.4353	
20.64	59.0694	
21.12	60.6829	
21.6	62.275	
22.08	63.8454	
22.56	65.3934	
23.04	66.9185	
23.52	68.4204	
24	69.8986	
24.48	71.3528	
24.96	72.7827	
25.44	74.188	
25.92	75.5685	
26.4	76.9239	
26.88	78.254	
27.36	79.5585	
27.84	80.837	
28.32	82.0886	
28.8	83.3118	
29.28	84.5031	
29.76	85.6554	
30.24	86.7532	
30.72	87.7646	
31.2	88.6309	
31.68	89.2622	
32.16	89.5683	
32.64	89.5267	
33.12	89.2074	
33.6	88.7167	
34.08	88.1379	
34.56	87.5196	
35.04	86.8861	
35.52	86.2486	
36	85.6119	
36.48	84.9785	
36.96	84.349	
37.44	83.724	
37.92	83.1036	
38.4	82.4878	
38.88	81.8766	
39.36	81.27	
39.84	80.6679	
40.32	80.0704	
40.8	79.4774	
41.28	78.8889	
41.76	78.3048	
42.24	77.7251	
42.72	77.1498	
43.2	76.5789	
43.68	76.0122	
44.16	75.4498	
44.64	74.8916	
45.12	74.3377	
45.6	73.7879	
46.08	73.2423	
46.56	72.7008	
47.04	72.1634	
47.52	71.63	
48	71.1007	
nan	nan	
0	0	
0.48	0.0197961	
0.96	0.40098	
1.44	0.603255	
1.92	0.859267	
2.4	1.23786	
2.88	1.74911	
3.36	2.39561	
3.84	3.17574	
4.32	4.08492	
4.8	5.11664	
5.28	6.26311	
5.76	7.51583	
6.24	8.86597	
6.72	10.3047	
7.2	11.8232	
7.68	13.4131	
8.16	15.0664	
8.64	16.7754	
9.12	18.533	
9.6	20.3327	
10.08	22.1682	
10.56	24.0338	
11.04	25.9243	
11.52	27.8349	
12	29.7612	
12.48	31.6991	
12.96	33.6449	
13.44	35.5953	
13.92	37.5472	
14.4	39.4978	
14.88	41.4444	
15.36	43.3849	
15.84	45.317	
16.32	47.2388	
16.8	49.1485	
17.28	51.0446	
17.76	52.9256	
18.24	54.7901	
18.72	56.6369	
19.2	58.4649	
19.68	60.2731	
20.16	62.0606	
20.64	63.8265	
21.12	65.5702	
21.6	67.2908	
22.08	68.9879	
22.56	70.6607	
23.04	72.3089	
23.52	73.9319	
24	75.5293	
24.48	77.1009	
24.96	78.6461	
25.44	80.1648	
25.92	81.6566	
26.4	83.1214	
26.88	84.5588	
27.36	85.9684	
27.84	87.35	
28.32	88.7025	
28.8	90.0243	
29.28	91.3117	
29.76	92.5569	
30.24	93.7431	
30.72	94.836	
31.2	95.772	
31.68	96.4539	
32.16	96.7843	
32.64	96.7388	
33.12	96.3931	
33.6	95.8621	
34.08	95.2359	
34.56	94.5669	
35.04	93.8815	
35.52	93.1917	
36	92.503	
36.48	91.8177	
36.96	91.1368	
37.44	90.4606	
37.92	89.7894	
38.4	89.1231	
38.88	88.4619	
39.36	87.8056	
39.84	87.1543	
40.32	86.5079	
40.8	85.8663	
41.28	85.2296	
41.76	84.5977	
42.24	83.9706	
42.72	83.3482	
43.2	82.7305	
43.68	82.1174	
44.16	81.509	
44.64	80.9051	
45.12	80.3058	
45.6	79.7111	
46.08	79.1208	
46.56	78.5349	
47.04	77.9535	
47.52	77.3765	
48	76.8038	
nan	nan	
48	76.8038	
