"0.01_0" "0.02_0" "0.05_0" "0.1_0" "0.22_0" "0.46_0" "0_0.01" "0.01_0.01" "0.02_0.01" "0.05_0.01" "0.1_0.01" "0.22_0.01" "0.46_0.01" "0_0.02" "0.01_0.02" "0.02_0.02" "0.05_0.02" "0.1_0.02" "0.22_0.02" "0.46_0.02" "0_0.05" "0.01_0.05" "0.02_0.05" "0.05_0.05" "0.1_0.05" "0.22_0.05" "0.46_0.05" "0_0.1" "0.01_0.1" "0.02_0.1" "0.05_0.1" "0.1_0.1" "0.22_0.1" "0.46_0.1" "0_0.22" "0.01_0.22" "0.02_0.22" "0.05_0.22" "0.1_0.22" "0.22_0.22" "0.46_0.22" "0_0.46" "0.01_0.46" "0.02_0.46" "0.05_0.46" "0.1_0.46" "0.22_0.46" "0.46_0.46"
"1" 0 0 0 0 0 0 0 0 0 0 0 0 0 0 0 0 0.0000510970403842237 0 0.0117447602557594 0 0 0 0 0 0 0 0.00827777941160732 0 0 0 0 0 0 0 0 0 0 0 0 0 0 0 0 0 0 0 0 0
"2" 0 0 0 0 0 0 0 0 0 0 0 0 0 0 0 0 0 0 0 0 0 0 0 0 0 0 0.0123432834809638 0 0 0 0 0 0 0 0 0 0 0 0 0 0 0 0 0 0 0 0 0
"3" 0 0 0.0209674138281934 0.0233088526925349 0.0301835234350389 0.0502264533201554 0 0 0 0 0 0 0 0 0 0 0.0239889487239255 0 0.0704060342329822 0.0291199159053647 0 0 0 0 0.0323123209376608 0.0183716046645951 0.0448704734956657 0 0 0 0.0111250133026811 0.0157763964766862 0.0307789319447064 0.0276425218287484 0 0.0168494354141598 0.00578950556196207 0.00811305433880102 0.0214758043962878 0.0252094308625594 0.0565727009007729 0 0 0 0.0636400271297679 0.0247891410298447 0.0450221913315204 0.0512966444562005
"4" 0.00733033935697121 0.0390855718451557 0.160520230679679 0.211498308998445 0.274502736359101 0.358372940697012 0 0.0446583585357932 0.0813359880776692 0.132740661291357 0.275457067090573 0.153918231809883 0.269085475628184 0 0.00228662127357422 0.0539287568802802 0.193455041607715 0.242654270304883 0.358939580407819 0.274695010055796 0 0.0381837218602112 0.0576834763489222 0.15399590895938 0.202369789238358 0.345256959106315 0.225265214866289 0 0.0393105116122932 0.0280893729250562 0.156732423021697 0.247226272408346 0.284826653138476 0.291489284738364 0 0.100901797165568 0.0605604424545017 0.100629161973586 0.183334201463742 0.281347244006239 0.329928321810789 0 0 0.0645820614842837 0.217131294267125 0.174905909586177 0.279701851044255 0.30430234809012
"5" 0.136267968618258 0.251358548930562 0.689809522434945 0.871430952480552 1.06326979109097 1.29354200361834 0 0.230793546888539 0.394993793682847 0.648709968878802 1.04561880552194 0.799631803575707 1.25731168705464 0 0.117228110300665 0.313851328032188 0.675580126874637 0.881216716522362 1.15964539225024 0.89235108908587 0 0.153531723737181 0.325044528978983 0.593056654963252 0.846156558511356 1.23824408340224 1.63014472202732 0 0.233046854151312 0.24895419494085 0.605108228117247 0.940988760355823 1.22532903483706 1.51098160114748 0 0.148201632782313 0.331704659148556 0.466339909810025 0.808548270652081 1.11924440503558 1.04263267269501 0.0403725093385312 0.126723573876742 0.300476861438705 0.736789673256822 0.72512520606804 1.07766684949288 1.11339606358016
"6" 0.444134096250015 0.788685700636397 1.5449031191484 1.73728396534118 2.23444259094246 2.62103051089904 0 0.590478969747071 0.868659839889453 1.44041607837234 2.15964517247016 1.67417069121188 2.58073741257186 0 0.429982819059368 0.825984559740773 1.57668930435826 1.97228007034736 2.60599760189729 2.88952386246351 0 0.39585828857471 0.813848148599401 1.40651993107067 2.00683681026443 2.62406016609741 2.99582957451389 0 0.5996706110005 0.814003236920663 1.39997917934727 1.9819054671776 2.46455911137363 2.90244889379249 0 0.394061892650404 0.822934801565876 1.15637268542427 1.84691310815861 2.32907037387249 2.4367695463142 0.0384664799184457 0.421311397216251 0.897584565215588 1.71130470478548 1.73595437650744 2.41407961388092 2.38010046423368
"7" 0.885868003162039 1.48050358490827 2.47344751189742 3.47859524620212 3.38942635879541 4.00561922208634 0 1.08976551738548 1.43652565736834 2.37721683702497 3.36175301071282 3.29540084479184 3.89925137842781 0 0.814991892083572 1.50062237565605 2.50046455500022 3.00191573867656 3.83258518862142 4.1504567244052 0 0.700015885110205 1.44584865890802 2.25226491049022 3.16837855076762 3.87829292007483 4.20160430096953 0 0.984419501895068 1.46090381745846 2.29291099820713 3.0819839393376 3.82591957073618 4.42424811911465 0 0.743100206307727 1.47073049982147 1.95167976467743 2.99784047089957 3.5731136942716 3.72471969755433 0.0232710925717017 0.747341122422127 1.42629670211456 2.70665662611907 2.76340459459275 3.77028026688274 3.56247981528724
"8" 1.23592857881846 2.0560976330086 3.31359187099063 4.50204180167778 4.26676781777674 5.29467373231817 0 1.29827404983955 1.81926984588733 3.02922709045552 4.19384275288265 4.25618103067725 4.75667423599735 0 1.05520957029649 1.99913957930046 3.16019675844443 3.8453719096261 4.74532479995468 5.24747077904753 0 1.2728911364815 1.89862500682027 3.03510552102103 4.0515923838714 4.96775518031191 5.14145735408875 0 1.30025513947514 2.03758975356199 3.1397691754086 3.91482583115493 5.15942736389828 5.51060330922647 0 1.05111798166517 1.95220434150237 2.52635398324813 3.85311366981682 4.64836360203677 4.68755174778249 0.00180220354932259 1.09089326747798 1.96886314308147 3.46738748604272 3.8564796234214 4.72089323231057 4.64557688664938
"9" 1.50240803651915 2.38864346301429 3.94765263621238 5.34377987198368 5.28100321561431 6.11154266515773 0 1.57566964508488 2.13558587938182 3.5773172385378 4.6110596766518 4.93327582957336 5.49375285234242 0 1.4107607497828 2.42199105994282 3.7974023297351 4.5152842677705 5.4998291519441 6.15879237995436 0 1.52494075020195 2.19528372950838 3.54135042784191 4.52075531425113 5.77683296036546 5.91349727662797 0 1.41127449947233 2.44592591605584 3.74345338351417 4.47910617290024 6.05304673629206 6.29769542541901 0 1.24818042452501 2.39610311457767 3.061092394427 4.5608293657126 5.48723069565421 5.49111752776227 0.0127955180848624 1.35798946698409 2.23896868362988 4.14991327002025 4.55091741705079 5.61951801780972 5.19523642030902
"10" 1.74717173440949 2.81649697039707 4.40252431365579 5.83548582265517 6.10723118291322 6.80070723447513 0 1.71100180256907 2.3557609253697 4.03795381155538 5.05125735360994 5.51857514108706 6.04364985859854 0 1.69418966937161 2.82171279582211 3.91691623070546 4.96562883681281 6.10258087214072 6.96439222859393 0 1.68285972380911 2.50723479574604 3.9446507459848 5.06035416733799 6.45219449105369 6.48150922711874 0 1.61782875722533 2.72029965321984 4.23955314706739 5.0310011457458 6.49582805248028 6.98567312896031 0 1.44375223175982 2.72343431966657 3.56643956105649 5.14572675705264 6.09092964680735 6.07846085777926 0.0111990765464541 1.51276848722323 2.48065747479795 4.42433018211649 5.22129506828549 6.2045338236175 6.10711993904406
"11" 1.87492224851325 3.04518021464453 4.68690143248741 6.2974362815624 6.6089947413728 7.36337220794785 0 1.86328730327246 2.59086996946586 4.42152188607746 5.29294478422044 6.18506488184573 6.53543173333557 0 1.81463302340753 3.01822020394386 4.15103429620458 5.58411322902328 6.75208440100251 7.27148186593462 0 1.82275201375253 2.84979942383371 4.18065945209852 5.49466024990979 6.74760398902275 6.85938927634139 0 1.66930058078273 3.0288805628259 4.52150885327242 5.50920321100241 6.92602251461998 7.51618543154135 0 1.56117367748908 2.88835085785761 3.81611634589438 5.7169567412751 6.62318046210787 6.71955850046203 0.0414671452682291 1.69730196504081 2.68852268987955 4.77682726908472 5.55706600826924 6.90440674250667 6.55470147331558
"12" 1.96673906265459 3.34966714990282 5.17936855012093 6.45165069538039 6.99959447497955 7.8763347474149 0 1.96162683222826 2.84783373015094 4.52356147402867 5.73742357006027 6.68287171799294 7.01572726340159 0 1.79067527392614 3.01384345209616 4.45968184938752 5.86429961556505 7.63678037371901 7.81046475444117 0 1.96612209487995 2.89747078434102 4.42794306402677 5.75923611857205 7.36620502851297 7.40845796415463 0 1.82676606672027 3.1491603387626 4.84569495086665 6.12638700777361 7.3275564823568 8.03709539588196 0 1.68501659716692 3.03627136209407 4.11008853241229 6.00894657408104 7.42933102468537 7.28010748263632 0.0078710037068648 1.80918530904842 2.8323422746403 5.09862207095115 6.14308049190189 7.23399758885667 6.89529992424851
"13" 2.1229410933807 3.30126649975637 5.48147102626235 6.87805152007703 7.67026659304869 8.30265178181467 0 2.17618271972874 2.95528207962407 4.71324257775779 5.8574453930942 7.03925260414887 7.44620086560312 0 1.9101864352593 3.14052714397354 4.62450694567887 6.24699036052878 7.93102541081701 8.34379079600516 0 1.98743611216891 3.11065993954959 4.78550924235056 6.43241613638299 7.65967522603202 8.01195571715916 0 1.96539372409868 3.24832840653302 5.19300422173565 6.28724583681211 7.89542142809631 8.30390286204173 0 1.68561368054736 3.247551592774 4.41132706936973 6.31462205603296 7.8523922038455 7.69082772185627 0.0380916494440038 1.88096978839961 2.98735693634734 5.28769860925212 6.40836888488783 7.8219199909121 7.49581141774719
"14" 2.25420763832482 3.52469787565949 5.94316328757019 7.24116510538685 8.29485254010762 8.88841216061746 0 2.39372271058976 3.04566912294994 5.08887865245811 6.47225923390726 7.66355153493822 7.97788956471087 0 2.03126832318011 3.41973889123385 4.97820434507084 6.60991263652994 8.6118175272431 8.91578479932427 0 2.13126149373417 3.2804821890544 5.27790543839564 6.75066532119147 8.74207726727562 8.60562200228471 0 2.06287568642034 3.41187008847366 5.49081376976467 6.64200169838142 8.3848508028292 8.66186932353636 0.013116613376485 1.86809410128628 3.37597578422816 4.70227345260207 6.75663769048036 8.66086834952953 8.12222066589755 0.0138263730561075 1.99502568959457 3.2518141991418 5.6904960351448 6.90602925756287 8.51550133176235 7.90603217576266
"15" 2.36666704252307 3.89361310797186 6.14805050916191 7.76452111083206 8.98709199727893 9.49413977645275 0 2.54337560209177 3.4033815907663 5.4308528028735 6.80400282499168 8.47486367208171 8.87054761109241 0 2.29088412669282 3.80516756042659 5.22141871291834 7.13816288846581 9.26311909680893 9.75545040002877 0 2.34407524861858 3.51395236190321 5.73819108560516 7.09833880037783 8.86660394796174 9.39356028399875 0 2.20708467932589 3.63711752715458 5.94811860310845 6.93109627795172 9.20991505056743 9.0887840231221 0 2.00320602360702 3.65577127710844 4.9796614361357 7.166472941326 9.54143777941972 9.00324629157019 0 1.9949967850726 3.56358591026333 5.8164294635235 7.5683281075155 9.05426422050865 8.87458448481921
"16" 2.53011243359245 4.23883895975581 6.58818101092567 8.27435607495218 9.60693946575626 10.3580047192014 0 2.74276527307111 3.74293653724771 5.86868846350513 7.58235828280356 8.9704272981078 9.28482356190952 0 2.47687105970735 3.901552228093 5.70316083081718 7.70053020289096 10.0813144910494 10.4752806921417 0 2.59256615279283 3.76463329089978 6.11422710131875 7.94798827484596 9.60642802058413 9.94210678405326 0 2.40114929659179 3.94815968140751 6.21929680235299 7.39847612744713 9.53935075580252 9.78883771842863 0 2.12850721958812 3.93779415970607 5.44968451116987 7.82369529389175 10.0438696585544 9.46061667352916 0 2.1896779187079 3.96677612522835 6.26058046397838 8.1187504470147 9.79300568018151 9.35911999502567
"17" 2.84758209155703 4.5180677229652 7.27668569266087 9.03219289109902 10.5775633389124 10.8955313791244 0 3.01767241327602 3.89762331659349 6.2678326732374 8.11224199417538 9.97600392111243 10.0597200975677 0 2.60028433076653 4.08758983190549 6.3176404978631 8.27192642471353 11.304582468171 11.3863883004153 0 2.8957079503172 4.04778176497161 6.67456175306846 8.678768251937 10.1394432049459 10.658049675212 0 2.65849648542474 4.16914189779573 6.67077440276324 8.15178806512267 10.2919312228684 10.0987605191475 0 2.3166792991798 4.1823426187367 5.90214161264691 8.44676960545985 11.1443478313718 10.3902829691126 0 2.36439276738412 4.33282687046162 6.76444835446822 8.33478373337865 10.6003115455554 10.134347186203
"18" 3.08998005038897 4.78647632766304 7.77071416240027 9.623403309912 11.0479130296449 11.5860033028949 0 3.26228082675715 4.35018857908922 6.85160270698383 8.53158478588523 10.8317218472159 11.3697678247009 0 2.856467799933 4.24148284881999 6.74474021952966 8.69740062922003 12.0818983176785 12.2248995657426 0 3.04947223594491 4.29471295217601 7.19315029588041 8.87984104880555 10.9358238180548 11.6041766849157 0 2.82938294267543 4.41598459412573 6.97277969084533 8.56227141417102 11.0240764567872 11.0648384193101 0 2.6175933569997 4.54683171067881 6.30937350774625 9.01471335924086 11.6040229209067 11.0441682756399 0 2.67852569456251 4.46165309493379 7.17855138591619 9.00839237811544 11.1566796760659 11.0161865548386
"19" 3.27353468219285 4.98419447555946 8.56416736634133 10.3120929233505 12.0982628336931 12.5214955213845 0 3.41940664106153 4.72619659822011 7.42020994062142 9.5015974983197 12.0835955062764 12.5188432557976 0 2.95898967919782 4.70540830264078 7.20244997679142 9.11994116531778 12.9829531902976 13.1749475994816 0 3.13997629170974 4.48856546225707 7.79795903490345 9.68801234524 11.8987340130025 12.5949348276002 0 3.11968848457904 4.68581465781103 7.47588843100478 8.99958130497243 11.8897806779222 11.4214276140088 0 2.87690605769319 5.03286064761252 6.82747141987823 9.58556072424123 12.4641524602093 12.1597105657442 0 2.95563843837553 4.89025325705011 7.81244467060336 9.44267214487392 12.2297261571814 11.809300207739
"20" 3.56789472456156 5.35450768660997 8.90430851407247 11.1308944917959 12.7135906122453 13.4866854633508 0 3.67056526957305 4.93542336354389 7.95179140952255 10.053359200262 12.9328141124753 13.3298292093457 0 3.37083775982231 4.80983132592977 7.66663943346315 10.2607382940119 14.391345111884 13.7225713411636 0 3.44230306572335 4.91726614900517 8.19371305810008 10.1783097241793 12.8865041958689 13.8336161209 0 3.28736952378764 5.11383151898923 7.98434891461292 9.64158847885996 13.0317561152996 12.8527907877051 0 2.94948302269677 5.14871545014054 7.12218865071759 10.4939689793649 13.8728426253259 13.1230530672466 0 3.2134895586485 5.17658746204485 8.59461188549006 10.6159034727033 13.2350603751651 12.7651180197923
"21" 3.74976367249661 5.59864002600119 9.52053248307996 11.6373623274887 14.1774356189445 15.2276993086878 0 3.72334863434558 5.26556933190957 8.18439711773567 10.9386098988439 14.1360331967282 14.4349947267865 0 3.46317561066659 4.83178873305301 8.26257928129717 11.3524570902119 15.1525630665325 14.9687865442315 0 3.59914071867843 5.02788289161209 8.7505689100498 10.9422055933134 14.1748284258027 14.9587976672464 0 3.52714089579565 5.51468390781046 8.81686981330382 10.2441447740747 14.1737082372398 13.8912617326796 0 3.17333755561849 5.4866440669333 7.77184133117932 11.0094037651136 14.5423685233825 14.0245682069477 0 3.49779386803073 5.62017891938135 9.06817933347683 11.1237867250543 13.879091580136 13.5190986113085
"22" 3.75783372356881 6.12891410507173 9.95998945416078 12.3166292523632 14.7610369281203 15.7048829595302 0 3.86569719495946 5.49269014678928 9.08076503583704 11.7427404885486 14.9438250773547 15.405785638861 0 3.57257194411881 5.15640490751953 8.66881302515191 12.1331082887834 16.0131033799698 16.380485994782 0 3.81369427189402 5.39140840148346 9.25948127739691 11.2076542134104 15.0054507133258 16.147707287522 0 3.89557086819073 5.97479228141565 9.36924520364333 10.9135258619286 14.8351728687974 14.3248358486521 0 3.38747696153258 5.85732952274222 8.52527700460482 11.6306788914651 15.4885745151332 15.1216429195509 0 3.66438860046903 5.93362492775801 9.31919016050185 12.1009751653048 14.9198528751015 14.3478685279158
"23" 3.93393435319609 6.32667619373899 10.4048588261743 13.1385709957078 15.2633766705629 16.9628058054642 0 4.29549761345159 5.73237854742469 9.79595077546174 12.7031054947388 15.5925377949624 15.8783627662905 0 3.65168582399938 5.50472314736433 9.09465325172118 12.689559056968 16.5363645299228 17.0943185631148 0 4.00714816322059 5.84047076476113 9.64457767986365 11.9683039741997 15.8521023327025 17.2619845065545 0 3.98793480739324 6.24119732905453 9.66707182588046 11.7704004618592 15.7472784781838 15.2621669453628 0 3.54046685582292 6.04209769289612 8.8542091890177 12.4624742370218 16.4447993390959 16.4685715132498 0 3.91343417640495 6.07244445540045 9.69865802577143 12.0049787051281 15.5653376548944 15.4406301959223
"24" 4.18211140774483 6.62143803945921 11.2318300367093 13.2578118197416 16.2790683361315 18.3447583846264 0 4.52271845042693 5.89128233023622 10.1433326738989 13.2290131332816 16.1552439114604 17.5712097479605 0 4.06194502686608 5.74327192310276 9.3934378452306 13.1270589463582 17.6021341632898 18.1751039544937 0 4.47756542481492 6.25564845230539 9.95438874750013 12.5039087890746 16.7395347834836 18.0876779446798 0 4.20601957226255 6.60850106628446 10.1179285712544 12.5156987122038 16.5719540583024 16.5572732756529 0 3.78931373163298 6.63784308648523 9.56641381434743 12.8923718730346 17.1865829734364 17.8300486907186 0 4.18502870034126 6.25225573739575 10.0039526065235 13.0079819351383 16.7413589269443 16.3793371733133
"25" 4.74856658526851 7.41831610198075 11.6201808548185 12.4944204866943 15.4763011055964 17.2229725450735 0 4.58167600773282 7.07441007837414 10.5870196731762 13.311552119588 12.7488973377595 17.4828103501247 0 4.1949544061023 7.1414175898441 9.73957090580352 14.170158274912 16.1772848911046 17.1463406992422 0 4.38325923430907 6.76858850138915 10.7080540125955 12.6500186228326 16.6563340193424 17.9320811146408 0 4.82142099323325 6.65476267602477 11.0164859058402 13.3294852248042 17.0375900722753 15.7393797034264 0 4.07166723743874 7.6985750031566 10.0476773363644 13.1991515187384 16.6509514380675 17.6117067009936 0 4.55294892737221 6.8944161436493 11.2929765623818 13.6657914131615 16.3727279932221 16.6143274654168
"26" 4.36678452928769 6.83279614517736 10.9640006438578 12.567001200684 16.3496059999804 18.3087855145541 0 4.23342440273682 6.716615186202 9.84548974870412 13.0748375665351 12.0491178343373 17.4041230848877 0 3.32604398213237 6.4646025995624 9.61609914730425 13.5073314671231 16.0886184657494 17.5209523479766 0 3.77681796140511 6.08935134148062 10.1657150305404 12.395154170352 16.1650420622005 19.475716253661 0 4.18923056850174 6.1794251721582 10.6329813675257 12.9469128416877 16.6088676874213 16.4296393657858 0 3.70453081008017 6.87199869965564 9.38460775102819 12.874185445093 17.3401533624002 18.1686371911156 0 4.17383507760972 6.64132495544997 10.5935274900588 14.239265941092 17.9193934904976 18.482955285259
"27" 4.6141436751832 7.19968216726944 11.8206462053697 13.6862994003254 17.4878065371022 20.5950788340547 0 4.54048442786075 6.89395164174466 10.7220161204434 13.6217968631575 13.194780007718 19.4833306854418 0 3.74863624655745 7.17447686210539 10.3554717497445 14.7157436109995 17.7028621639296 19.7849478318131 0 4.3562018870349 6.79753790899953 10.648404703648 12.6941331786701 17.7804627434727 21.5774624163139 0 4.89304841881422 6.48172799176042 11.7136119024923 14.0838561891725 18.0419286614893 18.375292238447 0.117309381262562 4.12884993636493 7.72084895601911 10.3127278352809 14.1922152059949 18.9136797491518 19.9796735619921 0.164813524151247 4.56086350617756 7.76261580241196 11.6007099502378 15.3650368633942 19.1790880731555 20.6809542497576
"28" 5.09305907653016 8.00976449585325 12.9644770112608 14.5309250237795 18.6584118867339 22.6199664435229 0.0682110618614801 5.41979482634399 7.67021664524233 11.814824825156 15.198048101405 14.4744409459054 20.8275755435119 0.0866572199698796 4.56949153530915 8.05377973849515 11.3882627770147 16.1173646793316 18.6030286285473 22.2692288961913 0.472793926731426 5.67258373263786 8.11372610719198 11.9475074225013 14.9996303772634 19.9384314828794 23.7997315260358 0.589122614699329 6.26470949649823 7.9224614819596 13.4062296285572 15.9696363395816 19.9976939890285 20.0281437077323 0.997034359568162 5.60927588376528 9.07067788842146 12.3538680095802 16.5205150291956 21.3299070101559 22.8769282507894 0.905131065323737 6.15208324480564 9.29581067331452 13.9637849368635 17.4893362247201 20.967890353291 22.5239911271552
"29" 5.7081666036632 9.34596829311287 14.1985465989031 15.7648155169472 21.5092344143887 27.2097988006906 0.566263840703184 6.33810271333067 9.21557539365225 13.4310108995721 16.4723103697222 14.8577954837804 23.2489442714514 0.769204513148422 5.6162875430645 9.68261165429446 12.9988888611963 17.2886497995006 20.8572177264391 24.0178290710288 1.85011164234161 7.31006819898603 9.92654728949453 13.8763875757043 16.7468439327839 21.5164116014596 26.4807468162205 2.11302769643932 8.70988538900895 9.99892837075724 16.1948957518363 18.2275151772664 22.4959272001894 21.8875118769103 3.06537703192438 7.56553912559026 11.4249287404753 14.5807827395721 18.8966284772551 23.6216981063723 25.7317185081288 2.94383917199018 8.43002795529893 12.0036581777026 17.0967163756633 20.0141578837912 23.8636473093419 24.4067631931891
"30" 6.34255174908558 9.7871651393468 14.9355674793014 17.0778671405252 22.8930433912155 29.8087930530728 1.44984107059365 7.2840522078569 10.7255644512566 14.2391080514811 17.8289298355532 16.5097118908739 25.2917078992836 1.87185235917629 7.0991465882848 11.2669156776043 14.8836778031231 18.3858514088956 23.1535642108877 27.600383920198 3.23959525834814 9.12339493891224 11.8263213327137 15.4893600734537 18.5602761758561 23.3790839969834 29.5586031605652 4.27851608071511 11.1440627508403 11.8466762176184 18.4610048241615 20.4615551254786 24.2455589061311 24.6340454275924 5.30217815994497 10.1627254966369 14.5485893131961 16.8685594273244 21.2279364606833 25.98919564562 28.5742744255943 5.41627369683048 10.8033787543916 14.0225980799554 20.7277525551633 23.024411497167 26.2725923491949 26.7274515584842
"31" 6.43325383486107 10.3634269231181 15.0929509598883 18.0767051580157 24.8014130945007 31.9665771146853 2.37477393656821 7.77159342641843 11.3932833677376 14.7193286984759 17.7413784173513 16.8609464614863 27.0482232430663 2.9253953139539 8.2507746315336 12.8350024270456 16.2602882035038 18.5074120817006 23.9752437906642 28.9040139500363 4.2550618313909 10.6744389144309 13.0296548007912 17.1932124257804 19.775812148122 25.3141621643986 32.3693476590085 5.08171477299906 12.9867175070049 13.7332683719272 20.2588349173274 22.7034713293733 26.9823910446081 25.3534959854276 6.37704754976472 12.0669094058783 16.5605654875959 18.9789978636186 24.003924346507 27.687788179627 32.6461613380562 7.10952337437574 13.0131175090874 16.6382736977441 22.8685565405817 24.6892157002888 27.7614728038049 28.9907161952275
"32" 6.75637868740682 10.8132787028856 14.7670949853235 19.1435828906 25.5251643196561 34.1733274833637 2.80661721164441 8.0367928221358 11.635715309271 15.3042760614321 17.382622204204 17.8645750491384 27.6625400560286 3.48535866310016 9.28365931041151 13.2189981769183 16.6106450315277 18.9769768006701 24.0454590939728 29.9471856100637 4.83910656051118 11.9751960292315 14.0965844176554 18.3983767161734 21.0405212084922 26.2649795551142 33.7628706639756 5.74411272591072 14.1004411391919 15.2969604069324 21.1584117842403 23.3643124615927 27.9951806866282 26.3516636513064 7.59792387467138 14.0145665593428 17.7923372824078 19.8752567285614 25.9497630531441 28.8713119617577 33.1903079472713 8.47250361071048 14.6605369677735 18.0084365668212 24.340003419841 26.427890537148 29.5912487172197 30.3773120671916
"33" 6.7364468637841 10.7785470658779 14.7593571085616 18.8836020461267 26.3526384843268 34.4082193461791 3.00097398877751 7.90694987932518 11.5277154496028 15.3696237072767 16.9276312112252 18.958163851854 27.3527681593005 3.9551738012421 9.46505233638483 13.6667696721535 17.0134637580427 18.7623344467041 24.326107413742 32.0091902109722 4.93489914087517 12.9776157642712 14.1506704247367 18.0253155742048 21.328064748228 27.1785495235516 35.4882171905002 6.33905454748742 14.1507826532237 15.7895318678448 21.9141913478156 24.2312969140111 29.5367876091256 29.0613159753049 8.45479597781541 14.9744333733666 19.5087888645855 21.6119733630808 26.8588872721104 29.8315028518264 35.5158072936894 9.48858232846899 15.6895894724551 19.2941813122814 24.2799986576393 27.858480521164 30.9540244153207 31.5264958380217
"34" 6.45330596291212 10.2891285455264 14.203041274212 18.5884771170802 26.6109291644691 34.9152863886132 3.08195169765619 8.01759175366833 11.5467835242534 15.5321548264731 17.8981246957343 18.2046948037601 27.5682344539779 4.14032317666674 9.75286914624667 13.6424617793887 17.1471163757195 18.7400789654741 24.4945651745033 32.2884321456413 5.34053391972135 13.4703029701774 14.7558836123485 18.8110142944731 22.4719968047657 27.4769194616412 35.9169971393791 7.11765483623917 14.4823780112953 16.6874304313067 21.9394031745119 26.1158717999142 29.8406788397182 29.5802376160041 8.73753571867607 15.8375908500418 19.8575972032595 22.7386685739997 27.9866402650363 31.3511640866391 36.2463504854959 9.8626293742824 17.1613324387238 20.9157615432846 24.3612029571605 28.8714133379341 31.6026420607087 34.0359874737052
"35" 6.23854172462264 10.1683334908437 14.2114021814068 18.1358599474601 26.2299112198197 34.8654571945679 3.31489873469057 7.83958644795195 11.0966431856788 14.8813452501849 17.1094813310555 17.6566860397195 28.2817760569812 3.94539729164859 10.0043938275835 13.3873999985307 16.4656361173877 17.6699970399 24.1393512832501 32.9605638658461 5.84866061549882 13.4968253823619 14.9625314332907 19.3099260818798 21.6189417438608 28.385209007777 36.8653719889112 7.33059202627633 15.2111859089768 17.3597757171122 22.3515902725447 26.1177048478411 28.2723984991237 32.2692309787264 9.52569751253242 16.7925159754851 19.8943316253176 23.1644033120065 29.2549954264369 31.6730991987107 38.3375951131391 10.8143819325439 17.5533880639247 21.5504537670091 24.9426770105127 29.5092882061445 33.1484410323283 34.8636674964754
"36" 6.0986342436078 9.95643703596236 13.6971918330945 17.8582510214233 26.1902261592586 36.1699868347877 3.50890245384415 8.02700595097486 10.9556546080212 14.7670011803176 17.6095586562915 17.8837551015428 27.9337035055829 4.10289080325859 9.76869160760907 13.0899281676137 16.4958037235081 18.1521651458056 23.8401647008182 34.0846191020849 6.13909810656551 13.6178723969882 14.8032662462819 19.3461166931385 22.040405148739 29.2715762271146 38.1106338430826 7.97938166829524 15.3590063781669 17.566591241309 22.9002695951252 26.5006083499239 28.7314797969447 32.4978250689785 10.2398518315095 17.5010579553341 21.0186217922586 24.2249706915134 29.4464616133949 32.6553062640173 40.3816189908974 11.5110519083673 18.8376330774201 22.4133944162743 26.5207293825093 30.9696786742485 34.0430847043882 35.417543826142
"37" 5.92455447462458 9.8956214498162 13.3568644533597 17.229629618787 26.050749825763 36.5467889982787 3.55718587559417 7.82211335964729 10.749748899741 14.8525064897868 17.2955681003758 19.1206293213266 28.5905177543522 4.24523932439079 10.0114694820267 13.1682529190029 16.1984595401016 17.5757134678236 24.4788256855462 34.7544545843665 6.25502133917122 13.4765001931294 14.8190941258432 19.6105794778364 22.6858303384504 29.292194426777 37.7680619813455 8.33094889974658 15.3305224089549 18.3667311610293 23.07066557145 26.1744205737481 28.8623518621847 33.5095788229297 10.5530746170553 17.8485335929682 21.1366019413756 24.9348770143606 30.457586353767 32.5378679747849 40.8645620837315 12.5830080090352 19.9628767473928 23.6356008778597 26.8301947121322 30.9028104029323 34.7145088590258 36.7279030226402
"38" 5.69813471947193 9.33365325871049 12.5799748614011 16.5874600850853 25.863795473601 36.9718594360213 3.54649907862676 7.7597652830738 10.2722288490299 14.0769285618859 16.8280787704157 18.6476020988123 29.1470286738706 4.46358025950599 10.3518364249082 12.4140104991902 15.8693553752396 16.8858768781977 23.6596434500601 36.4799025569761 6.71718502964783 13.0343171719881 14.3442035988936 19.3658010067298 23.3122475351888 29.203572895566 39.5426497313433 8.41458131061628 16.1006126990231 18.8938994230222 22.6237155734108 26.416701946751 29.8454767696283 34.4773804655481 11.3192689956311 18.7380748959018 22.4230255797907 26.077404489779 30.3683964423538 33.4519252471147 42.1345178669456 13.5891846821897 21.1461621724127 25.4092268566161 27.9719593478266 32.512484216425 35.4083071936059 38.0046714153059
"39" 5.42313618549255 8.90834045931528 12.0603009134697 16.4671026715596 24.7493856039115 36.2180807403366 3.69613099181369 7.50982583405542 9.75917996138598 13.8231442119911 16.3350457084382 17.5992493836045 29.2390914949832 4.69274439342895 10.6685597839626 12.4913814341545 15.5813966494216 16.7372552546149 23.6082696583909 35.6912862372088 6.98182994125523 12.8557477393494 14.5210542356739 18.9899147805593 23.3171762520349 28.9713793270666 39.80563721272 9.18847686942625 16.3165811478812 18.91244707974 22.4450126343146 26.372821272535 29.64135672479 36.1281138105743 12.1136444544556 18.473646856999 22.559599798585 26.718624805878 31.6132848791195 33.9385852244978 42.0433314463046 15.3262885201485 21.5654532778104 25.7604339929962 29.832607895073 34.5186528542967 36.5451566400888 38.5073505571853
"40" 5.10978007118505 8.59845371190437 11.7799432071064 16.2050511119862 25.0489651386689 35.4516783531807 3.76980921492981 7.37979038120032 9.65825112535981 13.1813993756411 16.9544697300397 17.7095314195163 30.0487531818999 4.95774001978469 10.4093528739834 12.1469129774397 15.5997843954657 16.8629538348877 23.5320712106386 37.3111410413792 7.35685870573947 13.2477867716305 14.6103959718508 18.6595000825153 23.1944080762662 28.6441086434762 39.4181540025059 10.0832832517209 17.4439822666444 19.4192451374286 22.6350447752161 25.5895068224132 29.421952683251 36.9325416325131 12.7531074515815 19.7951378392708 22.9926828553034 27.4981897250655 32.876863963986 34.3627111729832 42.8629454193652 15.8741095421215 22.9452924387266 28.1606831202641 31.5788423733462 34.9580824547659 38.5812791545825 40.6681165265611
"41" 4.84984649748119 8.13622654227699 11.4670301410442 15.8483778315026 24.5975309534727 36.9560708284494 3.97004413930253 7.08347606054661 9.23736305832346 12.5882833123851 15.1746883425469 17.4272244228349 29.9206882138471 5.23720988414689 10.6452032217419 12.0431605676651 15.4082539085023 17.3159960945303 23.8792615642912 36.7898733550799 7.83750530672678 13.4224087192162 14.836554578904 18.7575971374841 22.5930252932067 29.3802784174458 39.8344609676201 10.0492639041677 17.165922919782 20.1703543087635 22.5327974191887 25.5164679986034 29.5833612041026 36.6721238353976 13.3378739963056 20.9239596363124 24.1285718474587 28.1722614612802 33.1032784057985 35.8325023131288 44.3844902239105 16.99147516386 23.5212792111711 28.6462514499427 32.9606653070885 36.2540254714107 38.7133776788962 42.5226597424925
"42" 4.62001834568282 7.63032407150159 10.6884196256629 15.2064116429398 24.1130847810865 37.2665826671979 4.08835121718223 6.88539273417719 9.17654152270152 11.9433868190808 14.7164580041033 17.3226864488481 30.2138904087715 5.3369663741108 10.5512875162467 11.8929029283949 14.9319829455373 16.2422272694556 23.5696083274184 37.1753903123783 7.69751905097514 13.3309587682658 14.7853717987205 17.9872546513015 22.8405521978678 28.8034565148216 39.7532050961584 10.8380393899154 17.2381626767666 20.6909393218863 22.0932817271072 25.7280297332589 29.5944348687033 37.3606065552161 14.1181614524144 20.9177307208005 24.8413565013704 29.0498017542368 33.2516802622489 36.0391490906025 44.3364565897735 17.8392781634942 24.8519313477206 29.9290127150178 33.7626888483378 37.3643150700849 40.8239775470045 44.1328052503301
"43" 4.33465582586223 7.56795584584753 10.3416313717305 14.9456200988248 23.8358081216058 37.3883002494806 4.23862741562608 6.69658139284343 8.5995265212372 11.8201827290282 14.8107257985036 17.6196215343657 29.9787990765508 5.60319837469342 10.4632184325352 11.7411555995746 14.4150082929122 16.2129768958144 24.1185104393252 37.5109143425923 7.9544531140072 13.3305193559323 14.5023548125819 18.3462039663513 22.4721111186408 29.1323820071809 40.1271367662492 11.0764364629706 17.247711270869 21.4705436826542 22.1644208683076 25.7825934182991 30.1934710817749 37.7997391976366 14.4185547321026 21.3997320694146 25.0763977948627 29.557655419516 33.5687902258437 36.3935369567673 45.5996622061491 19.5860335021215 25.1436778538466 31.2509193019705 35.7732671125932 38.4853977517173 41.829718506817 44.8327314835632
"44" 3.99453601350089 6.88797913925532 9.91649310304626 14.3881458436908 23.1918866835746 37.2036962297495 4.25315428962641 6.4691773468159 8.42092937507782 11.3061852723951 13.6492294932566 18.8280520552739 29.8665717302004 5.58802909057018 10.2895486792381 11.499520675584 14.1211515435208 14.658995588872 23.682038325673 36.6635409638798 7.99515748311684 12.9908874028938 14.5803516196621 17.9380490794922 21.8931054634531 28.4159014549831 40.5387671849947 11.4155307256295 18.7107937192884 21.3649935499175 22.1379013618075 25.6786424023688 30.6940663660025 38.5597032831684 15.7430082763823 22.2350391733196 26.4697015558668 29.8744192376263 34.0833363059149 36.8957441635338 45.9690033392188 20.668915058899 26.8568399226753 32.4370770704692 35.8497800232359 40.8503781929319 42.5332825991585 46.7224313087201
"45" 3.86990979354099 6.68949130560481 9.72782096917941 14.5778393356622 24.0332779430971 35.796664660021 4.40806628895521 6.23499266621112 8.19155814844521 10.9976231025268 13.573687936871 17.9415492710208 30.9556034971812 5.83283345325527 10.1871147761094 11.4209629826069 13.7992048396137 15.7979711718865 23.9498488103676 35.7052932846119 9.08635040655769 13.0412593356551 14.5850601514306 17.9580397333625 22.1415858536096 28.4688379469108 40.4343124676979 12.1062654276816 17.7848381923647 22.2771725566501 22.257345104199 25.8354735585581 31.5263115250448 41.4427782227263 16.666193219446 22.6419271113804 27.5717505591015 30.6591622311111 34.8189434357499 37.2310370672242 48.3788473722739 21.50045633071 27.9975877868995 33.0978738595224 37.2242515117197 41.3923582256223 45.0806680323122 47.3016699817388
"46" 3.60482247256974 6.18406733268528 9.33211300787701 13.7556442100016 23.1500612488805 36.6720226492497 4.3874964802317 6.2812534454392 8.14310236916879 10.6738701318914 13.2101138188608 18.1750419160964 30.7283382769069 6.04822291783129 10.0466141778072 10.9063920480604 13.7574815400752 15.5179066839833 23.595777822746 37.0346416666996 9.06850432129501 13.0463972420226 15.1957080195287 17.737494314457 21.9456715508028 27.6144051952636 40.9259807065701 12.7381995904342 18.1307075452426 22.0436827643898 22.3654063251605 25.4919896577484 31.7689541055568 41.5027523550528 17.5292755500647 22.7877506144573 27.4525434949266 31.7222067405409 33.811687300047 38.747191082793 47.9719431229751 23.0085127489371 28.8614985741353 34.3613190512423 38.7440420591905 43.0344969370306 46.3674569092852 49.1488814822645
"47" 3.32107358332246 5.74312833109444 8.80671874834827 13.0021659459924 22.6907735978153 37.2470627697276 4.27620561548333 5.72767756375498 7.79906099660802 10.5004501556354 13.0659938907326 17.6044283069937 31.6835653765331 6.48423301135123 9.67044670822504 10.7014278872786 13.3978135757275 15.8266690609856 23.8184543379252 37.6931868924148 9.84417799186572 12.8876028974166 14.9690171619731 17.476066433531 21.4868076181552 27.0221392351323 41.1756241677301 12.9380078496325 18.8839886789335 22.203740498188 22.4714618683327 25.7482045564631 32.4814519160199 40.4381157397773 18.3274397410376 23.5310720694291 28.1248613357372 31.4113341447396 34.3430451597149 39.397001510214 47.2378231623654 24.3122652327316 30.2298519413689 35.7516119582302 39.7691245424021 43.1773643443665 48.5342369666701 51.0824523025841
"48" 3.31055017834828 5.57824794059675 8.58526635119174 12.7230050430577 22.6618997642376 37.7643207030678 4.25435069185163 5.48263527952976 7.6457441118264 10.385988277632 12.4461050608049 18.1805142341559 32.3059900467047 5.80827418650978 9.69908832055135 10.7746392757365 13.602701644851 15.8491729697777 23.132979464739 39.2860379460141 10.2456728499301 13.1596089582415 14.6345044945373 17.6969958535648 21.3895819188256 26.6641306494061 41.6659412398299 12.6766617234537 18.9595510282368 22.6344209044371 22.3563649915462 26.133238385369 32.3617300043538 41.3275022150084 19.0043974998505 24.2960452354151 28.6878801931593 32.4836288221715 35.2914756842989 40.3920129051418 47.5381642116948 25.9515795153762 31.788901674512 36.895109225425 42.0669844340574 45.9977267077321 50.4663037475086 51.6685112985137
