"medianM" "LCLM" "UCLM" "medianH" "LCLH" "UCLH" "medianL" "LCLL" "UCLL" "Simulation" "Chemical" "Times" "variables"
"Srxn1_1.1" 0 0 0 0 0 0 0 0 0 "Sim1" "Andr" 0 "Srxn1"
"Srxn1_1.2" 0.03540175 0.032048215 0.0388876375 0.03540175 0.032048215 0.0388876375 0.03540175 0.032048215 0.0388876375 "Sim1" "Andr" 1 "Srxn1"
"Srxn1_1.3" 0.07051585 0.063917475 0.077359465 0.07544285 0.06888943 0.0822183975 0.069883 0.0632667025 0.0767427925 "Sim1" "Andr" 2 "Srxn1"
"Srxn1_1.4" 0.1044615 0.0947096875 0.114543125 0.1121975 0.102547825 0.1221442 0.103458 0.093689245 0.11357825 "Sim1" "Andr" 3 "Srxn1"
"Srxn1_1.5" 0.1380905 0.12535385 0.151301125 0.1528955 0.14036765 0.165669575 0.13618 0.1233829 0.1494723 "Sim1" "Andr" 4 "Srxn1"
"Srxn1_1.6" 0.172436 0.15688025 0.188575125 0.2018605 0.186760875 0.217176025 0.168035 0.1523107 0.184402575 "Sim1" "Andr" 5 "Srxn1"
"Srxn1_1.7" 0.207802 0.189527 0.226667425 0.265725 0.248380975 0.28369325 0.199071 0.1804873 0.218428 "Sim1" "Andr" 6 "Srxn1"
"Srxn1_1.8" 0.2425755 0.22167775 0.264051125 0.3306155 0.31061145 0.35128735 0.229325 0.208002275 0.251508725 "Sim1" "Andr" 7 "Srxn1"
"Srxn1_1.9" 0.2774125 0.254117975 0.301423675 0.399595 0.376846675 0.423406075 0.258777 0.234803325 0.283721275 "Sim1" "Andr" 8 "Srxn1"
"Srxn1_1.10" 0.318384 0.29259085 0.344772375 0.5106825 0.48459545 0.5377981 0.2874955 0.260932675 0.31510955 "Sim1" "Andr" 9 "Srxn1"
"Srxn1_1.11" 0.361246 0.332960325 0.390164475 0.6028935 0.573948075 0.63288445 0.315418 0.28638905 0.345619 "Sim1" "Andr" 10 "Srxn1"
"Srxn1_1.12" 0.393264 0.36253485 0.42461245 0.666014 0.6348269 0.698319 0.342605 0.311191175 0.375279575 "Sim1" "Andr" 11 "Srxn1"
"Srxn1_1.13" 0.4250865 0.391944975 0.45889915 0.73417 0.700438525 0.768772325 0.3691175 0.335336425 0.404243 "Sim1" "Andr" 12 "Srxn1"
"Srxn1_1.14" 0.4532715 0.41784185 0.48944665 0.7811265 0.74519975 0.81805195 0.3949165 0.35889815 0.432363275 "Sim1" "Andr" 13 "Srxn1"
"Srxn1_1.15" 0.480137 0.4425103 0.51858315 0.822714 0.784239325 0.8619896 0.420043 0.381903675 0.459660175 "Sim1" "Andr" 14 "Srxn1"
"Srxn1_1.16" 0.505572 0.465769975 0.546274125 0.8570755 0.81664485 0.8986761 0.444553 0.404281 0.486296275 "Sim1" "Andr" 15 "Srxn1"
"Srxn1_1.17" 0.5303635 0.48843365 0.573227325 0.89113 0.848384625 0.934921 0.4684105 0.42609715 0.512250175 "Sim1" "Andr" 16 "Srxn1"
"Srxn1_1.18" 0.5531185 0.509199925 0.598112475 0.9140095 0.869141875 0.9594974 0.491622 0.4473131 0.537489125 "Sim1" "Andr" 17 "Srxn1"
"Srxn1_1.19" 0.575059 0.529233375 0.622086325 0.9338375 0.8869758 0.981069825 0.514222 0.468128775 0.56202615 "Sim1" "Andr" 18 "Srxn1"
"Srxn1_1.20" 0.59609 0.54838185 0.644918175 0.950035 0.9015305 0.9987831 0.536272 0.48836435 0.5859224 "Sim1" "Andr" 19 "Srxn1"
"Srxn1_1.21" 0.616549 0.56701605 0.66716635 0.965614 0.915614725 1.01584175 0.557731 0.508004875 0.60921425 "Sim1" "Andr" 20 "Srxn1"
"Srxn1_1.22" 0.6362885 0.5851275 0.68872315 0.979441 0.927836375 1.03115 0.5786125 0.527208 0.632004325 "Sim1" "Andr" 21 "Srxn1"
"Srxn1_1.23" 0.655476 0.602656825 0.70953595 0.9919545 0.938769375 1.04529025 0.599003 0.54602015 0.654101025 "Sim1" "Andr" 22 "Srxn1"
"Srxn1_1.24" 0.6741045 0.6196178 0.729773325 1.00383 0.949442725 1.05842025 0.61888 0.56411975 0.675593625 "Sim1" "Andr" 23 "Srxn1"
"Srxn1_1.25" 0.692181 0.636043875 0.7494679 1.014915 0.95886565 1.07077225 0.638203 0.581744525 0.696514725 "Sim1" "Andr" 24 "Srxn1"
"Srxn1_1.26" 0.7096915 0.65214245 0.768803925 1.02523 0.968062725 1.08268225 0.6570345 0.5990069 0.716875875 "Sim1" "Andr" 25 "Srxn1"
"Srxn1_1.27" 0.7266765 0.66767065 0.7873452 1.03466 0.97635095 1.0934805 0.6753115 0.615749925 0.736696 "Sim1" "Andr" 26 "Srxn1"
"Srxn1_1.28" 0.743312 0.682750575 0.80551725 1.04377 0.984252275 1.1040505 0.693182 0.632101 0.75600015 "Sim1" "Andr" 27 "Srxn1"
"Srxn1_1.29" 0.759453 0.6975447 0.822995975 1.05241 0.99158895 1.113651 0.710557 0.64799225 0.77477385 "Sim1" "Andr" 28 "Srxn1"
"Srxn1_1.30" 0.7751935 0.712008575 0.84028825 1.060695 0.998692125 1.12306325 0.727457 0.663744825 0.7931792 "Sim1" "Andr" 29 "Srxn1"
"Srxn1_1.31" 0.7905005 0.72586765 0.8567206 1.068785 1.0055595 1.1327105 0.7439835 0.67891055 0.8108493 "Sim1" "Andr" 30 "Srxn1"
"Srxn1_1.32" 0.805336 0.739480225 0.87278865 1.076585 1.01204925 1.1416065 0.760052 0.6938625 0.8283678 "Sim1" "Andr" 31 "Srxn1"
"Srxn1_1.33" 0.819891 0.752791175 0.888553 1.08413 1.018537 1.15048325 0.77574 0.708134725 0.84531625 "Sim1" "Andr" 32 "Srxn1"
"Srxn1_2.1" 0 0 0 0 0 0 0 0 0 "Sim2" "Andr" 0 "Srxn1"
"Srxn1_2.2" 0.03540175 0.032048215 0.0388876375 0.03540175 0.032048215 0.0388876375 0.03540175 0.032048215 0.0388876375 "Sim2" "Andr" 1 "Srxn1"
"Srxn1_2.3" 0.0752061 0.068653465 0.0819793025 0.107382 0.100703925 0.11395005 0.069883 0.0632667025 0.0767427925 "Sim2" "Andr" 2 "Srxn1"
"Srxn1_2.4" 0.117247 0.1076797 0.127013125 0.1938795 0.1837199 0.20350035 0.103458 0.093689245 0.11357825 "Sim2" "Andr" 3 "Srxn1"
"Srxn1_2.5" 0.1740775 0.161863975 0.186419025 0.350081 0.334506825 0.365294225 0.1363395 0.12354375 0.149631425 "Sim2" "Andr" 4 "Srxn1"
"Srxn1_2.6" 0.2555625 0.2405507 0.270829125 0.5373415 0.513703725 0.561657325 0.1815725 0.1662883 0.1973306 "Sim2" "Andr" 5 "Srxn1"
"Srxn1_2.7" 0.359017 0.3402979 0.3782311 0.785794 0.7509549 0.823618475 0.2296665 0.21193495 0.24790645 "Sim2" "Andr" 6 "Srxn1"
"Srxn1_2.8" 0.4771265 0.45371555 0.50178705 1.06916 1.02078 1.12046 0.284627 0.26446945 0.3051706 "Sim2" "Andr" 7 "Srxn1"
"Srxn1_2.9" 0.6082225 0.579970925 0.63848405 1.38077 1.32141875 1.44332175 0.342249 0.319791975 0.3655407 "Sim2" "Andr" 8 "Srxn1"
"Srxn1_2.10" 0.7375645 0.705475775 0.772110775 1.69118 1.624978 1.760483 0.392224 0.367297025 0.418031175 "Sim2" "Andr" 9 "Srxn1"
"Srxn1_2.11" 0.8993955 0.864034875 0.937106475 2.056005 1.98621875 2.12799125 0.456559 0.42916495 0.485054025 "Sim2" "Andr" 10 "Srxn1"
"Srxn1_2.12" 1.00521 0.96808985 1.04446025 2.2834 2.21398925 2.35542175 0.507594 0.4777619 0.538601675 "Sim2" "Andr" 11 "Srxn1"
"Srxn1_2.13" 1.09903 1.06015 1.13950075 2.49561 2.4279485 2.56684 0.5575015 0.52474305 0.59107945 "Sim2" "Andr" 12 "Srxn1"
"Srxn1_2.14" 1.181435 1.14084975 1.2233305 2.671985 2.606339 2.740463 0.605558 0.570299875 0.6413786 "Sim2" "Andr" 13 "Srxn1"
"Srxn1_2.15" 1.252075 1.20958975 1.2957415 2.84356 2.7795485 2.91021 0.645098 0.607093 0.683359425 "Sim2" "Andr" 14 "Srxn1"
"Srxn1_2.16" 1.315665 1.27090975 1.3612735 3.024785 2.96138975 3.09079075 0.6725745 0.632563925 0.713034125 "Sim2" "Andr" 15 "Srxn1"
"Srxn1_2.17" 1.357075 1.31034825 1.40458 3.149235 3.0845165 3.21573075 0.694813 0.652724325 0.737159 "Sim2" "Andr" 16 "Srxn1"
"Srxn1_2.18" 1.384475 1.33559975 1.433781 3.222165 3.15467775 3.2904925 0.7141405 0.67017515 0.758250925 "Sim2" "Andr" 17 "Srxn1"
"Srxn1_2.19" 1.402235 1.351707 1.4529005 3.25879 3.18923925 3.32752025 0.732147 0.686338575 0.778223775 "Sim2" "Andr" 18 "Srxn1"
"Srxn1_2.20" 1.415595 1.36344925 1.467702 3.276455 3.20479 3.34609075 0.7504795 0.702846475 0.79837465 "Sim2" "Andr" 19 "Srxn1"
"Srxn1_2.21" 1.426185 1.37285 1.47957025 3.278935 3.20614 3.3496215 0.7672225 0.718169825 0.816765475 "Sim2" "Andr" 20 "Srxn1"
"Srxn1_2.22" 1.43301 1.37853725 1.48787125 3.26463 3.19147925 3.33575275 0.783949 0.7330148 0.835486275 "Sim2" "Andr" 21 "Srxn1"
"Srxn1_2.23" 1.43701 1.38154775 1.49307 3.24046 3.16786875 3.3117015 0.7995755 0.74706395 0.852852125 "Sim2" "Andr" 22 "Srxn1"
"Srxn1_2.24" 1.43902 1.3822295 1.49619075 3.211045 3.13880975 3.28177225 0.814444 0.760443475 0.869313675 "Sim2" "Andr" 23 "Srxn1"
"Srxn1_2.25" 1.439345 1.3817265 1.4970545 3.17507 3.1034395 3.2452705 0.82894 0.77335815 0.88528305 "Sim2" "Andr" 24 "Srxn1"
"Srxn1_2.26" 1.439425 1.38073525 1.49767025 3.13814 3.0674995 3.20766025 0.842946 0.7860318 0.90074655 "Sim2" "Andr" 25 "Srxn1"
"Srxn1_2.27" 1.438675 1.37901 1.4978205 3.09948 3.029209 3.16885125 0.856535 0.798118625 0.9157059 "Sim2" "Andr" 26 "Srxn1"
"Srxn1_2.28" 1.43756 1.37756 1.49747075 3.05986 2.99035975 3.1282905 0.869779 0.809858975 0.93009455 "Sim2" "Andr" 27 "Srxn1"
"Srxn1_2.29" 1.436255 1.37557675 1.49717 3.019545 2.951079 3.0876315 0.882532 0.8213888 0.944681425 "Sim2" "Andr" 28 "Srxn1"
"Srxn1_2.30" 1.43475 1.37315925 1.49664275 2.978955 2.9111285 3.04669025 0.8949945 0.832627 0.95872005 "Sim2" "Andr" 29 "Srxn1"
"Srxn1_2.31" 1.43314 1.37055925 1.496011 2.93846 2.87115575 3.005245 0.907098 0.843694975 0.97217385 "Sim2" "Andr" 30 "Srxn1"
"Srxn1_2.32" 1.43152 1.3683775 1.4954205 2.89852 2.831745 2.96553375 0.9189475 0.854311325 0.98550765 "Sim2" "Andr" 31 "Srxn1"
"Srxn1_2.33" 1.429895 1.3660285 1.4948125 2.859265 2.79281725 2.926022 0.9304485 0.86456345 0.998328025 "Sim2" "Andr" 32 "Srxn1"
"Srxn1_3.1" 0 0 0 0 0 0 0 0 0 "Sim3" "Andr" 0 "Srxn1"
"Srxn1_3.2" 0.03540175 0.032048215 0.0388876375 0.03540175 0.032048215 0.0388876375 0.03540175 0.032048215 0.0388876375 "Sim3" "Andr" 1 "Srxn1"
"Srxn1_3.3" 0.0709128 0.0643117525 0.07774001 0.07352005 0.0669440525 0.080299235 0.069883 0.0632667025 0.0767427925 "Sim3" "Andr" 2 "Srxn1"
"Srxn1_3.4" 0.126441 0.1169896 0.136044225 0.138285 0.1288932 0.14775425 0.119819 0.110285 0.129522475 "Sim3" "Andr" 3 "Srxn1"
"Srxn1_3.5" 0.2958805 0.28224495 0.309528525 0.356046 0.340896925 0.371558225 0.243585 0.2311439 0.256401025 "Sim3" "Andr" 4 "Srxn1"
"Srxn1_3.6" 0.572889 0.5487869 0.599189375 0.7073085 0.6778298 0.73918735 0.456347 0.43633555 0.4775531 "Sim3" "Andr" 5 "Srxn1"
"Srxn1_3.7" 0.8791585 0.8400043 0.921194475 1.099725 1.05150925 1.15151 0.666329 0.636659025 0.699156875 "Sim3" "Andr" 6 "Srxn1"
"Srxn1_3.8" 1.203125 1.14945975 1.260681 1.50906 1.44375775 1.5786915 0.9171985 0.87557465 0.962063875 "Sim3" "Andr" 7 "Srxn1"
"Srxn1_3.9" 1.51896 1.4541585 1.58776025 1.91916 1.84032725 2.00135125 1.138165 1.08740975 1.19194075 "Sim3" "Andr" 8 "Srxn1"
"Srxn1_3.10" 1.833775 1.7613065 1.90921125 2.310845 2.22387525 2.40068 1.34532 1.288898 1.4045635 "Sim3" "Andr" 9 "Srxn1"
"Srxn1_3.11" 2.147295 2.07130675 2.22543425 2.622185 2.53219875 2.714731 1.65766 1.5976895 1.72021 "Sim3" "Andr" 10 "Srxn1"
"Srxn1_3.12" 2.40406 2.3288795 2.48102325 2.8944 2.80533975 2.98533175 1.882485 1.8221075 1.9458025 "Sim3" "Andr" 11 "Srxn1"
"Srxn1_3.13" 2.63057 2.5582295 2.70604375 3.14582 3.059869 3.23380075 2.082845 2.023989 2.14527175 "Sim3" "Andr" 12 "Srxn1"
"Srxn1_3.14" 2.80708 2.7372695 2.88032025 3.34926 3.2680065 3.43345525 2.24943 2.1917195 2.309941 "Sim3" "Andr" 13 "Srxn1"
"Srxn1_3.15" 2.92164 2.85423925 2.992621 3.481455 3.40397 3.56309275 2.35804 2.30035 2.41846025 "Sim3" "Andr" 14 "Srxn1"
"Srxn1_3.16" 2.98447 2.91789775 3.05393125 3.568375 3.4929995 3.64738225 2.406495 2.34958825 2.4658005 "Sim3" "Andr" 15 "Srxn1"
"Srxn1_3.17" 3.01778 2.9521595 3.0862215 3.638705 3.56509775 3.71540275 2.420845 2.3636085 2.47998025 "Sim3" "Andr" 16 "Srxn1"
"Srxn1_3.18" 3.02784 2.9631085 3.0945505 3.657175 3.5849865 3.73206325 2.43373 2.37633825 2.49319 "Sim3" "Andr" 17 "Srxn1"
"Srxn1_3.19" 3.021625 2.9577375 3.08797275 3.65573 3.5851275 3.7295035 2.431795 2.3739395 2.491461 "Sim3" "Andr" 18 "Srxn1"
"Srxn1_3.20" 3.00653 2.94283 3.07215575 3.63977 3.570359 3.71190225 2.42196 2.3643895 2.48145025 "Sim3" "Andr" 19 "Srxn1"
"Srxn1_3.21" 2.98131 2.9181095 3.04634075 3.608285 3.5392095 3.67903 2.40564 2.34834 2.4648905 "Sim3" "Andr" 20 "Srxn1"
"Srxn1_3.22" 2.95489 2.89244975 3.0193405 3.57304 3.504968 3.6430075 2.3907 2.33341675 2.44945025 "Sim3" "Andr" 21 "Srxn1"
"Srxn1_3.23" 2.92277 2.86080875 2.98659025 3.53053 3.46314875 3.60002225 2.369185 2.3119285 2.4280305 "Sim3" "Andr" 22 "Srxn1"
"Srxn1_3.24" 2.888615 2.826949 2.9517715 3.4872 3.42084875 3.55570025 2.34667 2.2889095 2.4055515 "Sim3" "Andr" 23 "Srxn1"
"Srxn1_3.25" 2.85346 2.792039 2.9165005 3.440255 3.37461975 3.50793375 2.323845 2.2659985 2.38290075 "Sim3" "Andr" 24 "Srxn1"
"Srxn1_3.26" 2.817665 2.75632975 2.88014575 3.392155 3.32711875 3.459101 2.300255 2.24221975 2.359353 "Sim3" "Andr" 25 "Srxn1"
"Srxn1_3.27" 2.78204 2.72085775 2.84458025 3.343685 3.27923625 3.41005125 2.277255 2.219319 2.3369405 "Sim3" "Andr" 26 "Srxn1"
"Srxn1_3.28" 2.746295 2.68532 2.80897175 3.2949 3.23056925 3.36088075 2.2543 2.1963395 2.314343 "Sim3" "Andr" 27 "Srxn1"
"Srxn1_3.29" 2.711445 2.65048675 2.7737605 3.24621 3.1822785 3.31220175 2.23188 2.17349775 2.29202375 "Sim3" "Andr" 28 "Srxn1"
"Srxn1_3.30" 2.67696 2.615758 2.73987 3.19846 3.1350065 3.26435075 2.209625 2.15076875 2.27058025 "Sim3" "Andr" 29 "Srxn1"
"Srxn1_3.31" 2.643315 2.58200975 2.7064705 3.15158 3.0881895 3.217531 2.18762 2.12818975 2.2490835 "Sim3" "Andr" 30 "Srxn1"
"Srxn1_3.32" 2.610245 2.5481395 2.67372175 3.105665 3.042109 3.171293 2.16626 2.10614875 2.2281705 "Sim3" "Andr" 31 "Srxn1"
"Srxn1_3.33" 2.577895 2.51511 2.64169075 3.060735 2.997189 3.126216 2.145385 2.084839 2.2083405 "Sim3" "Andr" 32 "Srxn1"
"Srxn1_4.1" 0 0 0 0 0 0 0 0 0 "Sim4" "Andr" 0 "Srxn1"
"Srxn1_4.2" 0.03540175 0.032048215 0.0388876375 0.03540175 0.032048215 0.0388876375 0.03540175 0.032048215 0.0388876375 "Sim4" "Andr" 1 "Srxn1"
"Srxn1_4.3" 0.07084495 0.0642465725 0.0776737625 0.07795835 0.0714030475 0.08466874 0.069883 0.0632667025 0.0767427925 "Sim4" "Andr" 2 "Srxn1"
"Srxn1_4.4" 0.2268375 0.216614825 0.236886775 0.269797 0.2584839 0.280587675 0.172443 0.1630114 0.1818491 "Sim4" "Andr" 3 "Srxn1"
"Srxn1_4.5" 0.6285 0.604420975 0.653755325 0.8337755 0.80274585 0.86611585 0.4188405 0.401834575 0.436472275 "Sim4" "Andr" 4 "Srxn1"
"Srxn1_4.6" 1.2372 1.18795825 1.29009225 1.68465 1.62178925 1.752171 0.8178545 0.78372895 0.854454125 "Sim4" "Andr" 5 "Srxn1"
"Srxn1_4.7" 1.9113 1.83526975 1.993471 2.613205 2.5176095 2.7162 1.25081 1.19645975 1.30895125 "Sim4" "Andr" 6 "Srxn1"
"Srxn1_4.8" 2.64077 2.54040725 2.747541 3.60696 3.4844895 3.7374255 1.745815 1.67234775 1.82385225 "Sim4" "Andr" 7 "Srxn1"
"Srxn1_4.9" 3.37157 3.254039 3.494732 4.63531 4.49316725 4.7823225 2.250045 2.162037 2.342291 "Sim4" "Andr" 8 "Srxn1"
"Srxn1_4.10" 4.0488 3.92144 4.17986125 5.57695 5.42523725 5.73117 2.679695 2.582838 2.7798705 "Sim4" "Andr" 9 "Srxn1"
"Srxn1_4.11" 4.676895 4.5464905 4.8098515 6.27547 6.12075275 6.43205125 3.23434 3.1344565 3.33691075 "Sim4" "Andr" 10 "Srxn1"
"Srxn1_4.12" 5.264095 5.1351895 5.394091 6.922895 6.769307 7.07827075 3.72572 3.627228 3.82728175 "Sim4" "Andr" 11 "Srxn1"
"Srxn1_4.13" 5.79218 5.66779775 5.91608125 7.5284 7.3808885 7.67724075 4.13351 4.03860875 4.2304105 "Sim4" "Andr" 12 "Srxn1"
"Srxn1_4.14" 6.135255 6.017987 6.25217075 7.91672 7.77635725 8.05730025 4.41448 4.324124 4.5068405 "Sim4" "Andr" 13 "Srxn1"
"Srxn1_4.15" 6.394865 6.28495 6.5050915 8.172465 8.04136875 8.304903 4.658885 4.57399475 4.74741025 "Sim4" "Andr" 14 "Srxn1"
"Srxn1_4.16" 6.5488 6.44551525 6.65365475 8.31664 8.19390475 8.441611 4.8194 4.7372675 4.90450375 "Sim4" "Andr" 15 "Srxn1"
"Srxn1_4.17" 6.63855 6.54004925 6.7385015 8.393015 8.2771985 8.510617 4.916045 4.83577975 4.998671 "Sim4" "Andr" 16 "Srxn1"
"Srxn1_4.18" 6.67559 6.58168925 6.771671 8.40933 8.29980975 8.52012325 4.96277 4.88402925 5.042962 "Sim4" "Andr" 17 "Srxn1"
"Srxn1_4.19" 6.662465 6.5714275 6.7548805 8.370445 8.26509875 8.4753455 4.96509 4.8873995 5.0438105 "Sim4" "Andr" 18 "Srxn1"
"Srxn1_4.20" 6.6137 6.52482925 6.703152 8.298115 8.19670975 8.3982905 4.93092 4.85447825 5.0081405 "Sim4" "Andr" 19 "Srxn1"
"Srxn1_4.21" 6.534435 6.44859925 6.620913 8.190455 8.093118 8.2874 4.875935 4.80171775 4.95117025 "Sim4" "Andr" 20 "Srxn1"
"Srxn1_4.22" 6.441395 6.3576145 6.5254005 8.065545 7.971739 8.15973325 4.811055 4.73906225 4.88489 "Sim4" "Andr" 21 "Srxn1"
"Srxn1_4.23" 6.33552 6.25437975 6.416874 7.926535 7.83517875 8.0180205 4.73596 4.66546925 4.80813 "Sim4" "Andr" 22 "Srxn1"
"Srxn1_4.24" 6.224105 6.14499275 6.30326175 7.777125 7.6875875 7.86625 4.660855 4.5914395 4.7316405 "Sim4" "Andr" 23 "Srxn1"
"Srxn1_4.25" 6.108605 6.031419 6.1857505 7.62397 7.53619975 7.712 4.583295 4.515451 4.65271375 "Sim4" "Andr" 24 "Srxn1"
"Srxn1_4.26" 5.992815 5.917389 6.068764 7.47188 7.384346 7.55848175 4.50428 4.43772975 4.57235125 "Sim4" "Andr" 25 "Srxn1"
"Srxn1_4.27" 5.87765 5.80320925 5.95259225 7.31993 7.2327865 7.4064275 4.4258 4.3603995 4.49317425 "Sim4" "Andr" 26 "Srxn1"
"Srxn1_4.28" 5.76384 5.6898875 5.8379905 7.170485 7.08328975 7.2568015 4.34827 4.2831255 4.41421075 "Sim4" "Andr" 27 "Srxn1"
"Srxn1_4.29" 5.65159 5.578339 5.7256235 7.0229 6.93538875 7.11033225 4.27182 4.20727925 4.33678225 "Sim4" "Andr" 28 "Srxn1"
"Srxn1_4.30" 5.54151 5.468008 5.61556075 6.87837 6.7902865 6.96660025 4.196665 4.13213675 4.2616115 "Sim4" "Andr" 29 "Srxn1"
"Srxn1_4.31" 5.433625 5.35997975 5.50814125 6.73665 6.6482265 6.82652 4.123145 4.05864825 4.18826125 "Sim4" "Andr" 30 "Srxn1"
"Srxn1_4.32" 5.32832 5.254789 5.40303325 6.597965 6.5082485 6.68961 4.05133 3.987158 4.11658225 "Sim4" "Andr" 31 "Srxn1"
"Srxn1_4.33" 5.225865 5.1513 5.301661 6.463055 6.37218875 6.5556325 3.981505 3.9169975 4.04660275 "Sim4" "Andr" 32 "Srxn1"
"Srxn1_5.1" 0 0 0 0 0 0 0 0 0 "Sim5" "Andr" 0 "Srxn1"
"Srxn1_5.2" 0.03540175 0.032048215 0.0388876375 0.03540175 0.032048215 0.0388876375 0.03540175 0.032048215 0.0388876375 "Sim5" "Andr" 1 "Srxn1"
"Srxn1_5.3" 0.0748322 0.0682751975 0.081605155 0.08181935 0.075311905 0.08847284 0.07078065 0.06417863 0.0776131325 "Sim5" "Andr" 2 "Srxn1"
"Srxn1_5.4" 0.49817 0.4812447 0.51483735 0.672355 0.650807825 0.69360915 0.4163575 0.401738875 0.430795475 "Sim5" "Andr" 3 "Srxn1"
"Srxn1_5.5" 1.27238 1.22808875 1.31964275 1.7957 1.73832 1.85778075 0.980704 0.944581475 1.0186815 "Sim5" "Andr" 4 "Srxn1"
"Srxn1_5.6" 2.29887 2.218098 2.38691275 3.278435 3.17566725 3.39026175 1.689985 1.6252 1.759743 "Sim5" "Andr" 5 "Srxn1"
"Srxn1_5.7" 3.54277 3.424423 3.67084 4.944365 4.798608 5.0985685 2.6698 2.57218475 2.77562175 "Sim5" "Andr" 6 "Srxn1"
"Srxn1_5.8" 4.970825 4.821229 5.12746225 6.839495 6.6614365 7.02628125 3.8683 3.74184225 4.00312525 "Sim5" "Andr" 7 "Srxn1"
"Srxn1_5.9" 6.480435 6.312169 6.65483025 8.82418 8.62626275 9.02922075 5.08205 4.935747 5.23252025 "Sim5" "Andr" 8 "Srxn1"
"Srxn1_5.10" 7.901915 7.7241395 8.084952 10.7435 10.536095 10.9540225 6.255795 6.09981 6.4160725 "Sim5" "Andr" 9 "Srxn1"
"Srxn1_5.11" 9.34407 9.16340125 9.52915 12.5726 12.3609975 12.7872075 7.27761 7.1190795 7.43917625 "Sim5" "Andr" 10 "Srxn1"
"Srxn1_5.12" 10.68475 10.5057875 10.8677025 14.30525 14.09539 14.5203025 8.25264 8.0963135 8.4109025 "Sim5" "Andr" 11 "Srxn1"
"Srxn1_5.13" 11.836 11.6629 12.0137075 15.6773 15.4711975 15.8871075 9.13878 8.98843875 9.2915305 "Sim5" "Andr" 12 "Srxn1"
"Srxn1_5.14" 12.86005 12.6963975 13.0295 16.91165 16.7143975 17.1137 9.928525 9.787009 10.073605 "Sim5" "Andr" 13 "Srxn1"
"Srxn1_5.15" 13.6717 13.518995 13.8287075 17.8824 17.6970975 18.0728 10.5335 10.401695 10.6681 "Sim5" "Andr" 14 "Srxn1"
"Srxn1_5.16" 14.3083 14.1663975 14.4539 18.6739 18.499095 18.8497025 10.9497 10.827 11.0748 "Sim5" "Andr" 15 "Srxn1"
"Srxn1_5.17" 14.7545 14.620095 14.889505 19.2344 19.0723 19.3976 11.26285 11.145995 11.3809025 "Sim5" "Andr" 16 "Srxn1"
"Srxn1_5.18" 15.0606 14.9316975 15.1900025 19.6621 19.5098975 19.8162 11.4485 11.335695 11.5615025 "Sim5" "Andr" 17 "Srxn1"
"Srxn1_5.19" 15.2386 15.110695 15.3649025 19.91915 19.7707975 20.067205 11.5558 11.4441975 11.6656 "Sim5" "Andr" 18 "Srxn1"
"Srxn1_5.20" 15.2619 15.1343 15.386205 19.99675 19.8517 20.141605 11.5644 11.4524925 11.673105 "Sim5" "Andr" 19 "Srxn1"
"Srxn1_5.21" 15.1929 15.0664975 15.3158 19.9262 19.7810975 20.0683 11.5007 11.3907 11.607805 "Sim5" "Andr" 20 "Srxn1"
"Srxn1_5.22" 15.0627 14.9365975 15.1847025 19.7792 19.6331975 19.9215 11.3919 11.283195 11.497705 "Sim5" "Andr" 21 "Srxn1"
"Srxn1_5.23" 14.8627 14.7396925 14.9827025 19.5326 19.3903975 19.6739 11.2351 11.1295 11.3392 "Sim5" "Andr" 22 "Srxn1"
"Srxn1_5.24" 14.6264 14.5069975 14.7435025 19.2422 19.1025 19.3795025 11.0541 10.9517 11.1542025 "Sim5" "Andr" 23 "Srxn1"
"Srxn1_5.25" 14.3595 14.245195 14.4722 18.8968 18.762195 19.0275075 10.855 10.7567975 10.950005 "Sim5" "Andr" 24 "Srxn1"
"Srxn1_5.26" 14.0757 13.9674975 14.183 18.5242 18.3951975 18.6497025 10.64465 10.5506975 10.7361025 "Sim5" "Andr" 25 "Srxn1"
"Srxn1_5.27" 13.7843 13.6807975 13.8858025 18.1389 18.0168 18.2602025 10.4277 10.3377975 10.5148025 "Sim5" "Andr" 26 "Srxn1"
"Srxn1_5.28" 13.489 13.3899975 13.585205 17.7481 17.6294975 17.8645 10.2069 10.122 10.2904025 "Sim5" "Andr" 27 "Srxn1"
"Srxn1_5.29" 13.1917 13.0971975 13.2839025 17.3513 17.2365925 17.4638 9.987405 9.9050645 10.0682 "Sim5" "Andr" 28 "Srxn1"
"Srxn1_5.30" 12.8956 12.803895 12.9861 16.9552 16.84 17.0671025 9.770175 9.6896165 9.8493615 "Sim5" "Andr" 29 "Srxn1"
"Srxn1_5.31" 12.6032 12.5123 12.6935025 16.5614 16.4474975 16.674 9.556435 9.4762095 9.63451075 "Sim5" "Andr" 30 "Srxn1"
"Srxn1_5.32" 12.3162 12.2244975 12.407605 16.1751 16.0592975 16.2907 9.346525 9.26701975 9.42489325 "Sim5" "Andr" 31 "Srxn1"
"Srxn1_5.33" 12.0349 11.9414925 12.1283 15.79515 15.6751 15.9147075 9.141495 9.06110675 9.2205055 "Sim5" "Andr" 32 "Srxn1"
"Srxn1_6.1" 0 0 0 0 0 0 0 0 0 "Sim6" "Andr" 0 "Srxn1"
"Srxn1_6.2" 0.03540175 0.032048215 0.0388876375 0.03540175 0.032048215 0.0388876375 0.03540175 0.032048215 0.0388876375 "Sim6" "Andr" 1 "Srxn1"
"Srxn1_6.3" 0.08707615 0.0805306475 0.0936680425 0.1065925 0.0999239725 0.11317905 0.0766919 0.0701300975 0.0834429 "Sim6" "Andr" 2 "Srxn1"
"Srxn1_6.4" 0.5587905 0.53995565 0.577288725 0.6477435 0.626109475 0.668733775 0.5006365 0.48359985 0.5174223 "Sim6" "Andr" 3 "Srxn1"
"Srxn1_6.5" 1.329435 1.28307 1.37892025 1.630355 1.57616875 1.6883445 1.08609 1.04632825 1.12750025 "Sim6" "Andr" 4 "Srxn1"
"Srxn1_6.6" 2.46453 2.379648 2.556882 3.10321 3.0048795 3.21047025 1.90003 1.82912775 1.97674425 "Sim6" "Andr" 5 "Srxn1"
"Srxn1_6.7" 3.978035 3.85183875 4.11249075 5.008255 4.864778 5.15939875 3.083795 2.9766575 3.1993315 "Sim6" "Andr" 6 "Srxn1"
"Srxn1_6.8" 5.75514 5.59754675 5.92015075 7.139675 6.96303975 7.324333 4.668535 4.52967925 4.81362 "Sim6" "Andr" 7 "Srxn1"
"Srxn1_6.9" 7.673285 7.49622575 7.85676075 9.478145 9.28147225 9.6798125 6.33436 6.1764145 6.497771 "Sim6" "Andr" 8 "Srxn1"
"Srxn1_6.10" 9.66381 9.47601525 9.85319375 11.8926 11.6855975 12.10131 8.082065 7.915048 8.252061 "Sim6" "Andr" 9 "Srxn1"
"Srxn1_6.11" 11.80485 11.6134975 11.99891 14.36575 14.1560975 14.5805 9.929315 9.75828675 10.1041025 "Sim6" "Andr" 10 "Srxn1"
"Srxn1_6.12" 13.8091 13.619095 14.0033075 16.7417 16.530295 16.9598025 11.6595 11.4898975 11.8326025 "Sim6" "Andr" 11 "Srxn1"
"Srxn1_6.13" 15.6297 15.4425 15.8217125 18.8948 18.683295 19.1112025 13.26325 13.0969 13.4313025 "Sim6" "Andr" 12 "Srxn1"
"Srxn1_6.14" 17.30475 17.1234975 17.4889075 20.86795 20.6591875 21.0816 14.7163 14.557995 14.877705 "Sim6" "Andr" 13 "Srxn1"
"Srxn1_6.15" 18.8361 18.6602975 19.0115025 22.7168 22.5105 22.9231025 15.9651 15.8135975 16.1191025 "Sim6" "Andr" 14 "Srxn1"
"Srxn1_6.16" 20.0982 19.9306975 20.2669 24.2118 24.0138 24.4093 16.95695 16.8124 17.1042025 "Sim6" "Andr" 15 "Srxn1"
"Srxn1_6.17" 21.0925 20.9289975 21.2569025 25.4127 25.2214925 25.606105 17.7091 17.566495 17.8513 "Sim6" "Andr" 16 "Srxn1"
"Srxn1_6.18" 21.84425 21.6799975 22.009005 26.3295 26.139595 26.519 18.2777 18.1352975 18.4212 "Sim6" "Andr" 17 "Srxn1"
"Srxn1_6.19" 22.37675 22.2055975 22.5469025 26.9783 26.783495 27.173005 18.649 18.4994975 18.7969025 "Sim6" "Andr" 18 "Srxn1"
"Srxn1_6.20" 22.6928 22.505195 22.8732 27.3751 27.1680975 27.57881 18.8672 18.7045 19.0235075 "Sim6" "Andr" 19 "Srxn1"
"Srxn1_6.21" 22.8584 22.653395 23.053505 27.6295 27.4023975 27.8486025 18.9257 18.7505925 19.0931025 "Sim6" "Andr" 20 "Srxn1"
"Srxn1_6.22" 22.84975 22.6320975 23.059015 27.6614 27.415495 27.8988025 18.8681 18.685795 19.042305 "Sim6" "Andr" 21 "Srxn1"
"Srxn1_6.23" 22.7283 22.499 22.9485025 27.5494 27.2879975 27.79911 18.7231 18.533095 18.90421 "Sim6" "Andr" 22 "Srxn1"
"Srxn1_6.24" 22.4927 22.2583875 22.7198025 27.2774 27.0090875 27.5375075 18.5044 18.3117925 18.6891 "Sim6" "Andr" 23 "Srxn1"
"Srxn1_6.25" 22.1896 21.9548925 22.4189025 26.9206 26.6499 27.1828025 18.24295 18.0515975 18.4282025 "Sim6" "Andr" 24 "Srxn1"
"Srxn1_6.26" 21.823 21.590495 22.0479025 26.47 26.2038975 26.7288075 17.9412 17.75349 18.1214025 "Sim6" "Andr" 25 "Srxn1"
"Srxn1_6.27" 21.4194 21.194995 21.6376025 25.9766 25.7185975 26.229205 17.60585 17.424195 17.780905 "Sim6" "Andr" 26 "Srxn1"
"Srxn1_6.28" 20.9942 20.779395 21.2038 25.4593 25.211495 25.7031 17.2553 17.0815975 17.4237025 "Sim6" "Andr" 27 "Srxn1"
"Srxn1_6.29" 20.5533 20.3486 20.7536025 24.9205 24.68567 25.15391 16.89275 16.7281975 17.0536025 "Sim6" "Andr" 28 "Srxn1"
"Srxn1_6.30" 20.1054 19.910195 20.2957 24.375 24.1491975 24.5974 16.5263 16.3708975 16.6788 "Sim6" "Andr" 29 "Srxn1"
"Srxn1_6.31" 19.6542 19.4711975 19.834105 23.82435 23.610295 24.034005 16.15715 16.0101 16.3010025 "Sim6" "Andr" 30 "Srxn1"
"Srxn1_6.32" 19.2039 19.0314975 19.372505 23.2744 23.0706975 23.471905 15.79065 15.6530975 15.9257075 "Sim6" "Andr" 31 "Srxn1"
"Srxn1_6.33" 18.75815 18.5920925 18.9183 22.72795 22.5322 22.915915 15.42825 15.2958925 15.5558025 "Sim6" "Andr" 32 "Srxn1"
