"time" "Simulation" "dose1" "dose2" "Nrf2_observed" "Nrf2max_observed" "Nrf2min_observed" "Nrf2_SD" "Srxn1_observed" "Srxn1_SD" "medianM" "LCLM" "UCLM" "medianH" "LCLH" "UCLH" "medianL" "LCLL" "UCLL" "Chemical" "Times" "variables"
"Srxn1_1.1" 0 "Simu1" 0.1 0.1 0 0 0 0 0 0 0 0 0 0 0 0 0 0 0 "Andr" 0 "Srxn1"
"Srxn1_1.2" 1 "Simu1" 0.1 0.1 0.0365592048272522 0.080343379137727 0 0.0406560546640013 0.00455682374803401 0.00789265025273135 0.03540175 0.032048215 0.0388876375 0.03540175 0.032048215 0.0388876375 0.03540175 0.032048215 0.0388876375 "Andr" 1 "Srxn1"
"Srxn1_1.3" 2 "Simu1" 0.1 0.1 0.00390556274125312 0.0117166882237594 0 0.00676463309999839 0 0 0.07026895 0.0636710175 0.07711789 0.0717083 0.0651264725 0.0785171825 0.069883 0.0632667025 0.0767427925 "Andr" 2 "Srxn1"
"Srxn1_1.4" 3 "Simu1" 0.1 0.1 0.0383247522221812 0.0794941243399867 0 0.0398233329583079 0 0 0.1038435 0.094092665 0.113982025 0.105313 0.0955771175 0.115374225 0.103458 0.093689245 0.11357825 "Andr" 3 "Srxn1"
"Srxn1_1.5" 4 "Simu1" 0.1 0.1 0.040423274859613 0.0632713144571989 0 0.0351067155850862 0 0 0.137679 0.124923725 0.1509003 0.142734 0.1301635 0.155785675 0.13618 0.1233829 0.1494723 "Andr" 4 "Srxn1"
"Srxn1_1.6" 5 "Simu1" 0.1 0.1 0.0515882661769616 0.115788476416331 0 0.0589155214479072 0.0196044852596801 0.0339559645260011 0.1715165 0.1559418 0.18767605 0.1793245 0.163894825 0.19523415 0.168035 0.1523107 0.184402575 "Andr" 5 "Srxn1"
"Srxn1_1.7" 6 "Simu1" 0.1 0.1 0.0359921104791706 0.0692275580513186 0 0.0346960097305784 0.0862589655254466 0.0599562014449025 0.2076465 0.189383825 0.226494275 0.2339545 0.21627995 0.252069225 0.199071 0.1804873 0.218428 "Andr" 6 "Srxn1"
"Srxn1_1.8" 7 "Simu1" 0.1 0.1 0.0366911816631011 0.0699392120104743 0 0.0350965071253361 0.191920631002405 0.0791785863750381 0.2413725 0.220449725 0.262866175 0.2761315 0.255955325 0.296815575 0.229325 0.208002275 0.251508725 "Andr" 7 "Srxn1"
"Srxn1_1.9" 8 "Simu1" 0.1 0.1 0.0631241364814096 0.101094371396279 0 0.0550414121822523 0.269022298541306 0.145695779627004 0.275676 0.252358925 0.29974915 0.321521 0.298809 0.3446282 0.258777 0.234803325 0.283721275 "Andr" 8 "Srxn1"
"Srxn1_1.10" 9 "Simu1" 0.1 0.1 0.0779870021223359 0.127291539624838 0 0.0683212766824247 0.331311583757579 0.177748421467099 0.320294 0.294483 0.346668375 0.386262 0.361240125 0.412208275 0.2874955 0.260932675 0.31510955 "Andr" 9 "Srxn1"
"Srxn1_1.11" 10 "Simu1" 0.1 0.1 0.0809820267112898 0.150343042514947 0 0.0758422278750387 0.341357758557848 0.207461732973935 0.3718995 0.343557025 0.400687375 0.4684775 0.440959925 0.4970284 0.315418 0.28638905 0.345619 "Andr" 10 "Srxn1"
"Srxn1_1.12" 11 "Simu1" 0.1 0.1 0.0711893090257495 0.109942953976063 0 0.061732629218725 0.358529512543967 0.218248417582644 0.4217805 0.3908014 0.453340475 0.561867 0.5312455 0.5934061 0.342605 0.311191175 0.375279575 "Andr" 11 "Srxn1"
"Srxn1_1.13" 12 "Simu1" 0.1 0.1 0.0571878953278885 0.10887675229805 0 0.0546462840903893 0.365152268659605 0.243600744918032 0.462496 0.429039525 0.49651535 0.618616 0.58542795 0.652513125 0.3691175 0.335336425 0.404243 "Andr" 12 "Srxn1"
"Srxn1_1.14" 13 "Simu1" 0.1 0.1 0.0695352812196506 0.121678647975606 0 0.0626760110395295 0.394895674768612 0.214049595548816 0.4946005 0.458813525 0.531077225 0.667109 0.63103585 0.70342405 0.3949165 0.35889815 0.432363275 "Andr" 13 "Srxn1"
"Srxn1_1.15" 14 "Simu1" 0.1 0.1 0.0585149682969478 0.112812567606724 0 0.0565244062630105 0.428464161282935 0.277432497932536 0.527223 0.4890113 0.566111425 0.7138505 0.674993725 0.7527763 0.420043 0.381903675 0.459660175 "Andr" 14 "Srxn1"
"Srxn1_1.16" 15 "Simu1" 0.1 0.1 0.0601407193620829 0.104275558394785 0 0.0539489496976066 0.419929412953641 0.264447815805204 0.5545195 0.514084575 0.595682325 0.7500885 0.708608875 0.7914112 0.444553 0.404281 0.486296275 "Andr" 15 "Srxn1"
"Srxn1_1.17" 16 "Simu1" 0.1 0.1 0.0521629118740951 0.0863576685450057 0 0.045897196866329 0.339171724319983 0.269159702139243 0.5798985 0.537446975 0.623382325 0.778762 0.735011975 0.822297275 0.4684105 0.42609715 0.512250175 "Andr" 16 "Srxn1"
"Srxn1_1.18" 17 "Simu1" 0.1 0.1 0.0550754428523561 0.121671855870745 0 0.0616486795716891 0.32360091731048 0.272458813001221 0.602709 0.558353575 0.64828375 0.8004935 0.754952225 0.846180625 0.491622 0.4473131 0.537489125 "Andr" 17 "Srxn1"
"Srxn1_1.19" 18 "Simu1" 0.1 0.1 0.0462728552534206 0.106486609163655 0 0.0545949720607391 0.33326659231964 0.304093089478495 0.6245455 0.578112125 0.67206095 0.825075 0.77734495 0.87275045 0.514222 0.468128775 0.56202615 "Andr" 18 "Srxn1"
"Srxn1_1.20" 19 "Simu1" 0.1 0.1 0.0406579008261322 0.0669955562158658 0 0.0357197873760095 0.363571716815508 0.347581523712247 0.6447995 0.59661165 0.694198625 0.8447205 0.794857875 0.894372125 0.536272 0.48836435 0.5859224 "Andr" 19 "Srxn1"
"Srxn1_1.21" 20 "Simu1" 0.1 0.1 0.0409447019851253 0.0899346754339351 0 0.0455039147331864 0.352741388601871 0.365746655943162 0.664125 0.614176125 0.7152121 0.859933 0.8087667 0.911043625 0.557731 0.508004875 0.60921425 "Andr" 20 "Srxn1"
"Srxn1_1.22" 21 "Simu1" 0.1 0.1 0.053113978098726 0.122810058134827 0 0.0630618916086892 0.398906939533119 0.364789229899895 0.6826895 0.631193325 0.73546725 0.875224 0.822389925 0.928117725 0.5786125 0.527208 0.632004325 "Andr" 21 "Srxn1"
"Srxn1_1.23" 22 "Simu1" 0.1 0.1 0.0498439425250444 0.120066737045803 0 0.062573784788072 0.397848730420871 0.447522473662148 0.7008775 0.64762795 0.755300525 0.890998 0.836886175 0.94532245 0.599003 0.54602015 0.654101025 "Andr" 22 "Srxn1"
"Srxn1_1.24" 23 "Simu1" 0.1 0.1 0.0506934878814696 0.109929750048386 0 0.0554605421069268 0.338827742619939 0.422790173289598 0.7184415 0.663659075 0.774575275 0.905504 0.8499317 0.9614185 0.61888 0.56411975 0.675593625 "Andr" 23 "Srxn1"
"Srxn1_1.25" 24 "Simu1" 0.1 0.1 0.0453231761319034 0.0793158969335038 0 0.0408538528181314 0.353253696038762 0.471643229057851 0.735518 0.6791239 0.793167675 0.9187815 0.861867975 0.976499425 0.638203 0.581744525 0.696514725 "Andr" 24 "Srxn1"
"Srxn1_1.26" 25 "Simu1" 0.1 0.1 0.116496812157156 0.191187391259183 0 0.102220230315813 0.442273321501446 0.518007661833521 0.7519865 0.694149925 0.811091725 0.9308695 0.87251725 0.989916025 0.6570345 0.5990069 0.716875875 "Andr" 25 "Srxn1"
"Srxn1_1.27" 26 "Simu1" 0.1 0.1 0.0272397332725799 0.0611243723480767 0 0.0310992492446973 0.297724588252255 0.337763416700816 0.7686755 0.7093309 0.82930055 0.944406 0.8846987 1.004951 0.6753115 0.615749925 0.736696 "Andr" 26 "Srxn1"
"Srxn1_1.28" 27 "Simu1" 0.1 0.1 0.0171113027111596 0.039249778304971 0 0.0201020054880451 0.31898569299998 0.373342451101988 0.784116 0.7235552 0.846313225 0.9554075 0.894397625 1.0172115 0.693182 0.632101 0.75600015 "Andr" 27 "Srxn1"
"Srxn1_1.29" 28 "Simu1" 0.1 0.1 0.0216816883543732 0.0456415245835869 0 0.0229058870136756 0.309619221223064 0.341877822627958 0.7992165 0.7373525 0.862719 0.9660145 0.90390375 1.02897225 0.710557 0.64799225 0.77477385 "Andr" 28 "Srxn1"
"Srxn1_1.30" 29 "Simu1" 0.1 0.1 0.0365813117288323 0.0736457522665069 0 0.0368252531126315 0.330304097510995 0.378185198574363 0.8138525 0.75058815 0.878838775 0.9764685 0.912938425 1.0404855 0.727457 0.663744825 0.7931792 "Andr" 29 "Srxn1"
"Srxn1_1.31" 30 "Simu1" 0.1 0.1 0.030873858387827 0.0535184088191322 0 0.0276919871572156 0.349467383381145 0.400609480835146 0.828131 0.7635798 0.89455295 0.9865925 0.921890975 1.051922 0.7439835 0.67891055 0.8108493 "Andr" 30 "Srxn1"
"Srxn1_1.32" 31 "Simu1" 0.1 0.1 0.0300142645744087 0.050136602699165 0 0.0264916475368649 0.370859373534569 0.44688601262919 0.842086 0.7762952 0.909836025 0.9963965 0.9304617 1.06291075 0.760052 0.6938625 0.8283678 "Andr" 31 "Srxn1"
"Srxn1_1.33" 32 "Simu1" 0.1 0.1 0.0277265657281884 0.0422152411336887 0 0.0240200531044481 0.313142840378071 0.352462752106481 0.8555835 0.788651575 0.924709275 1.00601 0.9389272 1.073801 0.77574 0.708134725 0.84531625 "Andr" 32 "Srxn1"
"Srxn1_1.34" 33 "Simu1" 0.1 0.1 0.0289792903379319 0.055566496422462 0 0.0278603738573875 0.313160020152254 0.370112866380053 0.868796 0.80056975 0.938961975 1.01528 0.94732795 1.084272 0.790913 0.722112725 0.861635325 "Andr" 33 "Srxn1"
"Srxn1_1.35" 34 "Simu1" 0.1 0.1 0.0164102577580553 0.0292183592830348 0 0.0149385332929221 0.319353857985201 0.38389706764366 0.8816845 0.81222895 0.952772125 1.02427 0.955504025 1.09465025 0.805801 0.735693325 0.8775305 "Andr" 34 "Srxn1"
"Srxn1_1.36" 35 "Simu1" 0.1 0.1 0.0209643006896813 0.0470548942550059 0 0.0239426382698858 0.301829029993101 0.370409154511126 0.894161 0.8235939 0.966206 1.03307 0.963069425 1.10468375 0.820309 0.748888725 0.89317005 "Andr" 35 "Srxn1"
"Srxn1_1.37" 36 "Simu1" 0.1 0.1 0.0180539400016577 0.0285440087505612 0 0.0157034779629931 0.298460261021555 0.365131030085129 0.9062605 0.834713625 0.979374025 1.041655 0.97055805 1.11423125 0.8343865 0.761742725 0.90836185 "Andr" 36 "Srxn1"
"Srxn1_1.38" 37 "Simu1" 0.1 0.1 0.0203872511082666 0.0361059289439862 0 0.0185001677972904 0.268341400914497 0.330566614946266 0.918137 0.845636025 0.99227535 1.05007 0.978069325 1.1236515 0.8481515 0.774309725 0.92316715 "Andr" 37 "Srxn1"
"Srxn1_1.39" 38 "Simu1" 0.1 0.1 0.0123152511096393 0.0331195812671499 0 0.0181183612155898 0.252649797736403 0.286093974607034 0.9296435 0.85603845 1.00493175 1.058065 0.98521135 1.132991 0.8615105 0.786703925 0.9375839 "Andr" 38 "Srxn1"
"Srxn1_1.40" 39 "Simu1" 0.1 0.1 0.00897218252303626 0.0222150931821802 0 0.0117071316035416 0.248764470668877 0.262675719167208 0.940917 0.866145525 1.01713 1.06597 0.992029675 1.141731 0.8744915 0.798853475 0.95162125 "Andr" 39 "Srxn1"
"Srxn1_1.41" 40 "Simu1" 0.1 0.1 0.0046453163319569 0.0139359489958707 0 0.00804592390417884 0.243414563013742 0.234365985821764 0.9519195 0.8761694 1.0288425 1.07372 0.998865525 1.15017825 0.887152 0.8103707 0.965341275 "Andr" 40 "Srxn1"
"Srxn1_1.42" 41 "Simu1" 0.1 0.1 0.00895185120606198 0.0268555536181859 0 0.0155050611106961 0.236958430620186 0.209966101978803 0.962623 0.88579785 1.04048375 1.081255 1.00559975 1.158594 0.899562 0.82181045 0.97875665 "Andr" 41 "Srxn1"
"Srxn1_1.43" 42 "Simu1" 0.1 0.1 0.00774004470226656 0.0232201341067997 0 0.01340615067718 0.207102529967032 0.182552524655352 0.97303 0.89558425 1.05192175 1.08854 1.012069 1.16671025 0.9116165 0.83295385 0.9918488 "Andr" 42 "Srxn1"
"Srxn1_1.44" 43 "Simu1" 0.1 0.1 0.00937156363170955 0.018393937172294 0 0.00920193900568677 0.216644362279075 0.182939517732212 0.9831125 0.9048268 1.0629905 1.095585 1.01837725 1.1744015 0.923342 0.8437126 1.004552 "Andr" 43 "Srxn1"
"Srxn1_1.45" 44 "Simu1" 0.1 0.1 0.00329887682087478 0.00989663046262435 0 0.00571382226166642 0.20533664808955 0.181573695541382 0.992931 0.913815475 1.07386025 1.102485 1.02443975 1.182123 0.934759 0.854316975 1.0168315 "Andr" 44 "Srxn1"
"Srxn1_1.46" 45 "Simu1" 0.1 0.1 0.0129435248355387 0.0258017527505582 0 0.0129010878581506 0.164219041521095 0.14110407387167 1.002475 0.922598925 1.08446225 1.10928 1.03053 1.189594 0.945859 0.86465315 1.0287125 "Andr" 45 "Srxn1"
"Srxn1_1.47" 46 "Simu1" 0.1 0.1 0.0206811235321252 0.0388117101892017 0 0.0195311582021109 0.162597796466214 0.13026872539817 1.011825 0.9311459 1.0947725 1.115815 1.036418 1.197111 0.95669 0.874740675 1.04032 "Andr" 46 "Srxn1"
"Srxn1_1.48" 47 "Simu1" 0.1 0.1 0.01275443486726 0.0254845068767062 0 0.012742270906273 0.160753710506629 0.105137361807631 1.02094 0.939470725 1.1047615 1.12222 1.0420085 1.20455 0.967273 0.884604525 1.05191 "Andr" 47 "Srxn1"
"Srxn1_1.49" 48 "Simu1" 0.1 0.1 0.0170537962431863 0.0313852937976402 0 0.0158687538673978 0.144902377440842 0.096387877697903 1.029805 0.94758385 1.114413 1.12848 1.047378 1.21177025 0.9775545 0.8941129 1.0632 "Andr" 48 "Srxn1"
"Srxn1_2.1" 0 "Simu2" 0.32 0.32 0 0 0 0 0 0 0 0 0 0 0 0 0 0 0 "Andr" 0 "Srxn1"
"Srxn1_2.2" 1 "Simu2" 0.32 0.32 0 0 0 0 0.0193187402528137 0.0334610396560994 0.03540175 0.032048215 0.0388876375 0.03540175 0.032048215 0.0388876375 0.03540175 0.032048215 0.0388876375 "Andr" 1 "Srxn1"
"Srxn1_2.3" 2 "Simu2" 0.32 0.32 0.0148116659715562 0.0322841940334015 0.00418692633347639 0.0152490415362018 0.0130260965505663 0.0225618610498785 0.069883 0.0632667025 0.0767427925 0.069883 0.0632667025 0.0767427925 0.069883 0.0632667025 0.0767427925 "Andr" 2 "Srxn1"
"Srxn1_2.4" 3 "Simu2" 0.32 0.32 0.0990503649128807 0.122911298583551 0.0564755170258682 0.0369606034416039 0.0130796214090902 0.0226545688243099 0.1035615 0.0937937 0.113685125 0.1039455 0.0941998125 0.11406835 0.1034655 0.093696265 0.113586175 "Andr" 3 "Srxn1"
"Srxn1_2.5" 4 "Simu2" 0.32 0.32 0.123648123667745 0.190618782169056 0.0311480150874837 0.0827438578046521 0.0275440712917585 0.0477077309246251 0.143715 0.1311417 0.156713 0.148003 0.135464975 0.16085485 0.1386105 0.12592105 0.151790175 "Andr" 4 "Srxn1"
"Srxn1_2.6" 5 "Simu2" 0.32 0.32 0.152907882861599 0.1983779113757 0.0767014223883824 0.0664066124738587 0.172018318292054 0.244894442510769 0.193466 0.178294975 0.208922675 0.220304 0.2054949 0.235448025 0.1716315 0.15606485 0.187782075 "Andr" 5 "Srxn1"
"Srxn1_2.7" 6 "Simu2" 0.32 0.32 0.153250339673593 0.227568840355865 0.0743297209509929 0.0767231487025787 0.480724942432475 0.412536530838587 0.263496 0.246193975 0.2814735 0.312966 0.29541795 0.331391575 0.2135925 0.1955246 0.23216425 "Andr" 6 "Srxn1"
"Srxn1_2.8" 7 "Simu2" 0.32 0.32 0.156896274593877 0.191939183608021 0.114781968444348 0.0390616494280271 0.784527620292329 0.582377393689538 0.3463835 0.326253125 0.367423375 0.4476025 0.425080425 0.471026175 0.258065 0.237538725 0.2790721 "Andr" 7 "Srxn1"
"Srxn1_2.9" 8 "Simu2" 0.32 0.32 0.161663253978081 0.254351005139788 0.0648593916730021 0.0948128402262578 1.01722067242684 0.734418171936741 0.443531 0.419892825 0.46816335 0.570085 0.543277825 0.59851335 0.3284175 0.30569365 0.3515851 "Andr" 8 "Srxn1"
"Srxn1_2.10" 9 "Simu2" 0.32 0.32 0.151250043328687 0.246226838114737 0.0649017966112543 0.0909699486115568 1.18959675994977 0.841293827787877 0.5509755 0.5240854 0.5787281 0.760012 0.72842385 0.793849475 0.372574 0.3473959 0.3983312 "Andr" 9 "Srxn1"
"Srxn1_2.11" 10 "Simu2" 0.32 0.32 0.150436675942014 0.221709479367154 0.073457042904685 0.0742907945672376 1.30230506327205 0.912741349504201 0.647762 0.618086275 0.678424125 0.939096 0.903946625 0.9764995 0.4159935 0.388391575 0.444177275 "Andr" 10 "Srxn1"
"Srxn1_2.12" 11 "Simu2" 0.32 0.32 0.154233744528455 0.219915526606421 0.0966306938151635 0.0620381892421033 1.381702460334 0.944658240619109 0.736456 0.7042412 0.769665875 1.08225 1.04496975 1.12149275 0.460602 0.430426925 0.491360075 "Andr" 11 "Srxn1"
"Srxn1_2.13" 12 "Simu2" 0.32 0.32 0.164666646041619 0.217896693891496 0.120715845464002 0.0492504583504224 1.3120370213772 0.896613200570732 0.817138 0.782674675 0.85283685 1.206065 1.16695925 1.2469705 0.512722 0.479934925 0.5460513 "Andr" 12 "Srxn1"
"Srxn1_2.14" 13 "Simu2" 0.32 0.32 0.180001157300441 0.225252823192106 0.132265463274548 0.046543421371211 1.18850696578703 0.968987211598852 0.8921935 0.85494025 0.930297475 1.308075 1.2670495 1.35050025 0.569941 0.53420035 0.606018125 "Andr" 13 "Srxn1"
"Srxn1_2.15" 14 "Simu2" 0.32 0.32 0.128977585659984 0.177415421117351 0.103103835325031 0.0419810242705077 1.2525136736135 1.06543856750624 0.962155 0.9221378 1.00267125 1.394775 1.351429 1.439232 0.6236315 0.58475825 0.662521025 "Andr" 14 "Srxn1"
"Srxn1_2.16" 15 "Simu2" 0.32 0.32 0.13817816553593 0.188562216722204 0.094634394749207 0.047336043477525 1.30695548530979 1.09715069153018 0.997327 0.955284525 1.04028175 1.43854 1.393339 1.48478075 0.659153 0.617778325 0.7005721 "Andr" 15 "Srxn1"
"Srxn1_2.17" 16 "Simu2" 0.32 0.32 0.137423850867114 0.203905046875977 0.076025083453175 0.064091298719648 1.19868147204304 1.25228514284668 1.028735 0.984494675 1.0736905 1.475955 1.4287595 1.5241 0.6881255 0.6443863 0.7318219 "Andr" 16 "Srxn1"
"Srxn1_2.18" 17 "Simu2" 0.32 0.32 0.103000863117214 0.152175122125541 0.0506832899894204 0.0508188775488681 1.2172483609563 1.3047397505321 1.05386 1.00732425 1.100842 1.50799 1.458529 1.55800075 0.7109015 0.6650973 0.75662655 "Andr" 17 "Srxn1"
"Srxn1_2.19" 18 "Simu2" 0.32 0.32 0.123607382416852 0.168368323238966 0.0613240013156967 0.0556318132816337 1.24114754258668 1.31579133519536 1.069135 1.02079675 1.11763 1.519425 1.46846975 1.5708105 0.729615 0.682205875 0.77710625 "Andr" 18 "Srxn1"
"Srxn1_2.20" 19 "Simu2" 0.32 0.32 0.110833192088929 0.135016775887741 0.0713389429475001 0.0344895485171451 1.2951612128598 1.355716129017 1.08445 1.03439975 1.13458 1.52938 1.47697 1.58207375 0.747846 0.6987476 0.7971535 "Andr" 19 "Srxn1"
"Srxn1_2.21" 20 "Simu2" 0.32 0.32 0.104234791523465 0.135295062437415 0.0488976909181922 0.0480432075974716 1.57670378050325 1.31449051289776 1.096325 1.04483975 1.14760025 1.53184 1.47884 1.5855505 0.7658175 0.71509985 0.81679725 "Andr" 20 "Srxn1"
"Srxn1_2.22" 21 "Simu2" 0.32 0.32 0.109094683960518 0.140219890181468 0.06392859008402 0.0400368644158918 1.38932531263675 1.53111806560777 1.106315 1.0536895 1.15889 1.53258 1.47845625 1.586931 0.781964 0.7297535 0.834776925 "Andr" 21 "Srxn1"
"Srxn1_2.23" 22 "Simu2" 0.32 0.32 0.0997872885326997 0.127730381516706 0.0569172128460784 0.0376926693635091 1.62435208965363 1.39657958651032 1.115495 1.06167925 1.16949 1.53229 1.476949 1.5877315 0.797874 0.744156375 0.852755875 "Andr" 22 "Srxn1"
"Srxn1_2.24" 23 "Simu2" 0.32 0.32 0.0910317704890359 0.122477116374314 0.0717895312297886 0.0274589635718575 1.30955181531124 1.39340664750367 1.123385 1.0682595 1.17861025 1.53039 1.47400925 1.58703 0.813067 0.75800375 0.869508975 "Andr" 23 "Srxn1"
"Srxn1_2.25" 24 "Simu2" 0.32 0.32 0.0913983172912429 0.122986501990515 0.0516022075661902 0.0363930885957253 1.4574882917675 1.21101559406592 1.13065 1.0746 1.18692025 1.527795 1.4707295 1.584941 0.8279295 0.771319875 0.88566225 "Andr" 24 "Srxn1"
"Srxn1_2.26" 25 "Simu2" 0.32 0.32 0.137894337413804 0.181118153288835 0.102903204628138 0.0397520735514049 1.60773490435145 1.0088855893106 1.137405 1.080238 1.194772 1.524845 1.46712 1.58276025 0.842093 0.78391785 0.90111715 "Andr" 25 "Srxn1"
"Srxn1_2.27" 26 "Simu2" 0.32 0.32 0.0785234196333394 0.161689981364638 0.0248469154451888 0.0730325529677168 1.3747941311286 0.80859182915686 1.14449 1.0860195 1.20316125 1.522755 1.4641985 1.5812705 0.8562985 0.79676205 0.9167275 "Andr" 26 "Srxn1"
"Srxn1_2.28" 27 "Simu2" 0.32 0.32 0.0857883213523933 0.189424565477595 0.0080775127814946 0.0934119078966956 1.30172229347175 0.762673158082018 1.15053 1.09075925 1.2103105 1.51987 1.460659 1.57916025 0.8694755 0.808680825 0.93115875 "Andr" 27 "Srxn1"
"Srxn1_2.29" 28 "Simu2" 0.32 0.32 0.0787367854094657 0.172653467762073 0.00852735984307651 0.0845923775727183 1.2327900640569 0.716549601359125 1.15625 1.09552875 1.21747275 1.51696 1.45701775 1.57732 0.8822755 0.820230575 0.945318025 "Andr" 28 "Srxn1"
"Srxn1_2.30" 29 "Simu2" 0.32 0.32 0.0743146621959807 0.167450572764781 0 0.0852971460398693 1.15736891269629 0.69791036575324 1.16183 1.0999795 1.22405025 1.51367 1.45292975 1.57491525 0.894745 0.8314377 0.958960225 "Andr" 29 "Srxn1"
"Srxn1_2.31" 30 "Simu2" 0.32 0.32 0.068206623933598 0.14960472905518 0 0.0756697107227732 1.15593720011593 0.69144498299823 1.167155 1.10431875 1.23052325 1.510335 1.448589 1.57252175 0.906951 0.8425329 0.972472375 "Andr" 30 "Srxn1"
"Srxn1_2.32" 31 "Simu2" 0.32 0.32 0.0659749853800293 0.133214227008308 0 0.0666161116191209 0.935552460785096 0.788040140800891 1.172335 1.10827975 1.23676125 1.506775 1.4444 1.57031075 0.918768 0.8531684 0.9857727 "Andr" 31 "Srxn1"
"Srxn1_2.33" 32 "Simu2" 0.32 0.32 0.0748191001421817 0.171810057244896 0.0112347437533662 0.085341130495027 0.969913148986079 0.641882736572472 1.17734 1.1121395 1.24298075 1.503145 1.4399795 1.56786125 0.9303405 0.86365315 0.9987344 "Andr" 32 "Srxn1"
"Srxn1_2.34" 33 "Simu2" 0.32 0.32 0.0622071425825162 0.136847375861318 0.00156703766257449 0.0687182302692673 0.865276519735367 0.740958628944501 1.18214 1.116009 1.24929175 1.4998 1.43548475 1.565312 0.941571 0.873667425 1.0112915 "Andr" 33 "Srxn1"
"Srxn1_2.35" 34 "Simu2" 0.32 0.32 0.0592935333339099 0.132419514510853 0.0171202600333149 0.0635769778648526 0.799347839997132 0.668808784471859 1.186805 1.1198995 1.25536025 1.49637 1.43130725 1.56284125 0.9524895 0.883371175 1.02348025 "Andr" 34 "Srxn1"
"Srxn1_2.36" 35 "Simu2" 0.32 0.32 0.0637364497644646 0.134322335325552 0 0.0674226113397914 0.696488959111051 0.530135150660922 1.19132 1.123378 1.26094025 1.492975 1.4268995 1.56061175 0.963155 0.89289795 1.03506125 "Andr" 35 "Srxn1"
"Srxn1_2.37" 36 "Simu2" 0.32 0.32 0.0832567565575758 0.210967043337719 0.00376420257075361 0.111700342981887 0.640277646792966 0.502165431571379 1.195725 1.1267695 1.266391 1.489535 1.42247975 1.55817025 0.9734945 0.9022649 1.04646125 "Andr" 36 "Srxn1"
"Srxn1_2.38" 37 "Simu2" 0.32 0.32 0.0714724563394323 0.189742663305538 0.0062282172710677 0.102607031579 0.592593556973694 0.426815934972394 1.200035 1.13027725 1.27209125 1.486495 1.41856 1.555775 0.983633 0.91152755 1.0574215 "Andr" 37 "Srxn1"
"Srxn1_2.39" 38 "Simu2" 0.32 0.32 0.0620725611218006 0.156820347171911 0 0.0833601107536838 0.555936057183196 0.399207749036334 1.204205 1.13359925 1.27746325 1.483315 1.4145595 1.55366325 0.993421 0.9203404 1.06841175 "Andr" 38 "Srxn1"
"Srxn1_2.40" 39 "Simu2" 0.32 0.32 0.0408397981370782 0.100443211039654 0 0.0527850792392145 0.520635067487681 0.355242080441369 1.208295 1.1365765 1.28283 1.48011 1.41077775 1.551356 1.003 0.929047725 1.07919075 "Andr" 39 "Srxn1"
"Srxn1_2.41" 40 "Simu2" 0.32 0.32 0.0482665084607359 0.0872661435711932 0.0121478480443898 0.0376419259882398 0.466495278416142 0.355237959361942 1.21229 1.1395265 1.28759175 1.47695 1.4068795 1.54954025 1.01225 0.9375409 1.0892225 "Andr" 40 "Srxn1"
"Srxn1_2.42" 41 "Simu2" 0.32 0.32 0.0433052163923237 0.103750079875125 0 0.0539568845960673 0.39757874587573 0.268695091263962 1.21625 1.14251625 1.292331 1.47397 1.403188 1.5473515 1.02139 0.945664275 1.09909 "Andr" 41 "Srxn1"
"Srxn1_2.43" 42 "Simu2" 0.32 0.32 0.0401117153512748 0.109274613975941 0 0.0601515897718912 0.356313153553681 0.221872717322646 1.220045 1.145427 1.29690025 1.471 1.399509 1.5452455 1.03027 0.95350095 1.1085715 "Andr" 42 "Srxn1"
"Srxn1_2.44" 43 "Simu2" 0.32 0.32 0.0375212205299432 0.089526390927019 0 0.0464874420776145 0.328299108786311 0.173882320413737 1.2238 1.148089 1.30145225 1.4681 1.39587625 1.54334125 1.03895 0.961362625 1.11812 "Andr" 43 "Srxn1"
"Srxn1_2.45" 44 "Simu2" 0.32 0.32 0.0387623341117033 0.0933641647182677 0 0.0486557709865232 0.283814463915656 0.140737820247031 1.227345 1.1510065 1.30599025 1.465355 1.3920265 1.541601 1.047295 0.968911825 1.12732225 "Andr" 44 "Srxn1"
"Srxn1_2.46" 45 "Simu2" 0.32 0.32 0.0403470303031536 0.0877970912730337 0 0.0443274417544109 0.232118249644782 0.0972985052771274 1.230875 1.153538 1.31024325 1.46268 1.3883595 1.53962025 1.055475 0.976235925 1.13648025 "Andr" 45 "Srxn1"
"Srxn1_2.47" 46 "Simu2" 0.32 0.32 0.0402037605427888 0.077502333575598 0 0.0388327569619635 0.213732979412264 0.059884767431638 1.23433 1.15618975 1.31439575 1.46022 1.3848595 1.53779 1.06348 0.98348255 1.14548075 "Andr" 46 "Srxn1"
"Srxn1_2.48" 47 "Simu2" 0.32 0.32 0.0480245122277952 0.11295434222596 0 0.0583439215652558 0.199949170251787 0.0851600323711526 1.23767 1.1587895 1.31866175 1.457735 1.38161775 1.53621175 1.07128 0.990456375 1.1541515 "Andr" 47 "Srxn1"
"Srxn1_2.49" 48 "Simu2" 0.32 0.32 0.0397436095301998 0.0934763242943986 0.0049816280369458 0.0471989868223111 0.168669785212906 0.0583887469039642 1.240885 1.16120975 1.32253175 1.45522 1.3782175 1.534591 1.078895 0.997290375 1.162593 "Andr" 48 "Srxn1"
"Srxn1_3.1" 0 "Simu3" 1 1 0 0 0 0 0 0 0 0 0 0 0 0 0 0 0 "Andr" 0 "Srxn1"
"Srxn1_3.2" 1 "Simu3" 1 1 0.090059429290266 0.154363696764214 0.0433567468287264 0.0575586447000516 0 0 0.03540175 0.032048215 0.0388876375 0.03540175 0.032048215 0.0388876375 0.03540175 0.032048215 0.0388876375 "Andr" 1 "Srxn1"
"Srxn1_3.3" 2 "Simu3" 1 1 0.233508867306404 0.307729844903092 0.15149851962113 0.0784063930086202 0 0 0.072193 0.0656285625 0.07899311 0.0766057 0.0700413475 0.0833592 0.0704085 0.0638139775 0.0772604675 "Andr" 2 "Srxn1"
"Srxn1_3.4" 3 "Simu3" 1 1 0.513042599781191 0.640921084763091 0.311748292233898 0.176440058058202 0.00108608621714238 0.00188115650949089 0.130499 0.121064925 0.140020425 0.152051 0.142582975 0.161470025 0.11454 0.1049689 0.124336375 "Andr" 3 "Srxn1"
"Srxn1_3.5" 4 "Simu3" 1 1 0.62170503489073 0.73782448766561 0.42277119043817 0.173084697836575 0.0880620292892533 0.132709470983184 0.327404 0.3131716 0.341989125 0.427347 0.410194575 0.4450956 0.213798 0.201607475 0.2261101 "Andr" 4 "Srxn1"
"Srxn1_3.6" 5 "Simu3" 1 1 0.604990551801538 0.739945261382577 0.40830428137106 0.174225497873965 0.617375664817503 0.342176400626741 0.676902 0.6487879 0.7075648 0.8764705 0.8404114 0.915205425 0.4126395 0.39411985 0.432257125 "Andr" 5 "Srxn1"
"Srxn1_3.7" 6 "Simu3" 1 1 0.55974820414653 0.661059988159661 0.41528201274087 0.128446216208537 1.41171534587167 0.579267370748792 1.09622 1.048509 1.14736175 1.432045 1.372309 1.49614775 0.653223 0.624169925 0.68511765 "Andr" 6 "Srxn1"
"Srxn1_3.8" 7 "Simu3" 1 1 0.542315858093208 0.661129752970303 0.412993436882582 0.124401485861999 2.09933197451796 0.764622846249429 1.53658 1.47119975 1.6063205 1.97883 1.89854675 2.0641205 0.9502965 0.907886625 0.995682675 "Andr" 7 "Srxn1"
"Srxn1_3.9" 8 "Simu3" 1 1 0.505196215770467 0.701809487616265 0.317840712030964 0.192151723538592 2.60869850398622 1.01083879278883 2.00001 1.91981725 2.083281 2.574245 2.4772275 2.67514075 1.2805 1.22647 1.33735175 "Andr" 8 "Srxn1"
"Srxn1_3.10" 9 "Simu3" 1 1 0.482511854315716 0.62201472874417 0.338699188182274 0.141706932114752 3.09130920176397 1.19590954295169 2.434825 2.346319 2.526251 3.237145 3.13044725 3.34588075 1.51918 1.458957 1.58190125 "Andr" 9 "Srxn1"
"Srxn1_3.11" 10 "Simu3" 1 1 0.470317301121532 0.632829448172347 0.362243428334008 0.143271919131289 3.37285018300556 1.37436975607024 2.83591 2.744177 2.93007 3.787215 3.6775995 3.8985435 1.77741 1.71454 1.8430905 "Andr" 10 "Srxn1"
"Srxn1_3.12" 11 "Simu3" 1 1 0.434832023391107 0.590003609801028 0.305356418828509 0.144052832129257 3.39921088896305 1.4016998375715 3.196775 3.1060765 3.28981175 4.31928 4.2112985 4.42873075 2.04239 1.97901875 2.10885075 "Andr" 11 "Srxn1"
"Srxn1_3.13" 12 "Simu3" 1 1 0.432026542214326 0.534243597264898 0.373059651256798 0.0888706848923872 3.57738101311119 1.50291582997119 3.48052 3.393026 3.56998125 4.75185 4.64717675 4.8561905 2.21959 2.15752825 2.28514025 "Andr" 12 "Srxn1"
"Srxn1_3.14" 13 "Simu3" 1 1 0.392717098774915 0.515231183473512 0.294258739983945 0.112433151948812 3.60069853104603 1.46108845278188 3.717615 3.6347365 3.803002 5.06415 4.96507 5.163581 2.43096 2.37051975 2.4940105 "Andr" 13 "Srxn1"
"Srxn1_3.15" 14 "Simu3" 1 1 0.35849452535616 0.479480215830631 0.218939093067234 0.131259459262922 3.69105694598331 1.56833449980774 3.873135 3.79407975 3.95611125 5.29983 5.2067195 5.3940425 2.53775 2.47833925 2.60047025 "Andr" 14 "Srxn1"
"Srxn1_3.16" 15 "Simu3" 1 1 0.334645971475294 0.445432187041041 0.256316475370303 0.0986471848498381 3.84398762862169 1.59633193648397 3.96256 3.88565825 4.0430235 5.44819 5.36003925 5.5388525 2.572875 2.513458 2.63452 "Andr" 15 "Srxn1"
"Srxn1_3.17" 16 "Simu3" 1 1 0.327831352564772 0.433403125704327 0.230877356075567 0.101537536885266 3.98057480090013 1.63257227103377 4.00641 3.93180925 4.08435075 5.524535 5.439218 5.612 2.61019 2.55136475 2.6709935 "Andr" 16 "Srxn1"
"Srxn1_3.18" 17 "Simu3" 1 1 0.311679678464385 0.433492419442199 0.16707178222767 0.134665152548486 4.0216335644102 1.61630679928027 4.02233 3.94927 4.09785025 5.55611 5.473157 5.64059275 2.62204 2.56322875 2.68308025 "Andr" 17 "Srxn1"
"Srxn1_3.19" 18 "Simu3" 1 1 0.29994728542338 0.419218094764943 0.216597552154181 0.105978836810079 4.16515863809329 1.7633943904166 4.0131 3.94139775 4.08751025 5.55733 5.4762285 5.6388635 2.607465 2.54892975 2.66815025 "Andr" 18 "Srxn1"
"Srxn1_3.20" 19 "Simu3" 1 1 0.305802379955796 0.422895635675258 0.218952246030143 0.105281581280209 4.25300734413744 1.7988211175572 3.98701 3.91640925 4.05977175 5.528575 5.449267 5.6088105 2.598255 2.53921 2.65905075 "Andr" 19 "Srxn1"
"Srxn1_3.21" 20 "Simu3" 1 1 0.294226574028537 0.392188789687649 0.216557333291264 0.0895569971714251 4.41521223915316 2.04979937948315 3.952665 3.88335975 4.0240335 5.483125 5.4056895 5.561463 2.5836 2.52508875 2.644394 "Andr" 20 "Srxn1"
"Srxn1_3.22" 21 "Simu3" 1 1 0.282667490935747 0.403999208976452 0.165944102388242 0.11909444138464 4.45733067567668 1.95106393630264 3.908905 3.84032825 3.9792715 5.41745 5.341858 5.49419 2.56494 2.50659425 2.62493025 "Andr" 21 "Srxn1"
"Srxn1_3.23" 22 "Simu3" 1 1 0.273954046406675 0.371009518014277 0.19548599626478 0.0892258138062881 4.4133090923986 2.15155434467979 3.859075 3.7913095 3.9286225 5.34487 5.27102975 5.42026075 2.53942 2.48112775 2.5990015 "Andr" 22 "Srxn1"
"Srxn1_3.24" 23 "Simu3" 1 1 0.274372862383685 0.38219861260097 0.192969380609899 0.097342322564534 4.34300545677683 2.14230432825222 3.80568 3.73911925 3.87391575 5.26223 5.19023875 5.33596075 2.514605 2.4561885 2.57428025 "Andr" 23 "Srxn1"
"Srxn1_3.25" 24 "Simu3" 1 1 0.246229316448512 0.346606257490466 0.163352889476423 0.0928716868407951 4.13561530613603 1.94946830482019 3.750815 3.684967 3.81836525 5.17742 5.10608875 5.249721 2.4888 2.43025875 2.54851 "Andr" 24 "Srxn1"
"Srxn1_3.26" 25 "Simu3" 1 1 0.284141834444921 0.362216022805729 0.23831453461814 0.0679543306851689 4.14548112370301 1.68782844986772 3.69374 3.62880975 3.760321 5.088415 5.0190995 5.15936125 2.46176 2.4031495 2.52169025 "Andr" 25 "Srxn1"
"Srxn1_3.27" 26 "Simu3" 1 1 0.225818477972025 0.353550546488146 0.110708259159968 0.121912171033738 3.65368782664638 1.46857555630603 3.638185 3.57373875 3.70392225 4.99975 4.9314995 5.0694205 2.436655 2.378096 2.49695075 "Andr" 26 "Srxn1"
"Srxn1_3.28" 27 "Simu3" 1 1 0.22970654575726 0.37581546865883 0.10016699841433 0.138569217150981 3.49444507402512 1.52349083782672 3.58125 3.5176645 3.64670025 4.91115 4.84347675 4.97895225 2.40924 2.35087 2.46959025 "Andr" 27 "Srxn1"
"Srxn1_3.29" 28 "Simu3" 1 1 0.245872255903608 0.414095576849521 0.123575869203519 0.150606731587917 3.32683731153586 1.60399583186724 3.5254 3.46196975 3.59049025 4.82377 4.75695975 4.890943 2.382545 2.3236895 2.443521 "Andr" 28 "Srxn1"
"Srxn1_3.30" 29 "Simu3" 1 1 0.227111647971244 0.383981530601431 0.133505481551325 0.136697791234854 3.08187670095314 1.40409170539854 3.470645 3.40742725 3.53609075 4.738225 4.67194675 4.80515 2.35635 2.29707975 2.41731025 "Andr" 29 "Srxn1"
"Srxn1_3.31" 30 "Simu3" 1 1 0.204595668523856 0.342929922596417 0.108335860217825 0.122826250312151 2.78114533135086 1.31215301696678 3.41678 3.3536295 3.48232025 4.653435 4.587 4.7197 2.330915 2.27099 2.3925005 "Andr" 30 "Srxn1"
"Srxn1_3.32" 31 "Simu3" 1 1 0.210518306555029 0.328910025025981 0.138814983065063 0.103290299224836 2.6632475042565 1.34587916853419 3.364085 3.3009395 3.429391 4.569375 4.50297575 4.63554 2.30573 2.2451995 2.36798 "Andr" 31 "Srxn1"
"Srxn1_3.33" 32 "Simu3" 1 1 0.202812153254176 0.352838419799137 0.106057264911141 0.131733118097208 2.41045804942985 1.25517480365932 3.312545 3.24879925 3.37821225 4.487265 4.42046 4.553481 2.28135 2.220706 2.34363175 "Andr" 32 "Srxn1"
"Srxn1_3.34" 33 "Simu3" 1 1 0.179139977615137 0.256731326098064 0.135807802446115 0.0673490375596786 2.29009034151171 1.23870142144469 3.26231 3.19801875 3.327692 4.407065 4.3398485 4.473771 2.25739 2.196007 2.3207625 "Andr" 33 "Srxn1"
"Srxn1_3.35" 34 "Simu3" 1 1 0.172349515158993 0.278596595412571 0.107625287927148 0.0927410776739044 2.02885465111457 1.1220737065804 3.21323 3.14834975 3.2790815 4.32838 4.26068325 4.39513 2.23433 2.17263975 2.29863075 "Andr" 34 "Srxn1"
"Srxn1_3.36" 35 "Simu3" 1 1 0.174411802408586 0.274069162535553 0.103070316419077 0.0889465732303261 1.85156015989219 0.998195650174814 3.16531 3.09997775 3.2314335 4.25176 4.18359 4.319931 2.21178 2.14938975 2.2768405 "Andr" 35 "Srxn1"
"Srxn1_3.37" 36 "Simu3" 1 1 0.155425580278069 0.275481391373135 0.0565677337446293 0.110985641639987 1.68910270121404 0.951439966379454 3.118685 3.05249975 3.18524 4.17706 4.10815875 4.2456715 2.189845 2.1269395 2.2556005 "Andr" 36 "Srxn1"
"Srxn1_3.38" 37 "Simu3" 1 1 0.15008708710104 0.268216988616032 0.0662850531348984 0.105251738748715 1.53017246940235 0.872401149453942 3.07311 3.00631 3.1402505 4.10397 4.0344895 4.1734705 2.16846 2.10484875 2.2349715 "Andr" 37 "Srxn1"
"Srxn1_3.39" 38 "Simu3" 1 1 0.137006350714894 0.259136727441869 0.0501032388014562 0.108878234661376 1.37603653936569 0.789817190993318 3.02849 2.96142825 3.09648125 4.03298 3.96234925 4.1038155 2.147455 2.0831295 2.21487125 "Andr" 38 "Srxn1"
"Srxn1_3.40" 39 "Simu3" 1 1 0.162374005862194 0.24457533663813 0.114301090605283 0.0715290595089587 1.2432671825461 0.755860729037055 2.985465 2.91736975 3.053631 3.96371 3.891937 4.03574 2.127005 2.0621585 2.1953305 "Andr" 39 "Srxn1"
"Srxn1_3.41" 40 "Simu3" 1 1 0.140670099814568 0.224661380124652 0.0636560900429137 0.0807290999993247 1.08523247600944 0.705130339549563 2.94339 2.87450875 3.01215325 3.896365 3.823138 3.969293 2.10722 2.04169825 2.17597175 "Andr" 40 "Srxn1"
"Srxn1_3.42" 41 "Simu3" 1 1 0.14428204486845 0.219792016834858 0.0918669486402919 0.067016682491526 0.964333445420524 0.663840326382223 2.90239 2.83237 2.97218 3.83069 3.75660775 3.90459325 2.0879 2.02134825 2.15744 "Andr" 41 "Srxn1"
"Srxn1_3.43" 42 "Simu3" 1 1 0.131186360199742 0.20844093857705 0.0821780644787564 0.0677050050351969 0.857138464324869 0.583327748980416 2.86251 2.79180775 2.9331725 3.766775 3.69118975 3.8416905 2.06907 2.00148975 2.13951175 "Andr" 42 "Srxn1"
"Srxn1_3.44" 43 "Simu3" 1 1 0.127124691032531 0.193818246804123 0.0827627455148239 0.0587992916968642 0.779843468668422 0.571536171761869 2.82363 2.75223875 2.894845 3.70428 3.6279885 3.7801785 2.05072 1.98231875 2.1220525 "Andr" 43 "Srxn1"
"Srxn1_3.45" 44 "Simu3" 1 1 0.130079533630661 0.186639667593431 0.0938698189751128 0.0496202164208423 0.678788273336301 0.500280121726691 2.78567 2.71316 2.858214 3.64356 3.5660595 3.72104075 2.03288 1.96344975 2.105162 "Andr" 44 "Srxn1"
"Srxn1_3.46" 45 "Simu3" 1 1 0.11714213828146 0.179615779981721 0.0795307421873539 0.0544779968428585 0.594919641813754 0.428666748628332 2.74868 2.6751995 2.8226005 3.584315 3.50558975 3.66307275 2.015535 1.9452865 2.08850175 "Andr" 45 "Srxn1"
"Srxn1_3.47" 46 "Simu3" 1 1 0.136104018912911 0.19997669407612 0.094124815990303 0.0562196417512256 0.521395256980293 0.407520233868911 2.712695 2.638318 2.787672 3.5266 3.446999 3.60654125 1.99857 1.92743975 2.07210025 "Andr" 46 "Srxn1"
"Srxn1_3.48" 47 "Simu3" 1 1 0.127751398633213 0.193262341213621 0.0677013331701051 0.0629583796598489 0.424250513685283 0.327596053754348 2.67767 2.6026885 2.75377 3.47037 3.38998975 3.55194075 1.982085 1.91006975 2.056144 "Andr" 47 "Srxn1"
"Srxn1_3.49" 48 "Simu3" 1 1 0.124716355322315 0.194884278658832 0.0703918554517584 0.0637405005419129 0.382482309594365 0.321960807876957 2.643535 2.5677095 2.7201835 3.415675 3.3339345 3.49846 1.96599 1.89321775 2.04049325 "Andr" 48 "Srxn1"
"Srxn1_4.1" 0 "Simu4" 3.16 3.16 0 0 0 0 0 0 0 0 0 0 0 0 0 0 0 "Andr" 0 "Srxn1"
"Srxn1_4.2" 1 "Simu4" 3.16 3.16 0.0129417161366112 0.0388251484098336 0 0.0224157098857446 0 0 0.03540175 0.032048215 0.0388876375 0.03540175 0.032048215 0.0388876375 0.03540175 0.032048215 0.0388876375 "Andr" 1 "Srxn1"
"Srxn1_4.3" 2 "Simu4" 3.16 3.16 0.538197515675183 0.769347345710357 0.344363470123755 0.214935279691074 0 0 0.06992925 0.0633156425 0.0767930225 0.07031245 0.0637162875 0.0771621425 0.069883 0.0632667025 0.0767427925 "Andr" 2 "Srxn1"
"Srxn1_4.4" 3 "Simu4" 3.16 3.16 0.898283761857429 1.16294171608309 0.688185399036903 0.242035022061965 0.00280283946334838 0.00485466035597848 0.2234665 0.213331875 0.2334171 0.333849 0.321303825 0.34612105 0.1553415 0.145969475 0.1647473 "Andr" 3 "Srxn1"
"Srxn1_4.5" 4 "Simu4" 3.16 3.16 0.935811237384383 1.21280468675558 0.70732835858409 0.256206042431218 0.256185063805458 0.212890791962073 0.6853025 0.659573725 0.7123043 1.019225 0.982725425 1.05814225 0.462254 0.44419 0.48134125 "Andr" 4 "Srxn1"
"Srxn1_4.6" 5 "Simu4" 3.16 3.16 0.971516343412383 1.29501389036575 0.707469333379395 0.298249771778898 1.28070173108394 0.486661023645556 1.318465 1.26644975 1.3744805 1.93595 1.865249 2.01247025 0.8823135 0.84579975 0.921686775 "Andr" 5 "Srxn1"
"Srxn1_4.7" 6 "Simu4" 3.16 3.16 0.951407453283375 1.22224408985555 0.703442261713325 0.260156032926961 2.62138660231885 0.852624246099183 2.12338 2.041599 2.21177225 3.112455 3.005459 3.22809025 1.402325 1.34297975 1.466054 "Andr" 6 "Srxn1"
"Srxn1_4.8" 7 "Simu4" 3.16 3.16 0.907953383896061 1.16228509591104 0.663420658901522 0.249576534830853 3.89793648584056 1.13468871218572 3.002405 2.894659 3.11695425 4.308845 4.172009 4.4527105 1.99901 1.918218 2.084721 "Andr" 7 "Srxn1"
"Srxn1_4.9" 8 "Simu4" 3.16 3.16 0.849177064392946 1.08015487087593 0.627995732085779 0.226238701104766 4.91572480330803 1.48352398428238 3.8806 3.75414825 4.01231625 5.480785 5.324848 5.6408065 2.59632 2.498948 2.69754275 "Andr" 8 "Srxn1"
"Srxn1_4.10" 9 "Simu4" 3.16 3.16 0.790603687539259 1.06920432301941 0.526457194156439 0.271662112080571 5.65422070853085 1.55895818947379 4.6961 4.5602195 4.83578475 6.554005 6.38864825 6.72351 3.166255 3.059337 3.275461 "Andr" 9 "Srxn1"
"Srxn1_4.11" 10 "Simu4" 3.16 3.16 0.755420698866679 0.96707597528871 0.569352443079523 0.20009253793424 6.08393390167037 1.72019518667184 5.421425 5.28229425 5.56238575 7.590205 7.42225775 7.76205375 3.600045 3.49021975 3.711384 "Andr" 10 "Srxn1"
"Srxn1_4.12" 11 "Simu4" 3.16 3.16 0.676740859632519 0.878733412803995 0.466533465124004 0.206222724088523 6.58179832459753 1.89570228830446 6.063515 5.9250955 6.2030835 8.44689 8.28101925 8.6153965 4.059045 3.95049925 4.16836475 "Andr" 11 "Srxn1"
"Srxn1_4.13" 12 "Simu4" 3.16 3.16 0.67673117493019 0.869138309214242 0.519873543494313 0.177325391605133 6.62885769768332 1.57679191524904 6.555 6.42212025 6.68779075 9.12686 8.966779 9.28931 4.355615 4.2510395 4.46112125 "Andr" 12 "Srxn1"
"Srxn1_4.14" 13 "Simu4" 3.16 3.16 0.64568070450915 0.832000165527453 0.49354572085592 0.171797225382197 6.86506272732433 1.80402853958285 6.98236 6.85728075 7.107994 9.716455 9.5656185 9.8711135 4.663315 4.56447825 4.7633815 "Andr" 13 "Srxn1"
"Srxn1_4.15" 14 "Simu4" 3.16 3.16 0.634095391023451 0.809810428068464 0.491913329158504 0.161579660515061 7.19150582048611 1.97596630821589 7.30366 7.186738 7.42191025 10.17375 10.033295 10.3175 4.888745 4.7961485 4.98309 "Andr" 14 "Srxn1"
"Srxn1_4.16" 15 "Simu4" 3.16 3.16 0.590053451212636 0.735894320296352 0.428792668040583 0.154130420480269 7.44024015596037 1.85029830257631 7.54187 7.43219575 7.65294175 10.5154 10.3841975 10.6491075 5.05901 4.97096975 5.1497435 "Andr" 15 "Srxn1"
"Srxn1_4.17" 16 "Simu4" 3.16 3.16 0.540808369311274 0.652760398977182 0.427569999966373 0.112600710273023 7.84361081446054 2.08860059977231 7.674435 7.57034725 7.77893 10.6976 10.575495 10.8218025 5.134315 5.04985875 5.22247225 "Andr" 16 "Srxn1"
"Srxn1_4.18" 17 "Simu4" 3.16 3.16 0.510808701337558 0.629447684139176 0.392399460232422 0.118524278948543 8.30172863801461 2.34537671105021 7.71656 7.6175595 7.8161835 10.7405 10.6239 10.8574025 5.1731 5.0902985 5.2583045 "Andr" 17 "Srxn1"
"Srxn1_4.19" 18 "Simu4" 3.16 3.16 0.499055014687173 0.617925771596651 0.417160037502585 0.105366627597546 8.43684697870263 2.35305990030938 7.70021 7.60462825 7.7960905 10.712 10.600295 10.822705 5.16576 5.084848 5.24873425 "Andr" 18 "Srxn1"
"Srxn1_4.20" 19 "Simu4" 3.16 3.16 0.462718429808304 0.592088695758966 0.377698154308708 0.113868421020013 8.65166143536958 2.60915050762784 7.646965 7.554489 7.7393115 10.63395 10.5261975 10.7402025 5.146735 5.0678285 5.22755325 "Andr" 19 "Srxn1"
"Srxn1_4.21" 20 "Simu4" 3.16 3.16 0.463306542374584 0.595762809561488 0.387570405064356 0.115103862543768 8.84746696055414 2.63053168972808 7.558375 7.468548 7.64703 10.5111 10.408195 10.6126025 5.099035 5.02216825 5.17846025 "Andr" 20 "Srxn1"
"Srxn1_4.22" 21 "Simu4" 3.16 3.16 0.42829065027387 0.526844360309223 0.336481414447996 0.0953605198104163 8.89770666902731 2.74350443412849 7.453995 7.36694975 7.54048025 10.3656 10.2662875 10.462505 5.042505 4.9667885 5.11994 "Andr" 21 "Srxn1"
"Srxn1_4.23" 22 "Simu4" 3.16 3.16 0.418205199249524 0.521104724293968 0.328129006009941 0.0971248440963597 8.82975131636951 2.61347365582031 7.33267 7.24904825 7.41687125 10.18675 10.0915975 10.280605 4.96977 4.896109 5.0458235 "Andr" 22 "Srxn1"
"Srxn1_4.24" 23 "Simu4" 3.16 3.16 0.386672584449005 0.466369961969268 0.302097379021329 0.0822448495707638 8.58260559923209 2.55766666909756 7.20379 7.12221525 7.2849605 9.99818 9.906609 10.0891 4.89224 4.81986975 4.96650025 "Andr" 23 "Srxn1"
"Srxn1_4.25" 24 "Simu4" 3.16 3.16 0.368909019027557 0.478618095484597 0.270594213178587 0.104478973743206 8.3077655694167 2.38419317217999 7.06908 6.9891695 7.14831125 9.798355 9.708708 9.8865905 4.810965 4.74015975 4.883656 "Andr" 24 "Srxn1"
"Srxn1_4.26" 25 "Simu4" 3.16 3.16 0.418152346303645 0.439498180407975 0.405035581864795 0.0186468728009978 8.4749672858851 0.923419155779283 6.93219 6.85453875 7.00979 9.598435 9.511075 9.68599075 4.7276 4.65826 4.7989155 "Andr" 25 "Srxn1"
"Srxn1_4.27" 26 "Simu4" 3.16 3.16 0.369007004372168 0.41795491327733 0.288807130638098 0.0700164367802877 8.03265851681338 0.798359869928098 6.79852 6.722098 6.8747715 9.396585 9.3096585 9.48271075 4.650415 4.5819195 4.72047275 "Andr" 26 "Srxn1"
"Srxn1_4.28" 27 "Simu4" 3.16 3.16 0.347791015756781 0.390106197052291 0.286323598629605 0.0544776379522366 7.71353959931974 0.831871061666376 6.66376 6.5880695 6.73925475 9.196215 9.10961675 9.2817165 4.56879 4.50113 4.63767575 "Andr" 27 "Srxn1"
"Srxn1_4.29" 28 "Simu4" 3.16 3.16 0.31510300498802 0.339699565410592 0.283058922042529 0.0290454783758864 7.37464363699925 0.736492209162867 6.53025 6.45468 6.60502 8.99792 8.9097895 9.08452025 4.48833 4.42098 4.5560605 "Andr" 28 "Srxn1"
"Srxn1_4.30" 29 "Simu4" 3.16 3.16 0.311313270600844 0.338962991962425 0.276376900803275 0.0319229719123642 7.11589069345831 0.793101973337856 6.39872 6.32342875 6.47431025 8.802725 8.713347 8.88987 4.409155 4.34198925 4.47680025 "Andr" 29 "Srxn1"
"Srxn1_4.31" 30 "Simu4" 3.16 3.16 0.306198018894925 0.327430654998892 0.26902092672107 0.0323046954620482 6.62855720581452 0.633005865132723 6.26967 6.194394 6.34571125 8.611385 8.5201795 8.701792 4.33149 4.26439925 4.3983325 "Andr" 30 "Srxn1"
"Srxn1_4.32" 31 "Simu4" 3.16 3.16 0.304562762602468 0.325213713059109 0.279987667461238 0.0228669627133638 6.28729150032783 0.774692226240085 6.14339 6.06757575 6.22051125 8.424495 8.3312695 8.518511 4.25519 4.187998 4.3223005 "Andr" 31 "Srxn1"
"Srxn1_4.33" 32 "Simu4" 3.16 3.16 0.272742736808683 0.307046875820002 0.251534181257876 0.0299839214249136 5.85799507555168 0.75583337801453 6.020015 5.943425 6.09833075 8.241905 8.14615425 8.339683 4.18095 4.11353975 4.248022 "Andr" 32 "Srxn1"
"Srxn1_4.34" 33 "Simu4" 3.16 3.16 0.266693459740019 0.285450532785629 0.256288780723623 0.0162764802812503 5.40874737547458 0.737500404545245 5.899585 5.8219295 5.9794555 8.06388 7.96625975 8.16556325 4.10829 4.04028975 4.17576025 "Andr" 33 "Srxn1"
"Srxn1_4.35" 34 "Simu4" 3.16 3.16 0.264092970030168 0.274890438380103 0.255876511198728 0.00976619497632371 5.01588835548978 0.663461782521515 5.78232 5.7029685 5.86337125 7.88993 7.78914525 7.99540025 4.03746 3.96869975 4.1050805 "Andr" 34 "Srxn1"
"Srxn1_4.36" 35 "Simu4" 3.16 3.16 0.24447493252521 0.267026405830952 0.214579669882869 0.0269835775846573 4.56027599534572 0.602093773956389 5.66783 5.5868795 5.7510505 7.720895 7.6171285 7.82965025 3.968185 3.89944 4.03681025 "Andr" 35 "Srxn1"
"Srxn1_4.37" 36 "Simu4" 3.16 3.16 0.267902432276586 0.322059863070087 0.221717708089926 0.0506439537802367 4.24646335443827 0.572458788675208 5.5562 5.47353725 5.64156125 7.55577 7.44964625 7.66817575 3.90073 3.8312995 3.970012 "Andr" 36 "Srxn1"
"Srxn1_4.38" 37 "Simu4" 3.16 3.16 0.255692032642941 0.276384552615402 0.226554876605801 0.0259659981803915 3.88806425076674 0.48252569709314 5.44738 5.3628675 5.5345725 7.39531 7.28621725 7.510771 3.834805 3.764679 3.90498525 "Andr" 37 "Srxn1"
"Srxn1_4.39" 38 "Simu4" 3.16 3.16 0.22321899662955 0.239836849156063 0.199126344847141 0.0213597930282256 3.52684319376564 0.485540964530145 5.3414 5.25542825 5.43035125 7.23857 7.1271755 7.357521 3.77066 3.70004775 3.84163 "Andr" 38 "Srxn1"
"Srxn1_4.40" 39 "Simu4" 3.16 3.16 0.214406723522885 0.24458394390678 0.197316191381423 0.0262108024307831 3.19356722557083 0.450649745435734 5.238125 5.1505685 5.329261 7.086015 6.97226775 7.20839375 3.70838 3.63661975 3.78036125 "Andr" 39 "Srxn1"
"Srxn1_4.41" 40 "Simu4" 3.16 3.16 0.180102835785731 0.217300977100898 0.147423259963897 0.0351573166447305 2.89624922082964 0.472819551863548 5.137425 5.04873925 5.23051025 6.9376 6.8212065 7.06381225 3.64748 3.57496875 3.72046075 "Andr" 40 "Srxn1"
"Srxn1_4.42" 41 "Simu4" 3.16 3.16 0.174930225579004 0.213828032956985 0.148857485942872 0.034331541864087 2.59986499745591 0.469085179682495 5.03972 4.94976575 5.13462075 6.79293 6.673618 6.9216115 3.58829 3.5144575 3.66204125 "Andr" 41 "Srxn1"
"Srxn1_4.43" 42 "Simu4" 3.16 3.16 0.173320174864782 0.225835110317532 0.133474505400241 0.0474658093861458 2.33633487244101 0.450239183161 4.94436 4.85314925 5.0415715 6.65184 6.5303875 6.783221 3.53061 3.45561825 3.605471 "Andr" 42 "Srxn1"
"Srxn1_4.44" 43 "Simu4" 3.16 3.16 0.159214757318178 0.210337807200799 0.130377956472697 0.0443948432165734 2.10608736025423 0.491215615947194 4.85137 4.7589485 4.95036225 6.51447 6.39076 6.6481825 3.474385 3.3982995 3.54993075 "Andr" 43 "Srxn1"
"Srxn1_4.45" 44 "Simu4" 3.16 3.16 0.145663606036341 0.203411948972628 0.114590305582128 0.0500598591908989 1.84413430820776 0.434430332260069 4.76086 4.6668295 4.861323 6.380505 6.2550215 6.51713725 3.419555 3.34256925 3.495964 "Andr" 44 "Srxn1"
"Srxn1_4.46" 45 "Simu4" 3.16 3.16 0.14719937417585 0.191101427653919 0.114131546594343 0.0396121949109692 1.64069464680267 0.418101036480213 4.67269 4.57682975 4.773876 6.25015 6.1225995 6.3893155 3.36623 3.2883785 3.44403 "Andr" 45 "Srxn1"
"Srxn1_4.47" 46 "Simu4" 3.16 3.16 0.155142005060635 0.216632532337753 0.0978394991990402 0.059507149344482 1.44387648659379 0.394769763510938 4.58669 4.4896485 4.689461 6.12311 5.99385575 6.264862 3.31408 3.2354175 3.3935515 "Andr" 46 "Srxn1"
"Srxn1_4.48" 47 "Simu4" 3.16 3.16 0.141109333730756 0.19646734579017 0.0974422314114203 0.0505371284042149 1.25475376061891 0.350086193831814 4.50299 4.404559 4.60703075 5.99961 5.868986 6.14396225 3.26343 3.18405925 3.34406275 "Andr" 47 "Srxn1"
"Srxn1_4.49" 48 "Simu4" 3.16 3.16 0.139114976181721 0.196509319940803 0.0922923864277688 0.0529066517063196 1.08733484087622 0.312270400353625 4.42135 4.32170925 4.527415 5.878885 5.7470595 6.02518 3.214005 3.13401575 3.29599025 "Andr" 48 "Srxn1"
"Srxn1_5.1" 0 "Simu5" 10 10 0 0 0 0 0 0 0 0 0 0 0 0 0 0 0 "Andr" 0 "Srxn1"
"Srxn1_5.2" 1 "Simu5" 10 10 0.0740967456777419 0.126368054618328 0 0.0659506146565814 0.0189085187704998 0.0327505152063755 0.03540175 0.032048215 0.0388876375 0.03540175 0.032048215 0.0388876375 0.03540175 0.032048215 0.0388876375 "Andr" 1 "Srxn1"
"Srxn1_5.3" 2 "Simu5" 10 10 0.839361040985462 1.12660681843114 0.43412188352725 0.361006474404959 0.0221150829854588 0.0383044473444167 0.0714427 0.0648513275 0.0782643075 0.07439835 0.06783167 0.0811797275 0.069883 0.0632667025 0.0767427925 "Andr" 2 "Srxn1"
"Srxn1_5.4" 3 "Simu5" 10 10 1.12512924870411 1.5328370221193 0.665883907573333 0.43576830583438 0.0876015079069148 0.0492579708911702 0.373668 0.36014765 0.3869712 0.558056 0.539661375 0.57634995 0.183885 0.174300975 0.193332525 "Andr" 3 "Srxn1"
"Srxn1_5.5" 4 "Simu5" 10 10 1.20880437688012 1.54733076033025 0.78275289076204 0.389731076969931 0.596743317664587 0.431680633607373 1.023875 0.986673775 1.06309 1.5935 1.5410085 1.649711 0.475083 0.4563755 0.494765 "Andr" 4 "Srxn1"
"Srxn1_5.6" 5 "Simu5" 10 10 1.26490532089309 1.6614518929791 0.826451671913925 0.419074569277378 2.06575032747662 0.82603992504841 1.93605 1.8650355 2.01278125 2.874545 2.780629 2.9769625 0.9646935 0.9250919 1.0073405 "Andr" 5 "Srxn1"
"Srxn1_5.7" 6 "Simu5" 10 10 1.34011737062825 1.70570978250503 0.88722861756003 0.41616504265915 3.88105741725364 1.16587578896837 3.07576 2.96919325 3.19072525 4.486695 4.350335 4.632141 1.612465 1.54683 1.68284075 "Andr" 6 "Srxn1"
"Srxn1_5.8" 7 "Simu5" 10 10 1.36575318699145 1.72923860747677 0.936347599339452 0.400534816246622 5.83144542681211 1.68114727609507 4.425085 4.28753975 4.56930125 6.278445 6.11025175 6.45516125 2.42555 2.3344675 2.52162375 "Andr" 7 "Srxn1"
"Srxn1_5.9" 8 "Simu5" 10 10 1.36352500644308 1.74672290526351 0.896251338674769 0.431424411209088 7.44336590250584 2.07076251435157 5.861355 5.7056085 6.02314525 8.14839 7.95999425 8.34357775 3.354445 3.2449295 3.4676615 "Andr" 8 "Srxn1"
"Srxn1_5.10" 9 "Simu5" 10 10 1.25609396820629 1.5930848526245 0.853603766035989 0.374066424348702 8.8256756077402 2.51461734948898 7.297935 7.13209125 7.46854075 10.03455 9.83673775 10.2356025 4.244255 4.12504625 4.36587125 "Andr" 9 "Srxn1"
"Srxn1_5.11" 10 "Simu5" 10 10 1.20566380658 1.53086778393631 0.795560022241004 0.374933806186657 9.94254717802648 2.85117400379545 8.56039 8.3918035 8.73206225 11.6718 11.470195 11.876805 5.06193 4.9386885 5.18666075 "Andr" 10 "Srxn1"
"Srxn1_5.12" 11 "Simu5" 10 10 1.19471595359098 1.50856098908528 0.800251047491644 0.360971489168293 10.6804266799951 3.20119031414189 9.70293 9.53533 9.8724105 13.1621 12.9621975 13.3662 5.765155 5.643228 5.88696225 "Andr" 11 "Srxn1"
"Srxn1_5.13" 12 "Simu5" 10 10 1.13905973514891 1.43689213201275 0.779027385035288 0.333313864048792 11.3329162333401 3.45156746017137 10.7554 10.5946975 10.9202075 14.53725 14.341495 14.7369 6.41577 6.299317 6.53227125 "Andr" 12 "Srxn1"
"Srxn1_5.14" 13 "Simu5" 10 10 1.09192405571603 1.37955180178913 0.768757057303095 0.306944349704628 11.6782257722138 3.31307530424878 11.63985 11.487995 11.7972 15.7073 15.519695 15.898405 6.966905 6.85728775 7.07751125 "Andr" 13 "Srxn1"
"Srxn1_5.15" 14 "Simu5" 10 10 0.999024755903816 1.26903280236027 0.671946627882114 0.30260654420491 12.4372159228661 3.82813642627828 12.3558 12.2129975 12.50181 16.67535 16.499595 16.8552 7.424225 7.32109925 7.52799075 "Andr" 14 "Srxn1"
"Srxn1_5.16" 15 "Simu5" 10 10 0.999513577865906 1.26382022864748 0.653963086869008 0.312940656553684 12.8121604506626 3.87320964691332 12.84665 12.713995 12.9823 17.36685 17.2034825 17.53171 7.695675 7.598019 7.79443025 "Andr" 15 "Srxn1"
"Srxn1_5.17" 16 "Simu5" 10 10 0.954042058883334 1.20052073211595 0.644555881891062 0.283287288488053 13.1895264636573 3.951519553397 13.2259 13.1007975 13.3523 17.9103 17.7576 18.0647075 7.878545 7.784006 7.97352075 "Andr" 16 "Srxn1"
"Srxn1_5.18" 17 "Simu5" 10 10 0.949141931296558 1.20406938521475 0.658454884480392 0.274559387412036 13.798936453027 4.16646856205453 13.4507 13.330195 13.5703075 18.2467 18.102995 18.3920075 7.988435 7.89512 8.080741 "Andr" 17 "Srxn1"
"Srxn1_5.19" 18 "Simu5" 10 10 0.89751731717272 1.09175221174373 0.662786236708585 0.217331331699737 14.172274425262 4.49777302608489 13.5739 13.4544975 13.691505 18.45495 18.3143975 18.5951 8.049345 7.9561355 8.14119025 "Andr" 18 "Srxn1"
"Srxn1_5.20" 19 "Simu5" 10 10 0.92447436619097 1.14451976589751 0.648953085629058 0.25239802627117 14.7175923351256 4.70875778489265 13.5775 13.4588975 13.6922 18.4617 18.3246975 18.5979 8.0627 7.968058 8.1546705 "Andr" 19 "Srxn1"
"Srxn1_5.21" 20 "Simu5" 10 10 0.880651766864367 1.065723901384 0.683266561782241 0.191525750054193 15.2710219127611 4.66102497837972 13.5279 13.4111975 13.6418 18.40965 18.2725925 18.5438 8.028875 7.93443875 8.12071125 "Andr" 20 "Srxn1"
"Srxn1_5.22" 21 "Simu5" 10 10 0.849786631974647 1.05157941616168 0.648502326758451 0.20153902578308 15.6830324874693 4.85070358032231 13.4034 13.2872975 13.5160025 18.2391 18.102895 18.3708 7.974705 7.88012675 8.067001 "Andr" 21 "Srxn1"
"Srxn1_5.23" 22 "Simu5" 10 10 0.819218250596616 1.03577180844183 0.629778295484011 0.204350296625215 15.6059616008857 4.75289648060061 13.2279 13.1148 13.3386075 18.006 17.8728 18.136 7.885185 7.79150975 7.97699425 "Andr" 22 "Srxn1"
"Srxn1_5.24" 23 "Simu5" 10 10 0.76436610479086 0.987331280539728 0.557368681351804 0.215425592747193 15.4216411661289 4.81318015900454 13.0172 12.9084 13.1245 17.7266 17.5979 17.853405 7.774695 7.68315875 7.8641845 "Andr" 23 "Srxn1"
"Srxn1_5.25" 24 "Simu5" 10 10 0.715640384426507 0.951191362444972 0.532538243023897 0.21419796672008 15.3803927115952 4.92989551470283 12.7793 12.6743975 12.8821 17.4078 17.283995 17.5289 7.64286 7.55432975 7.72922 "Andr" 24 "Srxn1"
"Srxn1_5.26" 25 "Simu5" 10 10 0.810301277843501 0.9617648317772 0.707240592988989 0.133987967123926 15.8389871533834 3.62172951038043 12.525 12.4249975 12.6234025 17.06545 16.946395 17.1828025 7.50346 7.418667 7.5864225 "Andr" 25 "Srxn1"
"Srxn1_5.27" 26 "Simu5" 10 10 0.837889575707081 1.00560377053774 0.721605233685333 0.148820578394036 15.8665648680854 3.63965270379393 12.2758 12.1797975 12.3696 16.7143 16.6008925 16.8258 7.374765 7.29267975 7.45567425 "Andr" 26 "Srxn1"
"Srxn1_5.28" 27 "Simu5" 10 10 0.804140085863877 0.914576898291316 0.72851014026859 0.097794928775859 15.6606226993136 4.05478699202666 12.0247 11.9325975 12.1144 16.362 16.2525975 16.470005 7.24279 7.16336925 7.32191025 "Andr" 27 "Srxn1"
"Srxn1_5.29" 28 "Simu5" 10 10 0.765793593918382 0.889397629490052 0.677668343732974 0.110233301552498 15.4971354051443 4.34171278241335 11.77005 11.6815975 11.8564 16.0014 15.8951 16.1060025 7.108325 7.03093925 7.18480375 "Andr" 28 "Srxn1"
"Srxn1_5.30" 29 "Simu5" 10 10 0.741403660759209 0.83201812101412 0.684928864778565 0.0792650606039759 14.8554644294631 3.77716323337896 11.5147 11.4277975 11.5992 15.6415 15.5351975 15.745705 6.970715 6.8960795 7.045342 "Andr" 29 "Srxn1"
"Srxn1_5.31" 30 "Simu5" 10 10 0.674060653653365 0.761328682907758 0.607719744975832 0.0789137803863962 14.5532396769181 3.44420640908326 11.26105 11.1757 11.3451025 15.2836 15.1775 15.3881 6.83401 6.7616485 6.90733075 "Andr" 30 "Srxn1"
"Srxn1_5.32" 31 "Simu5" 10 10 0.632410468993675 0.701071404838823 0.597944235783789 0.0594622696805456 14.1786889013385 3.30716318789676 11.0107 10.9251975 11.0958 14.9305 14.8225975 15.0379 6.69675 6.62620725 6.7678805 "Andr" 31 "Srxn1"
"Srxn1_5.33" 32 "Simu5" 10 10 0.607349577833458 0.695491088679252 0.535235876379002 0.0813209768310936 13.3799374485036 3.23464500741472 10.7643 10.6779975 10.8494 14.5828 14.471595 14.6941 6.562165 6.49240625 6.6317455 "Andr" 32 "Srxn1"
"Srxn1_5.34" 33 "Simu5" 10 10 0.582934334056937 0.665308173538599 0.498638083190299 0.0833516736684238 12.874107085118 3.3141637241981 10.52305 10.4342 10.6104025 14.2429 14.1268975 14.3598025 6.429385 6.35997975 6.4983825 "Andr" 33 "Srxn1"
"Srxn1_5.35" 34 "Simu5" 10 10 0.546526448086168 0.622545943049428 0.462684108752503 0.0802175117211143 12.0726283351954 3.05921058292268 10.2868 10.1955 10.3792 13.9106 13.79 14.0353 6.29901 6.23009775 6.36837225 "Andr" 34 "Srxn1"
"Srxn1_5.36" 35 "Simu5" 10 10 0.533604472935615 0.59400335892476 0.469453853407762 0.0623594536501183 11.2362156407576 2.65158365180317 10.0563 9.961808 10.1525025 13.5863 13.459695 13.7183175 6.171785 6.10236 6.24072275 "Andr" 35 "Srxn1"
"Srxn1_5.37" 36 "Simu5" 10 10 0.498787699670409 0.572136405265736 0.461944237479357 0.0635220674834296 10.62784124051 2.76351610672705 9.83107 9.73260875 9.93275375 13.2695 13.1368975 13.4106025 6.047645 5.9774785 6.11734175 "Andr" 36 "Srxn1"
"Srxn1_5.38" 37 "Simu5" 10 10 0.471633370712307 0.536702144500416 0.419461543018287 0.059674852935623 9.89409975161347 2.74144796803223 9.61168 9.51007925 9.71823025 12.9609 12.823095 13.11011 5.926295 5.85526875 5.99675175 "Andr" 37 "Srxn1"
"Srxn1_5.39" 38 "Simu5" 10 10 0.439601507021173 0.483939949472071 0.385133912156138 0.0501757715335901 9.06947688140387 2.60368949105093 9.397695 9.2914895 9.50998025 12.6598 12.51529 12.816805 5.807975 5.7358695 5.88094 "Andr" 38 "Srxn1"
"Srxn1_5.40" 39 "Simu5" 10 10 0.421609859362779 0.473005988674023 0.380649369731915 0.0470543642742995 8.58431244226365 2.5910329136039 9.188885 9.07886975 9.30576075 12.3664 12.2151875 12.5322075 5.692795 5.61954875 5.7670235 "Andr" 39 "Srxn1"
"Srxn1_5.41" 40 "Simu5" 10 10 0.390595140343071 0.434120293739181 0.355446718845963 0.0400001259323087 7.99014965333103 2.42103820661582 8.985745 8.87172575 9.107454 12.0808 11.922895 12.2540025 5.58066 5.50630975 5.656372 "Andr" 40 "Srxn1"
"Srxn1_5.42" 41 "Simu5" 10 10 0.366667769307052 0.418930713475762 0.314171039362603 0.0523802283492114 7.4138367488228 2.20843827927124 8.788165 8.6693485 8.9151705 11.80235 11.6382 11.982605 5.471285 5.39533725 5.5486205 "Andr" 41 "Srxn1"
"Srxn1_5.43" 42 "Simu5" 10 10 0.345239055177982 0.407243267816896 0.270406072465705 0.0693147712547005 6.72851646260604 2.24231474849445 8.59525 8.4729685 8.72651075 11.5312 11.3615 11.7189 5.36466 5.286398 5.4439705 "Andr" 42 "Srxn1"
"Srxn1_5.44" 43 "Simu5" 10 10 0.321093232812099 0.364896648326048 0.252936593765745 0.0598211758209497 6.28214608506087 2.15649885090044 8.4073 8.28191675 8.5432605 11.2673 11.092795 11.460805 5.26063 5.1809825 5.34244575 "Andr" 43 "Srxn1"
"Srxn1_5.45" 44 "Simu5" 10 10 0.303373899906709 0.352810707949083 0.235883683391415 0.0605179844021175 5.73625232738046 1.97260053303976 8.224345 8.09521925 8.36423525 11.0096 10.8299 11.2094025 5.15949 5.0774655 5.243181 "Andr" 44 "Srxn1"
"Srxn1_5.46" 45 "Simu5" 10 10 0.298635095757909 0.361163564674364 0.20716604153848 0.0809751652746433 5.26188536713395 1.89993770933797 8.045765 7.9133855 8.19085575 10.7589 10.5746 10.9646075 5.06085 4.97693525 5.146904 "Andr" 45 "Srxn1"
"Srxn1_5.47" 46 "Simu5" 10 10 0.28486862338035 0.341262176743133 0.202676267114017 0.0728058875392266 4.80432533074317 1.8095975851779 7.871995 7.7364695 8.021246 10.5148 10.3256925 10.726305 4.96489 4.87888875 5.05321225 "Andr" 46 "Srxn1"
"Srxn1_5.48" 47 "Simu5" 10 10 0.272800006109561 0.331613671330185 0.171718362348161 0.0879293123256229 4.40307277754698 1.75150937326667 7.703015 7.56437875 7.85637375 10.2771 10.0834925 10.493505 4.871335 4.783869 4.96162125 "Andr" 47 "Srxn1"
"Srxn1_5.49" 48 "Simu5" 10 10 0.262054394741724 0.296388937072164 0.20891555373223 0.0466701128651092 4.00502219327409 1.61139482096046 7.538305 7.39645875 7.6948965 10.0454 9.84765775 10.2670075 4.78016 4.69097 4.8723145 "Andr" 48 "Srxn1"
"Srxn1_6.1" 0 "Simu6" 31.62 31.62 0 0 0 0 0 0 0 0 0 0 0 0 0 0 0 "Andr" 0 "Srxn1"
"Srxn1_6.2" 1 "Simu6" 31.62 31.62 0.261837599907355 0.351545657648717 0.129168518329817 0.117248177809737 0.0153443658813965 0.017949213756775 0.03540175 0.032048215 0.0388876375 0.03540175 0.032048215 0.0388876375 0.03540175 0.032048215 0.0388876375 "Andr" 1 "Srxn1"
"Srxn1_6.3" 2 "Simu6" 31.62 31.62 1.18220039160769 1.42223229817636 0.89683744125866 0.265614601568807 0.0279551152869574 0.0242291838023595 0.08902935 0.0824665625 0.095609645 0.1039255 0.0972888525 0.11049505 0.07461065 0.0680534475 0.08139004 "Andr" 2 "Srxn1"
"Srxn1_6.4" 3 "Simu6" 31.62 31.62 1.48108766470572 1.76778570425119 1.10243942341588 0.342070969326495 0.123833389283216 0.0789943769954892 0.610673 0.590424875 0.630459 0.8042485 0.779163625 0.829347975 0.4105375 0.395927825 0.4248925 "Andr" 3 "Srxn1"
"Srxn1_6.5" 4 "Simu6" 31.62 31.62 1.62661119520033 1.84800235726456 1.28753717888493 0.298189947319748 0.739815133879149 0.61501607271269 1.592285 1.53927 1.64913275 2.07733 2.01290975 2.1470005 1.03936 1.0014295 1.07910075 "Andr" 4 "Srxn1"
"Srxn1_6.6" 5 "Simu6" 31.62 31.62 1.83965622246226 2.14821940434194 1.45841555684083 0.350597845813555 2.76540316860662 0.89410277163216 2.96743 2.87176825 3.07181025 3.70478 3.59284475 3.82595225 2.038555 1.96490925 2.11803025 "Andr" 5 "Srxn1"
"Srxn1_6.7" 6 "Simu6" 31.62 31.62 1.98361412062525 2.22513387863511 1.59571353080876 0.339283074297499 5.17267880891852 1.21318977897466 4.80725 4.6672385 4.95573125 5.927215 5.76752825 6.09540025 3.41515 3.3027085 3.53637075 "Andr" 6 "Srxn1"
"Srxn1_6.8" 7 "Simu6" 31.62 31.62 2.1212942614701 2.38090992215192 1.67739051459256 0.386272524570964 7.8429444454469 1.66807898460704 6.95999 6.78667775 7.141133 8.37249 8.1798795 8.57457025 5.08969 4.94574575 5.2400545 "Andr" 7 "Srxn1"
"Srxn1_6.9" 8 "Simu6" 31.62 31.62 2.14619626065818 2.39570375212657 1.70000442392317 0.387315036592161 10.3491982918231 2.00714696708211 9.33668 9.143831 9.53492125 11.0631 10.850095 11.2792075 6.921255 6.75754375 7.09048525 "Andr" 8 "Srxn1"
"Srxn1_6.10" 9 "Simu6" 31.62 31.62 2.11122391821913 2.3288976300384 1.71437009061905 0.344223996250433 12.7642949880177 2.47806863960544 11.7253 11.5215975 11.930815 13.74095 13.5179 13.9678 8.77656 8.60356675 8.9529225 "Andr" 9 "Srxn1"
"Srxn1_6.11" 10 "Simu6" 31.62 31.62 2.1147141047888 2.29887755485572 1.74806226181843 0.317530914903256 14.6788952535303 2.75943084803342 14.0088 13.8016 14.220305 16.2638 16.0368 16.4969 10.60685 10.4303925 10.7872 "Andr" 10 "Srxn1"
"Srxn1_6.12" 11 "Simu6" 31.62 31.62 2.03671793139059 2.2607650541878 1.73016509157172 0.274753480574844 16.6050193343929 3.63035785372522 16.2183 16.01029 16.43211 18.6619 18.4314975 18.897705 12.4141 12.2372975 12.5943075 "Andr" 11 "Srxn1"
"Srxn1_6.13" 12 "Simu6" 31.62 31.62 2.01965154557728 2.162143225131 1.81433383224334 0.182217387577686 17.704230512935 3.73742839786863 18.217 18.010695 18.4295025 20.8981 20.6667975 21.1343075 14.1019 13.9282 14.2774025 "Andr" 12 "Srxn1"
"Srxn1_6.14" 13 "Simu6" 31.62 31.62 1.94265036921562 2.08074780890949 1.71513285832355 0.19853346033555 18.7657404069003 4.04441797084517 20.0612 19.8583875 20.2686025 22.8621 22.632895 23.0955 15.779 15.6131975 15.9491075 "Andr" 13 "Srxn1"
"Srxn1_6.15" 14 "Simu6" 31.62 31.62 1.89208017470942 2.06134063284654 1.65383980098427 0.212327349999967 19.9114668363719 4.62046015298791 21.6433 21.4446925 21.842605 24.5531 24.329295 24.7792025 17.1745 17.0136 17.336605 "Andr" 14 "Srxn1"
"Srxn1_6.16" 15 "Simu6" 31.62 31.62 1.89568749685734 2.01529630619245 1.70189263661607 0.169360983221559 20.3709068233562 4.32333225745155 22.9764 22.7867 23.16671 26.02725 25.81149 26.242005 18.3235 18.1706975 18.47981 "Andr" 15 "Srxn1"
"Srxn1_6.17" 16 "Simu6" 31.62 31.62 1.89329730103998 2.06374542543004 1.73924241673875 0.16287143519624 21.2544163952942 4.63902263343589 24.1142 23.9318975 24.2987025 27.2313 27.0254925 27.4387025 19.3482 19.195095 19.5001025 "Andr" 16 "Srxn1"
"Srxn1_6.18" 17 "Simu6" 31.62 31.62 1.88650643715047 2.00169055066551 1.70352053359295 0.160231556879371 21.780308099295 4.36863271857293 25.033 24.8495 25.2143 28.2666 28.066395 28.468415 20.21585 20.0577 20.3752025 "Andr" 17 "Srxn1"
"Srxn1_6.19" 18 "Simu6" 31.62 31.62 1.82767204859877 1.99269176252831 1.67877933696824 0.157576371587291 22.1115291496035 4.87510175374044 25.72495 25.5363975 25.9127 28.9967 28.7937975 29.2006025 20.8469 20.672695 21.0158 "Andr" 18 "Srxn1"
"Srxn1_6.20" 19 "Simu6" 31.62 31.62 1.83202385186902 2.0347774582654 1.62817649872434 0.203302686372781 22.4876979506514 4.5037349847167 26.1494 25.9471975 26.34811 29.4897 29.276695 29.7020025 21.26325 21.0645 21.4508025 "Andr" 19 "Srxn1"
"Srxn1_6.21" 20 "Simu6" 31.62 31.62 1.84602618473639 1.96754280959114 1.75121075206092 0.110610148841149 23.1803243137737 5.5190059949679 26.3844 26.1619975 26.598105 29.80485 29.57039 30.0346025 21.4669 21.2485 21.6736 "Andr" 20 "Srxn1"
"Srxn1_6.22" 21 "Simu6" 31.62 31.62 1.82784167666662 1.89688272757105 1.72528249310291 0.0905773648882754 23.0283522221164 5.25909069637122 26.45635 26.2131975 26.6905 29.87305 29.616495 30.1185125 21.6034 21.3601975 21.83371 "Andr" 21 "Srxn1"
"Srxn1_6.23" 22 "Simu6" 31.62 31.62 1.81435966101161 1.92297425971191 1.70086479474111 0.111135126607526 23.356062536662 4.99302864778966 26.3707 26.110895 26.619005 29.7363 29.4660925 29.99601 21.58635 21.3246 21.835015 "Andr" 22 "Srxn1"
"Srxn1_6.24" 23 "Simu6" 31.62 31.62 1.7875562654213 1.88127624549496 1.63510923157476 0.133177324718696 23.3398681868878 4.97202490892872 26.1584 25.8867825 26.4190025 29.48565 29.20399 29.7584075 21.44935 21.1765725 21.71301 "Andr" 23 "Srxn1"
"Srxn1_6.25" 24 "Simu6" 31.62 31.62 1.79051879411795 1.94187869809544 1.59032887263627 0.180790204110144 23.3574605932077 4.63545342684319 25.8425 25.5668975 26.1104025 29.11665 28.8302925 29.39481 21.2051 20.9266925 21.4758025 "Andr" 24 "Srxn1"
"Srxn1_6.26" 25 "Simu6" 31.62 31.62 1.89659521666421 1.90719338467405 1.87838762916221 0.015838886842443 24.5622751762256 2.6732435317844 25.4581 25.1823925 25.7297125 28.68945 28.4024975 28.969705 20.8911 20.6121 21.1616075 "Andr" 25 "Srxn1"
"Srxn1_6.27" 26 "Simu6" 31.62 31.62 1.935777364734 2.09183363619361 1.78831698142135 0.151940800645555 24.1537397166337 3.30531543765621 25.0464 24.7731875 25.31492 28.1961 27.9130975 28.4731025 20.5929 20.313795 20.8652025 "Andr" 26 "Srxn1"
"Srxn1_6.28" 27 "Simu6" 31.62 31.62 1.8349736177426 1.95259406091327 1.70419386511956 0.124721850076625 24.3035640209592 2.77312525913501 24.5993 24.3298975 24.8637025 27.6943 27.4158975 27.969725 20.23765 19.962265 20.503 "Andr" 27 "Srxn1"
"Srxn1_6.29" 28 "Simu6" 31.62 31.62 1.81228238646421 1.96674688003429 1.67262122560497 0.14762055799542 24.3217913272296 3.29941172984819 24.1099 23.848395 24.3664025 27.13905 26.8703975 27.4056225 19.84555 19.57859 20.10253 "Andr" 28 "Srxn1"
"Srxn1_6.30" 29 "Simu6" 31.62 31.62 1.83194311679373 1.91128560026497 1.77217311499346 0.0715917761944369 24.0538035625217 3.01271507025023 23.6015 23.3521875 23.847505 26.5674 26.3078975 26.8237025 19.4359 19.180395 19.6836425 "Andr" 29 "Srxn1"
"Srxn1_6.31" 30 "Simu6" 31.62 31.62 1.80055798957153 1.84675994038367 1.7472692340138 0.0501225225285017 23.9328112166523 3.42243423786911 23.08715 22.8481925 23.3222 25.9817 25.7335975 26.2283025 19.02485 18.7815 19.2646025 "Andr" 30 "Srxn1"
"Srxn1_6.32" 31 "Simu6" 31.62 31.62 1.79803507762043 1.83677982106751 1.76206943953793 0.0374326441364304 23.8662371796668 3.66256177562013 22.56815 22.340795 22.7931 25.3897 25.1517975 25.6226025 18.6092 18.3776875 18.8384125 "Andr" 31 "Srxn1"
"Srxn1_6.33" 32 "Simu6" 31.62 31.62 1.7889465620744 1.80969234149906 1.75076441567629 0.0331080848187921 23.7158213240029 3.6656504111554 22.0519 21.8356875 22.263605 24.80075 24.5708975 25.022205 18.1949 17.972785 18.4098025 "Andr" 32 "Srxn1"
"Srxn1_6.34" 33 "Simu6" 31.62 31.62 1.73197252019518 1.79105239170162 1.68703669933995 0.053430858976692 23.1805440447611 3.12460530386352 21.5384 21.3300975 21.7404025 24.2177 23.9949975 24.4299025 17.7809 17.5701925 17.9840025 "Andr" 33 "Srxn1"
"Srxn1_6.35" 34 "Simu6" 31.62 31.62 1.73138898778311 1.74782511893636 1.71391979432835 0.0169762531932886 22.8649356541897 3.43044404431884 21.0318 20.8300925 21.225105 23.64185 23.4248 23.8495 17.37075 17.1695975 17.5634125 "Andr" 34 "Srxn1"
"Srxn1_6.36" 35 "Simu6" 31.62 31.62 1.63372678610784 1.67858415792995 1.5643956499287 0.0609013768008666 22.5541811303543 3.44214983301988 20.5333 20.3364975 20.7218 23.0751 22.8626975 23.2771025 16.9671 16.776795 17.150005 "Andr" 35 "Srxn1"
"Srxn1_6.37" 36 "Simu6" 31.62 31.62 1.6152840585522 1.6510217987137 1.55348868549927 0.0537347859142722 21.5827575487097 3.49681193972308 20.0431 19.851 20.2266 22.5198 22.3105925 22.7211 16.5692 16.388395 16.7448125 "Andr" 36 "Srxn1"
"Srxn1_6.38" 37 "Simu6" 31.62 31.62 1.55455489739093 1.60922096023034 1.45983101799778 0.0823578181495342 21.0449812155167 3.55795890773895 19.56365 19.3747925 19.74521 21.97635 21.7669975 22.1805025 16.1801 16.0042925 16.3497 "Andr" 37 "Srxn1"
"Srxn1_6.39" 38 "Simu6" 31.62 31.62 1.48341173402444 1.52883334142408 1.39494416823488 0.0766243667158344 20.435034185804 3.28024291788505 19.0955 18.9061925 19.2778 21.4456 21.234495 21.6516 15.7985 15.6268925 15.9638025 "Andr" 38 "Srxn1"
"Srxn1_6.40" 39 "Simu6" 31.62 31.62 1.45151889350041 1.51649217471135 1.34871224281252 0.0900613639219344 19.839826806026 3.35617115402849 18.6377 18.4472 18.822705 20.9267 20.713295 21.136505 15.4257 15.2588 15.5862025 "Andr" 39 "Srxn1"
"Srxn1_6.41" 40 "Simu6" 31.62 31.62 1.38197183173492 1.43409739862832 1.34831550940796 0.0457762807105885 19.4092266713703 2.98542557379188 18.1903 18.0011875 18.3783025 20.42045 20.2038975 20.6392 15.0623 14.8989 15.22 "Andr" 40 "Srxn1"
"Srxn1_6.42" 41 "Simu6" 31.62 31.62 1.35543991062823 1.40039062901216 1.27165816479858 0.0726216107986629 18.5246005506592 2.97708339296949 17.75475 17.5616925 17.948305 19.9269 19.70459 20.152515 14.70855 14.5448975 14.865305 "Andr" 41 "Srxn1"
"Srxn1_6.43" 42 "Simu6" 31.62 31.62 1.28665021715561 1.37042821624802 1.17646344982563 0.0996426110315839 17.61347216818 3.01257889851728 17.3298 17.1341975 17.5310075 19.4456 19.217195 19.6808 14.3632 14.1992 14.520905 "Andr" 42 "Srxn1"
"Srxn1_6.44" 43 "Simu6" 31.62 31.62 1.2546047793161 1.32046765661289 1.12440925287292 0.112755229275232 17.2089139019767 3.48930493758229 16.91525 16.7131975 17.1230025 18.97565 18.74038 19.222005 14.0255 13.862295 14.1869 "Andr" 43 "Srxn1"
"Srxn1_6.45" 44 "Simu6" 31.62 31.62 1.22788967123573 1.308242891745 1.07148910414232 0.135463973727041 16.2792829947016 3.29135352306389 16.5112 16.3034875 16.726805 18.51805 18.276195 18.7743075 13.69695 13.5318925 13.8599225 "Andr" 44 "Srxn1"
"Srxn1_6.46" 45 "Simu6" 31.62 31.62 1.15465716981317 1.21165938578279 1.05777100266041 0.0843413053402039 15.5022190604482 2.78372086813875 16.1181 15.9029925 16.3423075 18.07275 17.82268 18.339 13.37665 13.209095 13.5445025 "Andr" 45 "Srxn1"
"Srxn1_6.47" 46 "Simu6" 31.62 31.62 1.13338430189416 1.18776718961632 1.04877113422385 0.0742655924568994 14.7808704267057 2.93640753543892 15.73485 15.5146 15.967305 17.63875 17.3809975 17.9159025 13.0645 12.8943925 13.238405 "Andr" 46 "Srxn1"
"Srxn1_6.48" 47 "Simu6" 31.62 31.62 1.09062204136709 1.14615079470145 1.00738802318098 0.0734129618350144 14.1263247013155 2.82467139685878 15.3611 15.1346975 15.602705 17.21605 16.9513 17.502905 12.7609 12.5874925 12.9399025 "Andr" 47 "Srxn1"
"Srxn1_6.49" 48 "Simu6" 31.62 31.62 1.05005335180744 1.17617532025401 0.934915364998295 0.121004451950977 13.3517714206887 2.70514465264965 14.99755 14.765195 15.2474025 16.8049 16.533195 17.1013 12.4645 12.286595 12.6492 "Andr" 48 "Srxn1"
