"time" "Simulation" "dose1" "dose2" "Nrf2_observed" "Nrf2max_observed" "Nrf2min_observed" "Nrf2_SD" "Srxn1_observed" "Srxn1_SD" "medianM" "LCLM" "UCLM" "medianH" "LCLH" "UCLH" "medianL" "LCLL" "UCLL" "Chemical" "Times" "variables"
"Srxn1_1.1" 0 "Simu1" 0.1 0.1 0 0 0 0 0 0 0 0 0 0 0 0 0 0 0 "Andr" 0 "Srxn1"
"Srxn1_1.2" 1 "Simu1" 0.1 0.1 0.0467518865095985 0.140255659528795 0 0.0809766427843186 0.057125329297907 0.0799737453978686 0.03540175 0.032048215 0.0388876375 0.03540175 0.032048215 0.0388876375 0.03540175 0.032048215 0.0388876375 "Andr" 1 "Srxn1"
"Srxn1_1.3" 2 "Simu1" 0.1 0.1 0.0280137628947674 0.0840412886843023 0 0.048521260644925 0.0549096213179702 0.0784140422352227 0.07051585 0.063917475 0.077359465 0.07544285 0.06888943 0.0822183975 0.069883 0.0632667025 0.0767427925 "Andr" 2 "Srxn1"
"Srxn1_1.4" 3 "Simu1" 0.1 0.1 0.0348216583734888 0.104464975120466 0 0.0603128815066889 0.0503744628452999 0.0730117670229702 0.1044615 0.0947096875 0.114543125 0.1121975 0.102547825 0.1221442 0.103458 0.093689245 0.11357825 "Andr" 3 "Srxn1"
"Srxn1_1.5" 4 "Simu1" 0.1 0.1 0.0445639460616565 0.121973533890252 0 0.0672942261990634 0.0700634077245035 0.0965505429152337 0.1380905 0.12535385 0.151301125 0.1528955 0.14036765 0.165669575 0.13618 0.1233829 0.1494723 "Andr" 4 "Srxn1"
"Srxn1_1.6" 5 "Simu1" 0.1 0.1 0.0475616863256604 0.13981715279174 0 0.0799084447422631 0.0852120005409782 0.10201920250912 0.172436 0.15688025 0.188575125 0.2018605 0.186760875 0.217176025 0.168035 0.1523107 0.184402575 "Andr" 5 "Srxn1"
"Srxn1_1.7" 6 "Simu1" 0.1 0.1 0.0405094523528767 0.12152835705863 0 0.070164429661973 0.144703059701494 0.137379322957175 0.207802 0.189527 0.226667425 0.265725 0.248380975 0.28369325 0.199071 0.1804873 0.218428 "Andr" 6 "Srxn1"
"Srxn1_1.8" 7 "Simu1" 0.1 0.1 0.0388007912125026 0.116402373637508 0 0.0672049417539266 0.208344461257336 0.165308474872248 0.2425755 0.22167775 0.264051125 0.3306155 0.31061145 0.35128735 0.229325 0.208002275 0.251508725 "Andr" 7 "Srxn1"
"Srxn1_1.9" 8 "Simu1" 0.1 0.1 0.0550745025076229 0.165223507522869 0 0.0953918365447824 0.266145407913785 0.188414647994321 0.2774125 0.254117975 0.301423675 0.399595 0.376846675 0.423406075 0.258777 0.234803325 0.283721275 "Andr" 8 "Srxn1"
"Srxn1_1.10" 9 "Simu1" 0.1 0.1 0.0611906776656453 0.143924365645379 0 0.0743413191075518 0.492676142576145 0.469793439906983 0.318384 0.29259085 0.344772375 0.5106825 0.48459545 0.5377981 0.2874955 0.260932675 0.31510955 "Andr" 9 "Srxn1"
"Srxn1_1.11" 10 "Simu1" 0.1 0.1 0.0377026292168918 0.113107887650675 0 0.0653028693825874 0.420227069068308 0.408203119424691 0.361246 0.332960325 0.390164475 0.6028935 0.573948075 0.63288445 0.315418 0.28638905 0.345619 "Andr" 10 "Srxn1"
"Srxn1_1.12" 11 "Simu1" 0.1 0.1 0.0444415097177343 0.133324529153203 0 0.0769749527961817 0.422682011761808 0.44290682894227 0.393264 0.36253485 0.42461245 0.666014 0.6348269 0.698319 0.342605 0.311191175 0.375279575 "Andr" 11 "Srxn1"
"Srxn1_1.13" 12 "Simu1" 0.1 0.1 0.0374040601579112 0.112212180473733 0 0.0647857326028649 0.408454171467982 0.416573559588833 0.4250865 0.391944975 0.45889915 0.73417 0.700438525 0.768772325 0.3691175 0.335336425 0.404243 "Andr" 12 "Srxn1"
"Srxn1_1.14" 13 "Simu1" 0.1 0.1 0.0389778920329359 0.116933676098808 0 0.0675116893729791 0.439369835627194 0.436281120820133 0.4532715 0.41784185 0.48944665 0.7811265 0.74519975 0.81805195 0.3949165 0.35889815 0.432363275 "Andr" 13 "Srxn1"
"Srxn1_1.15" 14 "Simu1" 0.1 0.1 0.0387380314140504 0.116214094242151 0 0.0670962385943346 0.45654673405584 0.429206277627319 0.480137 0.4425103 0.51858315 0.822714 0.784239325 0.8619896 0.420043 0.381903675 0.459660175 "Andr" 14 "Srxn1"
"Srxn1_1.16" 15 "Simu1" 0.1 0.1 0.0450020044023822 0.135006013207147 0 0.0779457580673643 0.450474927138954 0.407814946308965 0.505572 0.465769975 0.546274125 0.8570755 0.81664485 0.8986761 0.444553 0.404281 0.486296275 "Andr" 15 "Srxn1"
"Srxn1_1.17" 16 "Simu1" 0.1 0.1 0.0364553192446088 0.109365957733826 0 0.0631424651378059 0.412250881099715 0.376220762501185 0.5303635 0.48843365 0.573227325 0.89113 0.848384625 0.934921 0.4684105 0.42609715 0.512250175 "Andr" 16 "Srxn1"
"Srxn1_1.18" 17 "Simu1" 0.1 0.1 0.0367558747163261 0.110267624148978 0 0.063663042485313 0.412517250248071 0.335255710189173 0.5531185 0.509199925 0.598112475 0.9140095 0.869141875 0.9594974 0.491622 0.4473131 0.537489125 "Andr" 17 "Srxn1"
"Srxn1_1.19" 18 "Simu1" 0.1 0.1 0.0332190321740533 0.09965709652216 0 0.0575370515037256 0.470686812523232 0.31656605854171 0.575059 0.529233375 0.622086325 0.9338375 0.8869758 0.981069825 0.514222 0.468128775 0.56202615 "Andr" 18 "Srxn1"
"Srxn1_1.20" 19 "Simu1" 0.1 0.1 0.0379881444461084 0.113964433338325 0 0.0657973962659251 0.471952640720143 0.326368412100945 0.59609 0.54838185 0.644918175 0.950035 0.9015305 0.9987831 0.536272 0.48836435 0.5859224 "Andr" 19 "Srxn1"
"Srxn1_1.21" 20 "Simu1" 0.1 0.1 0.0368525934161426 0.110557780248428 0 0.0638305641874372 0.44603355415445 0.300392804747085 0.616549 0.56701605 0.66716635 0.965614 0.915614725 1.01584175 0.557731 0.508004875 0.60921425 "Andr" 20 "Srxn1"
"Srxn1_1.22" 21 "Simu1" 0.1 0.1 0.0372200029897548 0.111660008969264 0 0.0644669362361208 0.41324659271621 0.258548271963512 0.6362885 0.5851275 0.68872315 0.979441 0.927836375 1.03115 0.5786125 0.527208 0.632004325 "Andr" 21 "Srxn1"
"Srxn1_1.23" 22 "Simu1" 0.1 0.1 0.0399368917074244 0.119810675122273 0 0.0691727255336352 0.419891514332086 0.295590254235072 0.655476 0.602656825 0.70953595 0.9919545 0.938769375 1.04529025 0.599003 0.54602015 0.654101025 "Andr" 22 "Srxn1"
"Srxn1_1.24" 23 "Simu1" 0.1 0.1 0.0395320151346599 0.11859604540398 0 0.0684714587388127 0.443482013048592 0.318625679718674 0.6741045 0.6196178 0.729773325 1.00383 0.949442725 1.05842025 0.61888 0.56411975 0.675593625 "Andr" 23 "Srxn1"
"Srxn1_1.25" 24 "Simu1" 0.1 0.1 0.040186173623527 0.120558520870581 0 0.0696044944777331 0.428921721627147 0.289520950486815 0.692181 0.636043875 0.7494679 1.014915 0.95886565 1.07077225 0.638203 0.581744525 0.696514725 "Andr" 24 "Srxn1"
"Srxn1_1.26" 25 "Simu1" 0.1 0.1 0.0332192814535763 0.099657844360729 0 0.0575374832685247 0.396488215264983 0.267634976111507 0.7096915 0.65214245 0.768803925 1.02523 0.968062725 1.08268225 0.6570345 0.5990069 0.716875875 "Andr" 25 "Srxn1"
"Srxn1_1.27" 26 "Simu1" 0.1 0.1 0.0363243159343501 0.10897294780305 0 0.0629155607484781 0.314787160478213 0.244086201619895 0.7266765 0.66767065 0.7873452 1.03466 0.97635095 1.0934805 0.6753115 0.615749925 0.736696 "Andr" 26 "Srxn1"
"Srxn1_1.28" 27 "Simu1" 0.1 0.1 0.033163299753427 0.0994898992602811 0 0.057440520119572 0.241387155027867 0.11802733400089 0.743312 0.682750575 0.80551725 1.04377 0.984252275 1.1040505 0.693182 0.632101 0.75600015 "Andr" 27 "Srxn1"
"Srxn1_1.29" 28 "Simu1" 0.1 0.1 0.0333597532162006 0.100079259648602 0 0.0577807874984187 0.300061838305534 0.23134211404953 0.759453 0.6975447 0.822995975 1.05241 0.99158895 1.113651 0.710557 0.64799225 0.77477385 "Andr" 28 "Srxn1"
"Srxn1_1.30" 29 "Simu1" 0.1 0.1 0.0324568620988265 0.0973705862964794 0 0.0562169342094241 0.237936346787847 0.136913652141828 0.7751935 0.712008575 0.84028825 1.060695 0.998692125 1.12306325 0.727457 0.663744825 0.7931792 "Andr" 29 "Srxn1"
"Srxn1_1.31" 30 "Simu1" 0.1 0.1 0.0270095381640135 0.0810286144920405 0 0.046781892389042 0.189670763087937 0.117659502485944 0.7905005 0.72586765 0.8567206 1.068785 1.0055595 1.1327105 0.7439835 0.67891055 0.8108493 "Andr" 30 "Srxn1"
"Srxn1_1.32" 31 "Simu1" 0.1 0.1 0.0337951962252551 0.101385588675765 0 0.0585349969139018 0.228773476179088 0.16834682479345 0.805336 0.739480225 0.87278865 1.076585 1.01204925 1.1416065 0.760052 0.6938625 0.8283678 "Andr" 31 "Srxn1"
"Srxn1_1.33" 32 "Simu1" 0.1 0.1 0.0296969471263172 0.0890908413789515 0 0.0514366212524679 0.253327424691975 0.191183367185403 0.819891 0.752791175 0.888553 1.08413 1.018537 1.15048325 0.77574 0.708134725 0.84531625 "Andr" 32 "Srxn1"
"Srxn1_2.1" 0 "Simu2" 0.32 0.32 0 0 0 0 0 0 0 0 0 0 0 0 0 0 0 "Andr" 0 "Srxn1"
"Srxn1_2.2" 1 "Simu2" 0.32 0.32 0.13715230770434 0.369848408200736 0 0.20259176567169 0 0 0.03540175 0.032048215 0.0388876375 0.03540175 0.032048215 0.0388876375 0.03540175 0.032048215 0.0388876375 "Andr" 1 "Srxn1"
"Srxn1_2.3" 2 "Simu2" 0.32 0.32 0.136008293931616 0.350733895378558 0 0.188151208390222 0 0 0.0752061 0.068653465 0.0819793025 0.107382 0.100703925 0.11395005 0.069883 0.0632667025 0.0767427925 "Andr" 2 "Srxn1"
"Srxn1_2.4" 3 "Simu2" 0.32 0.32 0.1833554418654 0.4406877556798 0.0143101442311029 0.226484910768164 0 0 0.117247 0.1076797 0.127013125 0.1938795 0.1837199 0.20350035 0.103458 0.093689245 0.11357825 "Andr" 3 "Srxn1"
"Srxn1_2.5" 4 "Simu2" 0.32 0.32 0.2150829515986 0.411342595625963 0.105881167500824 0.1703260821181 0.00828953338419895 0.014357892992471 0.1740775 0.161863975 0.186419025 0.350081 0.334506825 0.365294225 0.1363395 0.12354375 0.149631425 "Andr" 4 "Srxn1"
"Srxn1_2.6" 5 "Simu2" 0.32 0.32 0.218243273884566 0.421093286369637 0.0983088305372479 0.17664567624437 0.0726457410310782 0.0560832749113563 0.2555625 0.2405507 0.270829125 0.5373415 0.513703725 0.561657325 0.1815725 0.1662883 0.1973306 "Andr" 5 "Srxn1"
"Srxn1_2.7" 6 "Simu2" 0.32 0.32 0.208258971258607 0.404965625140144 0.0999275620157221 0.170644932205387 0.277987142850369 0.076990149046195 0.359017 0.3402979 0.3782311 0.785794 0.7509549 0.823618475 0.2296665 0.21193495 0.24790645 "Andr" 6 "Srxn1"
"Srxn1_2.8" 7 "Simu2" 0.32 0.32 0.203105532220741 0.39921114024836 0.0951040706899597 0.170123581291077 0.492508330817325 0.158777641792358 0.4771265 0.45371555 0.50178705 1.06916 1.02078 1.12046 0.284627 0.26446945 0.3051706 "Andr" 7 "Srxn1"
"Srxn1_2.9" 8 "Simu2" 0.32 0.32 0.191900023355583 0.385111507240051 0.0774896602009954 0.168270653012176 0.661294903885325 0.183736519941626 0.6082225 0.579970925 0.63848405 1.38077 1.32141875 1.44332175 0.342249 0.319791975 0.3655407 "Andr" 8 "Srxn1"
"Srxn1_2.10" 9 "Simu2" 0.32 0.32 0.227652546612993 0.435822121576751 0.1019884630219 0.181567053663414 0.919340486601227 0.329346812986291 0.7375645 0.705475775 0.772110775 1.69118 1.624978 1.760483 0.392224 0.367297025 0.418031175 "Andr" 9 "Srxn1"
"Srxn1_2.11" 10 "Simu2" 0.32 0.32 0.178654058542941 0.334187472620461 0.0865994971140551 0.135451559437425 0.930953442757749 0.351807102813421 0.8993955 0.864034875 0.937106475 2.056005 1.98621875 2.12799125 0.456559 0.42916495 0.485054025 "Andr" 10 "Srxn1"
"Srxn1_2.12" 11 "Simu2" 0.32 0.32 0.180604342376385 0.346133078217308 0.0954933364012968 0.143371295948596 0.936998547848975 0.30036104808714 1.00521 0.96808985 1.04446025 2.2834 2.21398925 2.35542175 0.507594 0.4777619 0.538601675 "Andr" 11 "Srxn1"
"Srxn1_2.13" 12 "Simu2" 0.32 0.32 0.187116639110011 0.343719348015768 0.105457601474639 0.135663482056963 0.955659917982285 0.293517383741967 1.09903 1.06015 1.13950075 2.49561 2.4279485 2.56684 0.5575015 0.52474305 0.59107945 "Andr" 12 "Srxn1"
"Srxn1_2.14" 13 "Simu2" 0.32 0.32 0.193579479665018 0.379809691412895 0.0999190492088351 0.161281016256236 0.940102701023423 0.236251198399335 1.181435 1.14084975 1.2233305 2.671985 2.606339 2.740463 0.605558 0.570299875 0.6413786 "Andr" 13 "Srxn1"
"Srxn1_2.15" 14 "Simu2" 0.32 0.32 0.210280569964884 0.441903756760262 0.0752494223844495 0.201510215023751 0.932367814422925 0.209189649091902 1.252075 1.20958975 1.2957415 2.84356 2.7795485 2.91021 0.645098 0.607093 0.683359425 "Andr" 14 "Srxn1"
"Srxn1_2.16" 15 "Simu2" 0.32 0.32 0.191125379952402 0.423336430762411 0.0591426537049147 0.201726459829417 0.810484446130564 0.0987991722985368 1.315665 1.27090975 1.3612735 3.024785 2.96138975 3.09079075 0.6725745 0.632563925 0.713034125 "Andr" 15 "Srxn1"
"Srxn1_2.17" 16 "Simu2" 0.32 0.32 0.179459555452019 0.396735203359176 0.0460047230643017 0.189795717253383 0.969527291343628 0.190835314194444 1.357075 1.31034825 1.40458 3.149235 3.0845165 3.21573075 0.694813 0.652724325 0.737159 "Andr" 16 "Srxn1"
"Srxn1_2.18" 17 "Simu2" 0.32 0.32 0.167216049837842 0.375632194259994 0.0424214327768241 0.181663900571097 0.968525809529213 0.155676088331589 1.384475 1.33559975 1.433781 3.222165 3.15467775 3.2904925 0.7141405 0.67017515 0.758250925 "Andr" 17 "Srxn1"
"Srxn1_2.19" 18 "Simu2" 0.32 0.32 0.170319821423448 0.380081368069238 0.0605052523645127 0.181725815939262 1.00786285953118 0.139729326199286 1.402235 1.351707 1.4529005 3.25879 3.18923925 3.32752025 0.732147 0.686338575 0.778223775 "Andr" 18 "Srxn1"
"Srxn1_2.20" 19 "Simu2" 0.32 0.32 0.179781287155116 0.384109518423812 0.0448111959875197 0.179968751734109 0.98882435816084 0.162208363059412 1.415595 1.36344925 1.467702 3.276455 3.20479 3.34609075 0.7504795 0.702846475 0.79837465 "Andr" 19 "Srxn1"
"Srxn1_2.21" 20 "Simu2" 0.32 0.32 0.175207057848047 0.363270623185544 0.0669361315555304 0.16348908730165 0.954081634760399 0.159772930413838 1.426185 1.37285 1.47957025 3.278935 3.20614 3.3496215 0.7672225 0.718169825 0.816765475 "Andr" 20 "Srxn1"
"Srxn1_2.22" 21 "Simu2" 0.32 0.32 0.167774539008609 0.353962853378121 0.0542540126546402 0.16253246710506 0.820515479191409 0.160797935005803 1.43301 1.37853725 1.48787125 3.26463 3.19147925 3.33575275 0.783949 0.7330148 0.835486275 "Andr" 21 "Srxn1"
"Srxn1_2.23" 22 "Simu2" 0.32 0.32 0.157585808907238 0.356829762267844 0.0402052985989494 0.173461754371645 0.805556200506791 0.165059574576726 1.43701 1.38154775 1.49307 3.24046 3.16786875 3.3117015 0.7995755 0.74706395 0.852852125 "Andr" 22 "Srxn1"
"Srxn1_2.24" 23 "Simu2" 0.32 0.32 0.140789949656145 0.327432014259932 0.0400147722135193 0.161808558146509 0.786829561180437 0.182624478101048 1.43902 1.3822295 1.49619075 3.211045 3.13880975 3.28177225 0.814444 0.760443475 0.869313675 "Andr" 23 "Srxn1"
"Srxn1_2.25" 24 "Simu2" 0.32 0.32 0.151629101622275 0.347508697476244 0.0377466774374676 0.170384211081697 0.564457431495168 0.199097612314334 1.439345 1.3817265 1.4970545 3.17507 3.1034395 3.2452705 0.82894 0.77335815 0.88528305 "Andr" 24 "Srxn1"
"Srxn1_2.26" 25 "Simu2" 0.32 0.32 0.141872046359309 0.343116592042876 0.0380096189013306 0.17431300576112 0.677879748312176 0.304729782761125 1.439425 1.38073525 1.49767025 3.13814 3.0674995 3.20766025 0.842946 0.7860318 0.90074655 "Andr" 25 "Srxn1"
"Srxn1_2.27" 26 "Simu2" 0.32 0.32 0.139427176243916 0.341830435360856 0.0178042767970574 0.176471917708524 0.731422181368165 0.136556053331912 1.438675 1.37901 1.4978205 3.09948 3.029209 3.16885125 0.856535 0.798118625 0.9157059 "Andr" 26 "Srxn1"
"Srxn1_2.28" 27 "Simu2" 0.32 0.32 0.130825606118067 0.334628251590708 0.0162705282617521 0.176951282122713 0.568623108445606 0.0498755872514303 1.43756 1.37756 1.49747075 3.05986 2.99035975 3.1282905 0.869779 0.809858975 0.93009455 "Andr" 27 "Srxn1"
"Srxn1_2.29" 28 "Simu2" 0.32 0.32 0.126129157244756 0.316667743726597 0.013310489173911 0.165941843007708 0.523032442089172 0.0682140581832576 1.436255 1.37557675 1.49717 3.019545 2.951079 3.0876315 0.882532 0.8213888 0.944681425 "Andr" 28 "Srxn1"
"Srxn1_2.30" 29 "Simu2" 0.32 0.32 0.125734713817677 0.282930634075752 0.0108151993788039 0.140897740637739 0.514954592605337 0.04215187805752 1.43475 1.37315925 1.49664275 2.978955 2.9111285 3.04669025 0.8949945 0.832627 0.95872005 "Andr" 29 "Srxn1"
"Srxn1_2.31" 30 "Simu2" 0.32 0.32 0.116516823464097 0.267615447384845 0.0182524681141882 0.132812156104952 0.462675530111357 0.0553092815404486 1.43314 1.37055925 1.496011 2.93846 2.87115575 3.005245 0.907098 0.843694975 0.97217385 "Andr" 30 "Srxn1"
"Srxn1_2.32" 31 "Simu2" 0.32 0.32 0.122869670344955 0.241646787648494 0.0335592229437069 0.107127597389936 0.390988053564815 0.0954114315485951 1.43152 1.3683775 1.4954205 2.89852 2.831745 2.96553375 0.9189475 0.854311325 0.98550765 "Andr" 31 "Srxn1"
"Srxn1_2.33" 32 "Simu2" 0.32 0.32 0.118322711044187 0.245792995558877 0.0276578859342243 0.113629718358511 0.443351307430087 0.0693656569841261 1.429895 1.3660285 1.4948125 2.859265 2.79281725 2.926022 0.9304485 0.86456345 0.998328025 "Andr" 32 "Srxn1"
"Srxn1_3.1" 0 "Simu3" 1 1 0 0 0 0 0 0 0 0 0 0 0 0 0 0 0 "Andr" 0 "Srxn1"
"Srxn1_3.2" 1 "Simu3" 1 1 0.0599352121175789 0.112922389354349 0 0.0567809201748484 0.00449451269690404 0.00778472434630121 0.03540175 0.032048215 0.0388876375 0.03540175 0.032048215 0.0388876375 0.03540175 0.032048215 0.0388876375 "Andr" 1 "Srxn1"
"Srxn1_3.3" 2 "Simu3" 1 1 0.219552298622846 0.263649888855049 0.188708358713786 0.0391893183169162 0.00683569974006062 0.0118397792550704 0.0709128 0.0643117525 0.07774001 0.07352005 0.0669440525 0.080299235 0.069883 0.0632667025 0.0767427925 "Andr" 2 "Srxn1"
"Srxn1_3.4" 3 "Simu3" 1 1 0.462569819640675 0.549437446861098 0.369752249508426 0.0899902433734214 0.0125093483680936 0.0161300260227306 0.126441 0.1169896 0.136044225 0.138285 0.1288932 0.14775425 0.119819 0.110285 0.129522475 "Andr" 3 "Srxn1"
"Srxn1_3.5" 4 "Simu3" 1 1 0.532129377731628 0.625033575858014 0.443622992980154 0.0907852161251028 0.0691224366951116 0.0467009123539102 0.2958805 0.28224495 0.309528525 0.356046 0.340896925 0.371558225 0.243585 0.2311439 0.256401025 "Andr" 4 "Srxn1"
"Srxn1_3.6" 5 "Simu3" 1 1 0.485685009311983 0.578769271097823 0.373440686003902 0.103996576541346 0.379343101292495 0.16947659478875 0.572889 0.5487869 0.599189375 0.7073085 0.6778298 0.73918735 0.456347 0.43633555 0.4775531 "Andr" 5 "Srxn1"
"Srxn1_3.7" 6 "Simu3" 1 1 0.447486668547336 0.532124793325417 0.369413091530006 0.0815542423223163 0.973965564389581 0.380196166346788 0.8791585 0.8400043 0.921194475 1.099725 1.05150925 1.15151 0.666329 0.636659025 0.699156875 "Andr" 6 "Srxn1"
"Srxn1_3.8" 7 "Simu3" 1 1 0.406444271602731 0.495831523983405 0.310096351189071 0.0930630258364424 1.79250744595268 0.39358780072176 1.203125 1.14945975 1.260681 1.50906 1.44375775 1.5786915 0.9171985 0.87557465 0.962063875 "Andr" 7 "Srxn1"
"Srxn1_3.9" 8 "Simu3" 1 1 0.392232709270834 0.466661017013947 0.285245280959972 0.0949894182059789 2.24890409298316 0.417090848624139 1.51896 1.4541585 1.58776025 1.91916 1.84032725 2.00135125 1.138165 1.08740975 1.19194075 "Andr" 8 "Srxn1"
"Srxn1_3.10" 9 "Simu3" 1 1 0.39511194433363 0.404223337620798 0.382814043913847 0.0110546295748562 3.00359107841086 0.701560734195982 1.833775 1.7613065 1.90921125 2.310845 2.22387525 2.40068 1.34532 1.288898 1.4045635 "Andr" 9 "Srxn1"
"Srxn1_3.11" 10 "Simu3" 1 1 0.362875383620836 0.388180937645175 0.321677036941844 0.0359878847108646 3.13926172197856 0.674814776402803 2.147295 2.07130675 2.22543425 2.622185 2.53219875 2.714731 1.65766 1.5976895 1.72021 "Andr" 10 "Srxn1"
"Srxn1_3.12" 11 "Simu3" 1 1 0.362938522920855 0.397506141817347 0.323710965296163 0.0371176277685026 3.23337608545256 0.683243677839051 2.40406 2.3288795 2.48102325 2.8944 2.80533975 2.98533175 1.882485 1.8221075 1.9458025 "Andr" 11 "Srxn1"
"Srxn1_3.13" 12 "Simu3" 1 1 0.347562268529555 0.389655774555362 0.321852695296654 0.0367510452853044 3.30478246361783 0.610929777423527 2.63057 2.5582295 2.70604375 3.14582 3.059869 3.23380075 2.082845 2.023989 2.14527175 "Andr" 12 "Srxn1"
"Srxn1_3.14" 13 "Simu3" 1 1 0.316220885246508 0.354559081915879 0.289539710329305 0.0340410676606379 3.38466540845384 0.574680558971849 2.80708 2.7372695 2.88032025 3.34926 3.2680065 3.43345525 2.24943 2.1917195 2.309941 "Andr" 13 "Srxn1"
"Srxn1_3.15" 14 "Simu3" 1 1 0.283459538933447 0.340416333460962 0.234594092332751 0.0533731122645473 3.44859974581759 0.62969999038401 2.92164 2.85423925 2.992621 3.481455 3.40397 3.56309275 2.35804 2.30035 2.41846025 "Andr" 14 "Srxn1"
"Srxn1_3.16" 15 "Simu3" 1 1 0.269983912214995 0.362299874676541 0.194298602027879 0.0852264093412206 3.52767227270752 0.562581891155245 2.98447 2.91789775 3.05393125 3.568375 3.4929995 3.64738225 2.406495 2.34958825 2.4658005 "Andr" 15 "Srxn1"
"Srxn1_3.17" 16 "Simu3" 1 1 0.253506096357375 0.312711601292728 0.220086747621278 0.0514153213358012 3.54444747183315 0.652130697715131 3.01778 2.9521595 3.0862215 3.638705 3.56509775 3.71540275 2.420845 2.3636085 2.47998025 "Andr" 16 "Srxn1"
"Srxn1_3.18" 17 "Simu3" 1 1 0.24253264260491 0.306858151123589 0.200036432791607 0.0566578201868522 3.50612338013116 0.62995207120852 3.02784 2.9631085 3.0945505 3.657175 3.5849865 3.73206325 2.43373 2.37633825 2.49319 "Andr" 17 "Srxn1"
"Srxn1_3.19" 18 "Simu3" 1 1 0.239994559050191 0.302955685091715 0.191683875670842 0.0570642663634346 3.59990949272407 0.748268527190212 3.021625 2.9577375 3.08797275 3.65573 3.5851275 3.7295035 2.431795 2.3739395 2.491461 "Andr" 18 "Srxn1"
"Srxn1_3.20" 19 "Simu3" 1 1 0.217808181649119 0.276406355296407 0.17449619443386 0.0526466603260226 3.5538657220195 0.630492034290642 3.00653 2.94283 3.07215575 3.63977 3.570359 3.71190225 2.42196 2.3643895 2.48145025 "Andr" 19 "Srxn1"
"Srxn1_3.21" 20 "Simu3" 1 1 0.238252214368055 0.292267129784494 0.209424944439102 0.0468136735591485 3.4986876579461 0.569244053478737 2.98131 2.9181095 3.04634075 3.608285 3.5392095 3.67903 2.40564 2.34834 2.4648905 "Andr" 20 "Srxn1"
"Srxn1_3.22" 21 "Simu3" 1 1 0.211216422637058 0.269989347377616 0.159214463391318 0.0556969766759691 3.38377569502413 0.611163059657323 2.95489 2.89244975 3.0193405 3.57304 3.504968 3.6430075 2.3907 2.33341675 2.44945025 "Andr" 21 "Srxn1"
"Srxn1_3.23" 22 "Simu3" 1 1 0.204018451087178 0.290926763160047 0.154888503153157 0.0754785111417882 3.31085984865087 0.556882103324053 2.92277 2.86080875 2.98659025 3.53053 3.46314875 3.60002225 2.369185 2.3119285 2.4280305 "Andr" 22 "Srxn1"
"Srxn1_3.24" 23 "Simu3" 1 1 0.203476330916609 0.271796011559898 0.159403021957426 0.059991340482008 3.22849401217637 0.558206675959932 2.888615 2.826949 2.9517715 3.4872 3.42084875 3.55570025 2.34667 2.2889095 2.4055515 "Andr" 23 "Srxn1"
"Srxn1_3.25" 24 "Simu3" 1 1 0.186715357195701 0.264075012799523 0.130908312523702 0.0691500455102634 3.12870970210586 0.61522915424309 2.85346 2.792039 2.9165005 3.440255 3.37461975 3.50793375 2.323845 2.2659985 2.38290075 "Andr" 24 "Srxn1"
"Srxn1_3.26" 25 "Simu3" 1 1 0.192288193727196 0.260981818974435 0.151207043811315 0.0598703759047161 2.94381135565633 0.59512589378822 2.817665 2.75632975 2.88014575 3.392155 3.32711875 3.459101 2.300255 2.24221975 2.359353 "Andr" 25 "Srxn1"
"Srxn1_3.27" 26 "Simu3" 1 1 0.173569701915099 0.245490629695425 0.133936440770758 0.0623935439709707 2.87534160519679 0.636533552310086 2.78204 2.72085775 2.84458025 3.343685 3.27923625 3.41005125 2.277255 2.219319 2.3369405 "Andr" 26 "Srxn1"
"Srxn1_3.28" 27 "Simu3" 1 1 0.169699345489421 0.228151973747973 0.130056832558281 0.0516820037365942 2.71921542170775 0.643383781052658 2.746295 2.68532 2.80897175 3.2949 3.23056925 3.36088075 2.2543 2.1963395 2.314343 "Andr" 27 "Srxn1"
"Srxn1_3.29" 28 "Simu3" 1 1 0.155994245659017 0.224222372811781 0.116443870543616 0.0593368476094712 2.56036935157251 0.62121267587862 2.711445 2.65048675 2.7737605 3.24621 3.1822785 3.31220175 2.23188 2.17349775 2.29202375 "Andr" 28 "Srxn1"
"Srxn1_3.30" 29 "Simu3" 1 1 0.151364135935839 0.200657991000217 0.110478496168279 0.0456739409882061 2.39343071522047 0.540828116929034 2.67696 2.615758 2.73987 3.19846 3.1350065 3.26435075 2.209625 2.15076875 2.27058025 "Andr" 29 "Srxn1"
"Srxn1_3.31" 30 "Simu3" 1 1 0.134159344665372 0.202680229688157 0.0802305565671738 0.062515418748908 2.18758221910515 0.518550092937509 2.643315 2.58200975 2.7064705 3.15158 3.0881895 3.217531 2.18762 2.12818975 2.2490835 "Andr" 30 "Srxn1"
"Srxn1_3.32" 31 "Simu3" 1 1 0.122398551754008 0.192140891336511 0.0544545285706088 0.06886079493681 2.00526918311182 0.454178421412599 2.610245 2.5481395 2.67372175 3.105665 3.042109 3.171293 2.16626 2.10614875 2.2281705 "Andr" 31 "Srxn1"
"Srxn1_3.33" 32 "Simu3" 1 1 0.10450220403265 0.169259472396042 0.0469276317210688 0.0614814049340228 1.88251187859639 0.43792592396106 2.577895 2.51511 2.64169075 3.060735 2.997189 3.126216 2.145385 2.084839 2.2083405 "Andr" 32 "Srxn1"
"Srxn1_4.1" 0 "Simu4" 3.16 3.16 0 0 0 0 0 0 0 0 0 0 0 0 0 0 0 "Andr" 0 "Srxn1"
"Srxn1_4.2" 1 "Simu4" 3.16 3.16 0.0578760968953774 0.16945871611576 0 0.0966558690514199 0 0 0.03540175 0.032048215 0.0388876375 0.03540175 0.032048215 0.0388876375 0.03540175 0.032048215 0.0388876375 "Andr" 1 "Srxn1"
"Srxn1_4.3" 2 "Simu4" 3.16 3.16 0.543854870814095 0.625509447902885 0.40015663445039 0.12483202463673 0.00202925440838297 0.00351477173680243 0.07084495 0.0642465725 0.0776737625 0.07795835 0.0714030475 0.08466874 0.069883 0.0632667025 0.0767427925 "Andr" 2 "Srxn1"
"Srxn1_4.4" 3 "Simu4" 3.16 3.16 0.820683164424531 1.02322200735721 0.596543364780435 0.21415792538668 0.0252747064873936 0.0140564234141031 0.2268375 0.216614825 0.236886775 0.269797 0.2584839 0.280587675 0.172443 0.1630114 0.1818491 "Andr" 3 "Srxn1"
"Srxn1_4.5" 4 "Simu4" 3.16 3.16 0.909854787464004 1.14839274962269 0.681686024113703 0.233526084456913 0.174910830552785 0.0779236601794618 0.6285 0.604420975 0.653755325 0.8337755 0.80274585 0.86611585 0.4188405 0.401834575 0.436472275 "Andr" 4 "Srxn1"
"Srxn1_4.6" 5 "Simu4" 3.16 3.16 0.855708275548598 1.0852400869886 0.621971398604468 0.231662969292051 0.873980942728269 0.257804702335581 1.2372 1.18795825 1.29009225 1.68465 1.62178925 1.752171 0.8178545 0.78372895 0.854454125 "Andr" 5 "Srxn1"
"Srxn1_4.7" 6 "Simu4" 3.16 3.16 0.825088999794172 1.05343898031339 0.611757021013786 0.221223627975979 2.05620188476115 0.366221788305515 1.9113 1.83526975 1.993471 2.613205 2.5176095 2.7162 1.25081 1.19645975 1.30895125 "Andr" 6 "Srxn1"
"Srxn1_4.8" 7 "Simu4" 3.16 3.16 0.784499599837932 1.03742514482953 0.581023346322286 0.23218435507322 3.30241690251415 0.436611370617311 2.64077 2.54040725 2.747541 3.60696 3.4844895 3.7374255 1.745815 1.67234775 1.82385225 "Andr" 7 "Srxn1"
"Srxn1_4.9" 8 "Simu4" 3.16 3.16 0.729582733958084 0.961601031619352 0.505820515981072 0.228002394170958 4.21122182401569 0.460472158074924 3.37157 3.254039 3.494732 4.63531 4.49316725 4.7823225 2.250045 2.162037 2.342291 "Andr" 8 "Srxn1"
"Srxn1_4.10" 9 "Simu4" 3.16 3.16 0.701327867350802 0.788400585565917 0.614217321107096 0.0870916383908507 5.4980815407432 0.816811064288342 4.0488 3.92144 4.17986125 5.57695 5.42523725 5.73117 2.679695 2.582838 2.7798705 "Andr" 9 "Srxn1"
"Srxn1_4.11" 10 "Simu4" 3.16 3.16 0.696074730347002 0.777414829377173 0.588042139439853 0.0974672804867149 5.95474852749615 0.790892469722187 4.676895 4.5464905 4.8098515 6.27547 6.12075275 6.43205125 3.23434 3.1344565 3.33691075 "Andr" 10 "Srxn1"
"Srxn1_4.12" 11 "Simu4" 3.16 3.16 0.690383251554649 0.788223850696584 0.556399284456823 0.120064210585251 6.3138174254427 0.572483840651703 5.264095 5.1351895 5.394091 6.922895 6.769307 7.07827075 3.72572 3.627228 3.82728175 "Andr" 11 "Srxn1"
"Srxn1_4.13" 12 "Simu4" 3.16 3.16 0.585557052648662 0.664702967159959 0.489559612929208 0.0887793842014037 6.4515214807484 0.725962877823504 5.79218 5.66779775 5.91608125 7.5284 7.3808885 7.67724075 4.13351 4.03860875 4.2304105 "Andr" 12 "Srxn1"
"Srxn1_4.14" 13 "Simu4" 3.16 3.16 0.566428991192255 0.60739505420182 0.50700808885619 0.0526765747154404 6.79408543086871 0.508394646015449 6.135255 6.017987 6.25217075 7.91672 7.77635725 8.05730025 4.41448 4.324124 4.5068405 "Andr" 13 "Srxn1"
"Srxn1_4.15" 14 "Simu4" 3.16 3.16 0.517948312957509 0.558261491384201 0.472886816821321 0.0428849467177249 7.04780409142015 0.58212969507747 6.394865 6.28495 6.5050915 8.172465 8.04136875 8.304903 4.658885 4.57399475 4.74741025 "Andr" 14 "Srxn1"
"Srxn1_4.16" 15 "Simu4" 3.16 3.16 0.503276060577504 0.544690764382359 0.451224469964385 0.0476323899125978 7.14653476252536 0.465866088329269 6.5488 6.44551525 6.65365475 8.31664 8.19390475 8.441611 4.8194 4.7372675 4.90450375 "Andr" 15 "Srxn1"
"Srxn1_4.17" 16 "Simu4" 3.16 3.16 0.490688931789517 0.530370289045045 0.432402997380483 0.0515654465443471 7.20161308042132 0.600529733366214 6.63855 6.54004925 6.7385015 8.393015 8.2771985 8.510617 4.916045 4.83577975 4.998671 "Andr" 16 "Srxn1"
"Srxn1_4.18" 17 "Simu4" 3.16 3.16 0.464221115039078 0.502109214467307 0.400754597009637 0.0553071536385829 7.38352707267437 0.574883758430435 6.67559 6.58168925 6.771671 8.40933 8.29980975 8.52012325 4.96277 4.88402925 5.042962 "Andr" 17 "Srxn1"
"Srxn1_4.19" 18 "Simu4" 3.16 3.16 0.441624741969576 0.494932569731348 0.357384133516548 0.0738073219081566 7.37058209150282 0.671912732989611 6.662465 6.5714275 6.7548805 8.370445 8.26509875 8.4753455 4.96509 4.8873995 5.0438105 "Andr" 18 "Srxn1"
"Srxn1_4.20" 19 "Simu4" 3.16 3.16 0.402709022789444 0.456771424860185 0.323517808281486 0.0700908303111355 7.32541021360967 0.745957980759153 6.6137 6.52482925 6.703152 8.298115 8.19670975 8.3982905 4.93092 4.85447825 5.0081405 "Andr" 19 "Srxn1"
"Srxn1_4.21" 20 "Simu4" 3.16 3.16 0.391717983533453 0.444853708753014 0.311839417487817 0.0704243215926305 7.41951508727132 0.680984509773761 6.534435 6.44859925 6.620913 8.190455 8.093118 8.2874 4.875935 4.80171775 4.95117025 "Andr" 20 "Srxn1"
"Srxn1_4.22" 21 "Simu4" 3.16 3.16 0.359304443316248 0.417494691385505 0.26726243124079 0.0806342944521498 7.36377688236809 0.769381653621519 6.441395 6.3576145 6.5254005 8.065545 7.971739 8.15973325 4.811055 4.73906225 4.88489 "Andr" 21 "Srxn1"
"Srxn1_4.23" 22 "Simu4" 3.16 3.16 0.340725175848383 0.374375473132951 0.2847100231349 0.0488376217644295 7.33297792505161 0.869688364963984 6.33552 6.25437975 6.416874 7.926535 7.83517875 8.0180205 4.73596 4.66546925 4.80813 "Andr" 22 "Srxn1"
"Srxn1_4.24" 23 "Simu4" 3.16 3.16 0.307883538832024 0.344290445203496 0.269607698908369 0.0373764341933846 7.2488097653438 0.886930824656869 6.224105 6.14499275 6.30326175 7.777125 7.6875875 7.86625 4.660855 4.5914395 4.7316405 "Andr" 23 "Srxn1"
"Srxn1_4.25" 24 "Simu4" 3.16 3.16 0.299153482844302 0.347375068327185 0.235920731000649 0.0572234101033607 7.09649129610483 0.944740481203016 6.108605 6.031419 6.1857505 7.62397 7.53619975 7.712 4.583295 4.515451 4.65271375 "Andr" 24 "Srxn1"
"Srxn1_4.26" 25 "Simu4" 3.16 3.16 0.28682266224336 0.331628367852931 0.228107128909907 0.053143900953503 6.88498615510133 0.993443321511684 5.992815 5.917389 6.068764 7.47188 7.384346 7.55848175 4.50428 4.43772975 4.57235125 "Andr" 25 "Srxn1"
"Srxn1_4.27" 26 "Simu4" 3.16 3.16 0.269897408680806 0.335056214432929 0.207083893749182 0.0640183880386758 6.55704094761415 0.978602537299626 5.87765 5.80320925 5.95259225 7.31993 7.2327865 7.4064275 4.4258 4.3603995 4.49317425 "Andr" 26 "Srxn1"
"Srxn1_4.28" 27 "Simu4" 3.16 3.16 0.24945827135492 0.319293088822125 0.190009485121631 0.0652645752306752 6.25545997440033 0.916834037576126 5.76384 5.6898875 5.8379905 7.170485 7.08328975 7.2568015 4.34827 4.2831255 4.41421075 "Andr" 27 "Srxn1"
"Srxn1_4.29" 28 "Simu4" 3.16 3.16 0.219700944766133 0.307467817708552 0.107490121488018 0.102205184689567 5.96444463201287 0.895987599209322 5.65159 5.578339 5.7256235 7.0229 6.93538875 7.11033225 4.27182 4.20727925 4.33678225 "Andr" 28 "Srxn1"
"Srxn1_4.30" 29 "Simu4" 3.16 3.16 0.200100670581831 0.292843293425716 0.0897701451429974 0.102672667378572 5.71327080213037 0.860440105671179 5.54151 5.468008 5.61556075 6.87837 6.7902865 6.96660025 4.196665 4.13213675 4.2616115 "Andr" 29 "Srxn1"
"Srxn1_4.31" 30 "Simu4" 3.16 3.16 0.188349748714837 0.284496114370324 0.0801231052913477 0.102720648086025 5.3172702130404 0.744939587215007 5.433625 5.35997975 5.50814125 6.73665 6.6482265 6.82652 4.123145 4.05864825 4.18826125 "Andr" 30 "Srxn1"
"Srxn1_4.32" 31 "Simu4" 3.16 3.16 0.193087335873977 0.295523464508107 0.101079321745868 0.0976406183038011 4.96111737801742 0.852613439274184 5.32832 5.254789 5.40303325 6.597965 6.5082485 6.68961 4.05133 3.987158 4.11658225 "Andr" 31 "Srxn1"
"Srxn1_4.33" 32 "Simu4" 3.16 3.16 0.159851361001237 0.267374478175775 0.0894004670559758 0.0946015299024734 4.67174826761735 0.876701292891075 5.225865 5.1513 5.301661 6.463055 6.37218875 6.5556325 3.981505 3.9169975 4.04660275 "Andr" 32 "Srxn1"
"Srxn1_5.1" 0 "Simu5" 10 10 0 0 0 0 0 0 0 0 0 0 0 0 0 0 0 "Andr" 0 "Srxn1"
"Srxn1_5.2" 1 "Simu5" 10 10 0.132184562336932 0.205539699243165 0.0562448214566751 0.0746809899947613 0.00255317191082353 0.00442222347000408 0.03540175 0.032048215 0.0388876375 0.03540175 0.032048215 0.0388876375 0.03540175 0.032048215 0.0388876375 "Andr" 1 "Srxn1"
"Srxn1_5.3" 2 "Simu5" 10 10 1.03678173733499 1.27738090933002 0.912505387137473 0.208402941022968 0.00433901832827193 0.00751540019953955 0.0748322 0.0682751975 0.081605155 0.08181935 0.075311905 0.08847284 0.07078065 0.06417863 0.0776131325 "Andr" 2 "Srxn1"
"Srxn1_5.4" 3 "Simu5" 10 10 1.26429741301875 1.62217807244527 1.02751593543907 0.315284828655264 0.0272037216871044 0.0254630282602143 0.49817 0.4812447 0.51483735 0.672355 0.650807825 0.69360915 0.4163575 0.401738875 0.430795475 "Andr" 3 "Srxn1"
"Srxn1_5.5" 4 "Simu5" 10 10 1.31767617793265 1.72179365801596 1.01809671822212 0.363309088857405 0.251728872196285 0.10488533436472 1.27238 1.22808875 1.31964275 1.7957 1.73832 1.85778075 0.980704 0.944581475 1.0186815 "Andr" 4 "Srxn1"
"Srxn1_5.6" 5 "Simu5" 10 10 1.35697701076517 1.71132231711057 1.12798217852863 0.311216942565291 1.195468205385 0.283183678308208 2.29887 2.218098 2.38691275 3.278435 3.17566725 3.39026175 1.689985 1.6252 1.759743 "Andr" 5 "Srxn1"
"Srxn1_5.7" 6 "Simu5" 10 10 1.41004108537701 1.79324177039068 1.2152353950746 0.331877007339615 2.74924492226405 0.491856496031761 3.54277 3.424423 3.67084 4.944365 4.798608 5.0985685 2.6698 2.57218475 2.77562175 "Andr" 6 "Srxn1"
"Srxn1_5.8" 7 "Simu5" 10 10 1.43203606599998 1.82613028834322 1.18457550655405 0.344998851925847 4.38401158579886 0.578033963012921 4.970825 4.821229 5.12746225 6.839495 6.6614365 7.02628125 3.8683 3.74184225 4.00312525 "Andr" 7 "Srxn1"
"Srxn1_5.9" 8 "Simu5" 10 10 1.36528877515207 1.7847213201773 1.1494300340519 0.363291170812208 5.83526640735781 0.636435421505577 6.480435 6.312169 6.65483025 8.82418 8.62626275 9.02922075 5.08205 4.935747 5.23252025 "Andr" 8 "Srxn1"
"Srxn1_5.10" 9 "Simu5" 10 10 1.40449822041319 1.75084101289145 1.05206088064311 0.349429929937707 7.32762741443298 0.664997152593314 7.901915 7.7241395 8.084952 10.7435 10.536095 10.9540225 6.255795 6.09981 6.4160725 "Andr" 9 "Srxn1"
"Srxn1_5.11" 10 "Simu5" 10 10 1.37186866241898 1.73090309175017 1.05219634595592 0.341061202196522 8.31079084414847 0.854026988591068 9.34407 9.16340125 9.52915 12.5726 12.3609975 12.7872075 7.27761 7.1190795 7.43917625 "Andr" 10 "Srxn1"
"Srxn1_5.12" 11 "Simu5" 10 10 1.2901450534694 1.52859843857421 1.0371773192387 0.246031865578735 8.86517461622848 0.783544087725059 10.68475 10.5057875 10.8677025 14.30525 14.09539 14.5203025 8.25264 8.0963135 8.4109025 "Andr" 11 "Srxn1"
"Srxn1_5.13" 12 "Simu5" 10 10 1.27035608412541 1.50856878285487 1.03139181231841 0.238589373085133 9.40440661116098 0.857865380250877 11.836 11.6629 12.0137075 15.6773 15.4711975 15.8871075 9.13878 8.98843875 9.2915305 "Andr" 12 "Srxn1"
"Srxn1_5.14" 13 "Simu5" 10 10 1.19610637342391 1.40748509906788 0.962906054742976 0.223091389581073 9.77232072509183 0.798860023158587 12.86005 12.6963975 13.0295 16.91165 16.7143975 17.1137 9.928525 9.787009 10.073605 "Andr" 13 "Srxn1"
"Srxn1_5.15" 14 "Simu5" 10 10 1.15597191005267 1.37750495930561 0.888229169419319 0.24788949418101 10.0770310308843 0.743114560242506 13.6717 13.518995 13.8287075 17.8824 17.6970975 18.0728 10.5335 10.401695 10.6681 "Andr" 14 "Srxn1"
"Srxn1_5.16" 15 "Simu5" 10 10 1.10052827787877 1.31022071123935 0.886078441646904 0.212111152171022 10.3934761976541 0.828286092854579 14.3083 14.1663975 14.4539 18.6739 18.499095 18.8497025 10.9497 10.827 11.0748 "Andr" 15 "Srxn1"
"Srxn1_5.17" 16 "Simu5" 10 10 1.08464756831383 1.32635009424733 0.851482347888903 0.237548959841743 10.7654785782702 0.872763212416279 14.7545 14.620095 14.889505 19.2344 19.0723 19.3976 11.26285 11.145995 11.3809025 "Andr" 16 "Srxn1"
"Srxn1_5.18" 17 "Simu5" 10 10 1.06977120226588 1.30040824356611 0.859484719623916 0.221165090870321 10.87856398912 0.847441505106566 15.0606 14.9316975 15.1900025 19.6621 19.5098975 19.8162 11.4485 11.335695 11.5615025 "Andr" 17 "Srxn1"
"Srxn1_5.19" 18 "Simu5" 10 10 0.99453196899707 1.24093859215511 0.819790616890478 0.219529810216138 11.0414885250137 0.645017091475601 15.2386 15.110695 15.3649025 19.91915 19.7707975 20.067205 11.5558 11.4441975 11.6656 "Andr" 18 "Srxn1"
"Srxn1_5.20" 19 "Simu5" 10 10 0.969573984856179 1.18016892382874 0.788828326193819 0.197370465091897 11.0813383464998 0.895992085019996 15.2619 15.1343 15.386205 19.99675 19.8517 20.141605 11.5644 11.4524925 11.673105 "Andr" 19 "Srxn1"
"Srxn1_5.21" 20 "Simu5" 10 10 0.971423586790241 1.1959620845982 0.785389289602928 0.207977006172877 11.3152304338898 0.886993712931733 15.1929 15.0664975 15.3158 19.9262 19.7810975 20.0683 11.5007 11.3907 11.607805 "Andr" 20 "Srxn1"
"Srxn1_5.22" 21 "Simu5" 10 10 0.908448756620781 1.12205878449269 0.732927796137615 0.197341871673142 11.2871161787737 0.907312969394079 15.0627 14.9365975 15.1847025 19.7792 19.6331975 19.9215 11.3919 11.283195 11.497705 "Andr" 21 "Srxn1"
"Srxn1_5.23" 22 "Simu5" 10 10 0.889588938483148 1.13301448975035 0.71602924788213 0.217094684064223 11.5045712244754 0.989315696299998 14.8627 14.7396925 14.9827025 19.5326 19.3903975 19.6739 11.2351 11.1295 11.3392 "Andr" 22 "Srxn1"
"Srxn1_5.24" 23 "Simu5" 10 10 0.841063489620814 1.04580170696366 0.689204609211516 0.1840856885725 11.2756169668582 1.16080905041317 14.6264 14.5069975 14.7435025 19.2422 19.1025 19.3795025 11.0541 10.9517 11.1542025 "Andr" 23 "Srxn1"
"Srxn1_5.25" 24 "Simu5" 10 10 0.806605949277491 1.00428350329443 0.661922475645943 0.177225979275198 11.1461228695606 1.32326064716758 14.3595 14.245195 14.4722 18.8968 18.762195 19.0275075 10.855 10.7567975 10.950005 "Andr" 24 "Srxn1"
"Srxn1_5.26" 25 "Simu5" 10 10 0.791828295328089 0.998277038009062 0.620621631249158 0.191278343368745 11.0947229445564 1.22239756375061 14.0757 13.9674975 14.183 18.5242 18.3951975 18.6497025 10.64465 10.5506975 10.7361025 "Andr" 25 "Srxn1"
"Srxn1_5.27" 26 "Simu5" 10 10 0.766726299767736 0.990970452630118 0.56384402150422 0.214362996588427 10.9641358871447 1.28976881221272 13.7843 13.6807975 13.8858025 18.1389 18.0168 18.2602025 10.4277 10.3377975 10.5148025 "Andr" 26 "Srxn1"
"Srxn1_5.28" 27 "Simu5" 10 10 0.71788006485083 0.91154662267292 0.539594664850733 0.186452406109169 10.8133513757077 1.48233057327706 13.489 13.3899975 13.585205 17.7481 17.6294975 17.8645 10.2069 10.122 10.2904025 "Andr" 27 "Srxn1"
"Srxn1_5.29" 28 "Simu5" 10 10 0.660334240680653 0.855286410137085 0.521772949853264 0.173760626846356 10.545969237917 1.5676688736874 13.1917 13.0971975 13.2839025 17.3513 17.2365925 17.4638 9.987405 9.9050645 10.0682 "Andr" 28 "Srxn1"
"Srxn1_5.30" 29 "Simu5" 10 10 0.610594489734438 0.779636191004205 0.483569011323398 0.152440040535689 10.0768239802572 1.48758483009674 12.8956 12.803895 12.9861 16.9552 16.84 17.0671025 9.770175 9.6896165 9.8493615 "Andr" 29 "Srxn1"
"Srxn1_5.31" 30 "Simu5" 10 10 0.586279159004837 0.76507949387907 0.465157561631108 0.158061440366007 9.58397092834751 1.35758610891206 12.6032 12.5123 12.6935025 16.5614 16.4474975 16.674 9.556435 9.4762095 9.63451075 "Andr" 30 "Srxn1"
"Srxn1_5.32" 31 "Simu5" 10 10 0.552622597661688 0.68987983809785 0.449018328429227 0.123907056147299 9.36802207747708 1.43597697545527 12.3162 12.2244975 12.407605 16.1751 16.0592975 16.2907 9.346525 9.26701975 9.42489325 "Andr" 31 "Srxn1"
"Srxn1_5.33" 32 "Simu5" 10 10 0.519359103647315 0.6453942036986 0.405458408993506 0.120427277810942 8.87895717848819 1.5842219602682 12.0349 11.9414925 12.1283 15.79515 15.6751 15.9147075 9.141495 9.06110675 9.2205055 "Andr" 32 "Srxn1"
"Srxn1_6.1" 0 "Simu6" 31.62 31.62 0 0 0 0 0 0 0 0 0 0 0 0 0 0 0 "Andr" 0 "Srxn1"
"Srxn1_6.2" 1 "Simu6" 31.62 31.62 0.248077515374607 0.365694093336732 0.155365288374495 0.107353255990864 0.0025066729132283 0.00434168484366811 0.03540175 0.032048215 0.0388876375 0.03540175 0.032048215 0.0388876375 0.03540175 0.032048215 0.0388876375 "Andr" 1 "Srxn1"
"Srxn1_6.3" 2 "Simu6" 31.62 31.62 1.11008338735217 1.20961665722905 1.03847942060029 0.0889214424085577 0.00746087666741124 0.0117048069065187 0.08707615 0.0805306475 0.0936680425 0.1065925 0.0999239725 0.11317905 0.0766919 0.0701300975 0.0834429 "Andr" 2 "Srxn1"
"Srxn1_6.4" 3 "Simu6" 31.62 31.62 1.26207761355992 1.48339938640721 1.05523046267975 0.21445114320586 0.0478418655983071 0.0436292938340369 0.5587905 0.53995565 0.577288725 0.6477435 0.626109475 0.668733775 0.5006365 0.48359985 0.5174223 "Andr" 3 "Srxn1"
"Srxn1_6.5" 4 "Simu6" 31.62 31.62 1.41491167533369 1.71004927302591 1.11970443069677 0.295172427327111 0.383266085624811 0.160887460854622 1.329435 1.28307 1.37892025 1.630355 1.57616875 1.6883445 1.08609 1.04632825 1.12750025 "Andr" 4 "Srxn1"
"Srxn1_6.6" 5 "Simu6" 31.62 31.62 1.57531732779417 1.89339298643051 1.29990025630772 0.29903715734064 1.67592824764366 0.449376526539374 2.46453 2.379648 2.556882 3.10321 3.0048795 3.21047025 1.90003 1.82912775 1.97674425 "Andr" 5 "Srxn1"
"Srxn1_6.7" 6 "Simu6" 31.62 31.62 1.6850981941827 1.97241296735968 1.52091217681335 0.249667296308595 3.82405302618128 0.707033720677949 3.978035 3.85183875 4.11249075 5.008255 4.864778 5.15939875 3.083795 2.9766575 3.1993315 "Andr" 6 "Srxn1"
"Srxn1_6.8" 7 "Simu6" 31.62 31.62 1.75524335150597 2.09554350303559 1.54415967384991 0.297537736450529 6.1310810530095 1.02715939371345 5.75514 5.59754675 5.92015075 7.139675 6.96303975 7.324333 4.668535 4.52967925 4.81362 "Andr" 7 "Srxn1"
"Srxn1_6.9" 8 "Simu6" 31.62 31.62 1.81583935166381 2.16772892498395 1.60827558295011 0.306381239446352 8.54044206598519 1.0808476656546 7.673285 7.49622575 7.85676075 9.478145 9.28147225 9.6798125 6.33436 6.1764145 6.497771 "Andr" 8 "Srxn1"
"Srxn1_6.10" 9 "Simu6" 31.62 31.62 1.9638187393687 2.25574086830036 1.71300137221539 0.273694613087802 10.8517402170956 0.600055017895891 9.66381 9.47601525 9.85319375 11.8926 11.6855975 12.10131 8.082065 7.915048 8.252061 "Andr" 9 "Srxn1"
"Srxn1_6.11" 10 "Simu6" 31.62 31.62 1.91922312293789 2.24595341961629 1.67663213601869 0.293838813934391 13.0105188255218 0.674894530585433 11.80485 11.6134975 11.99891 14.36575 14.1560975 14.5805 9.929315 9.75828675 10.1041025 "Andr" 10 "Srxn1"
"Srxn1_6.12" 11 "Simu6" 31.62 31.62 1.85732172843647 2.16222359255972 1.65242503113074 0.269210732236689 14.6870774140134 0.722034697180818 13.8091 13.619095 14.0033075 16.7417 16.530295 16.9598025 11.6595 11.4898975 11.8326025 "Andr" 11 "Srxn1"
"Srxn1_6.13" 12 "Simu6" 31.62 31.62 1.84235417280923 2.13009134313544 1.62763902936171 0.259063205050903 16.1276635109183 0.563381280528817 15.6297 15.4425 15.8217125 18.8948 18.683295 19.1112025 13.26325 13.0969 13.4313025 "Andr" 12 "Srxn1"
"Srxn1_6.14" 13 "Simu6" 31.62 31.62 1.84975587809184 2.1607857900179 1.58032608086665 0.292457339870849 17.0011893605 0.956141072668164 17.30475 17.1234975 17.4889075 20.86795 20.6591875 21.0816 14.7163 14.557995 14.877705 "Andr" 13 "Srxn1"
"Srxn1_6.15" 14 "Simu6" 31.62 31.62 1.77751737662795 2.04022336621375 1.50206407173675 0.269306010132744 17.8315490312452 1.35787918401653 18.8361 18.6602975 19.0115025 22.7168 22.5105 22.9231025 15.9651 15.8135975 16.1191025 "Andr" 14 "Srxn1"
"Srxn1_6.16" 15 "Simu6" 31.62 31.62 1.71641586251475 1.97415140083328 1.43870943909914 0.268279053944014 18.9295388653388 1.6311784291288 20.0982 19.9306975 20.2669 24.2118 24.0138 24.4093 16.95695 16.8124 17.1042025 "Andr" 15 "Srxn1"
"Srxn1_6.17" 16 "Simu6" 31.62 31.62 1.67516420430723 1.92129641395345 1.42418396140746 0.248591683668005 19.4963528329965 1.8141109037556 21.0925 20.9289975 21.2569025 25.4127 25.2214925 25.606105 17.7091 17.566495 17.8513 "Andr" 16 "Srxn1"
"Srxn1_6.18" 17 "Simu6" 31.62 31.62 1.64858143590397 1.87797662909016 1.38459211767807 0.248504797017652 19.6568767897645 1.86915842435431 21.84425 21.6799975 22.009005 26.3295 26.139595 26.519 18.2777 18.1352975 18.4212 "Andr" 17 "Srxn1"
"Srxn1_6.19" 18 "Simu6" 31.62 31.62 1.60992873870481 1.83322781348114 1.37816065722916 0.227651756484923 20.1292688708918 1.71309941455141 22.37675 22.2055975 22.5469025 26.9783 26.783495 27.173005 18.649 18.4994975 18.7969025 "Andr" 18 "Srxn1"
"Srxn1_6.20" 19 "Simu6" 31.62 31.62 1.62557191808614 1.89558668287435 1.33457698210078 0.281092683608285 20.6424214030457 1.72905945355 22.6928 22.505195 22.8732 27.3751 27.1680975 27.57881 18.8672 18.7045 19.0235075 "Andr" 19 "Srxn1"
"Srxn1_6.21" 20 "Simu6" 31.62 31.62 1.57909136735479 1.8335594555076 1.31715444126516 0.258283511550347 21.1065647071371 1.90673268142879 22.8584 22.653395 23.053505 27.6295 27.4023975 27.8486025 18.9257 18.7505925 19.0931025 "Andr" 20 "Srxn1"
"Srxn1_6.22" 21 "Simu6" 31.62 31.62 1.58290456761503 1.83817640373933 1.3124923068146 0.263168894028957 20.9874801702825 2.26389034233281 22.84975 22.6320975 23.059015 27.6614 27.415495 27.8988025 18.8681 18.685795 19.042305 "Andr" 21 "Srxn1"
"Srxn1_6.23" 22 "Simu6" 31.62 31.62 1.53058449091984 1.74887020779537 1.29102680468802 0.229661746820082 20.9094275913949 1.99025086326035 22.7283 22.499 22.9485025 27.5494 27.2879975 27.79911 18.7231 18.533095 18.90421 "Andr" 22 "Srxn1"
"Srxn1_6.24" 23 "Simu6" 31.62 31.62 1.53066738023477 1.75003973288624 1.31390802619835 0.218077594484039 20.9962438111488 2.20933999893119 22.4927 22.2583875 22.7198025 27.2774 27.0090875 27.5375075 18.5044 18.3117925 18.6891 "Andr" 23 "Srxn1"
"Srxn1_6.25" 24 "Simu6" 31.62 31.62 1.47816696256117 1.6415258934702 1.30210363067526 0.17006739685591 20.7046218395641 2.37514013169973 22.1896 21.9548925 22.4189025 26.9206 26.6499 27.1828025 18.24295 18.0515975 18.4282025 "Andr" 24 "Srxn1"
"Srxn1_6.26" 25 "Simu6" 31.62 31.62 1.45747850713921 1.62655088007541 1.2511571784383 0.190448736767597 20.9799883531154 2.49986289767177 21.823 21.590495 22.0479025 26.47 26.2038975 26.7288075 17.9412 17.75349 18.1214025 "Andr" 25 "Srxn1"
"Srxn1_6.27" 26 "Simu6" 31.62 31.62 1.45023706575846 1.64106790069757 1.25150771032911 0.194900167905085 20.8101851428674 2.3979927858979 21.4194 21.194995 21.6376025 25.9766 25.7185975 26.229205 17.60585 17.424195 17.780905 "Andr" 26 "Srxn1"
"Srxn1_6.28" 27 "Simu6" 31.62 31.62 1.42465280296789 1.60386183205975 1.2182879133683 0.194216096819257 20.6842150693769 2.55082955054931 20.9942 20.779395 21.2038 25.4593 25.211495 25.7031 17.2553 17.0815975 17.4237025 "Andr" 27 "Srxn1"
"Srxn1_6.29" 28 "Simu6" 31.62 31.62 1.41229935856341 1.61710631342635 1.21286647031447 0.202173497604798 20.6087785126307 2.49924842680105 20.5533 20.3486 20.7536025 24.9205 24.68567 25.15391 16.89275 16.7281975 17.0536025 "Andr" 28 "Srxn1"
"Srxn1_6.30" 29 "Simu6" 31.62 31.62 1.37241531358633 1.58007486022097 1.14177041162641 0.220054407667781 20.2802064090908 2.97588111863358 20.1054 19.910195 20.2957 24.375 24.1491975 24.5974 16.5263 16.3708975 16.6788 "Andr" 29 "Srxn1"
"Srxn1_6.31" 30 "Simu6" 31.62 31.62 1.34178077218279 1.55280987769438 1.12866155440389 0.212081886224401 20.2542169377777 2.77712850899933 19.6542 19.4711975 19.834105 23.82435 23.610295 24.034005 16.15715 16.0101 16.3010025 "Andr" 30 "Srxn1"
"Srxn1_6.32" 31 "Simu6" 31.62 31.62 1.30192415437066 1.48174946638988 1.08879638585772 0.198582026078184 20.0113463827466 2.79669307113243 19.2039 19.0314975 19.372505 23.2744 23.0706975 23.471905 15.79065 15.6530975 15.9257075 "Andr" 31 "Srxn1"
"Srxn1_6.33" 32 "Simu6" 31.62 31.62 1.27507121580896 1.46843123901278 1.01430931002828 0.234443899317792 19.8023245935868 2.94626133104468 18.75815 18.5920925 18.9183 22.72795 22.5322 22.915915 15.42825 15.2958925 15.5558025 "Andr" 32 "Srxn1"
