"medianM" "LCLM" "UCLM" "medianH" "LCLH" "UCLH" "medianL" "LCLL" "UCLL" "Simulation" "Chemical" "Times" "variables"
"Srxn1_1.1" 0 0 0 0 0 0 0 0 0 "Sim1" "cddo" 0 "Srxn1"
"Srxn1_1.2" 0.02318315 0.021147395 0.025441205 0.02318315 0.021147395 0.025441205 0.02318315 0.021147395 0.025441205 "Sim1" "cddo" 1 "Srxn1"
"Srxn1_1.3" 0.04599495 0.04196027 0.050473 0.04599495 0.04196027 0.050473 0.04599495 0.04196027 0.050473 "Sim1" "cddo" 2 "Srxn1"
"Srxn1_1.4" 0.068442 0.0624569475 0.0750939 0.068442 0.06245695 0.075094 0.068442 0.0624569475 0.0750939 "Sim1" "cddo" 3 "Srxn1"
"Srxn1_1.5" 0.1689885 0.141498975 0.198045 0.2959555 0.2604445 0.331014125 0.09054 0.0826167975 0.0993148 "Sim1" "cddo" 4 "Srxn1"
"Srxn1_1.6" 0.466616 0.444328875 0.490131 0.7328985 0.705541575 0.7590143 0.165471 0.14874395 0.183116 "Sim1" "cddo" 5 "Srxn1"
"Srxn1_1.7" 0.71561 0.699545 0.732335275 1.11678 1.09929 1.13406025 0.254503 0.23828895 0.27143255 "Sim1" "cddo" 6 "Srxn1"
"Srxn1_1.8" 0.915692 0.900775875 0.931873475 1.43594 1.41707975 1.45589025 0.304851 0.287895 0.322658 "Sim1" "cddo" 7 "Srxn1"
"Srxn1_1.9" 1.11041 1.09398975 1.12837 1.7264 1.70434 1.74973025 0.374099 0.356419875 0.39326325 "Sim1" "cddo" 8 "Srxn1"
"Srxn1_1.10" 1.31194 1.29396975 1.3317505 2.02823 2.00418975 2.05375075 0.420708 0.401909875 0.44139115 "Sim1" "cddo" 9 "Srxn1"
"Srxn1_1.11" 1.52543 1.50585 1.54686025 2.322945 2.29747 2.350051 0.497442 0.4772895 0.519751125 "Sim1" "cddo" 10 "Srxn1"
"Srxn1_1.12" 1.749 1.7277695 1.7719905 2.63928 2.6124295 2.6678805 0.590043 0.568471825 0.614110225 "Sim1" "cddo" 11 "Srxn1"
"Srxn1_1.13" 1.98983 1.96698975 2.01451 2.96792 2.93973 2.99782025 0.6898465 0.666726975 0.715656375 "Sim1" "cddo" 12 "Srxn1"
"Srxn1_1.14" 2.2416 2.21722 2.26786 3.300395 3.27107975 3.33148 0.8168785 0.79214055 0.844512375 "Sim1" "cddo" 13 "Srxn1"
"Srxn1_1.15" 2.51563 2.48962925 2.54364 3.62703 3.59677925 3.65906025 0.979061 0.952743 1.00862 "Sim1" "cddo" 14 "Srxn1"
"Srxn1_1.16" 2.81711 2.7896395 2.84682075 4.04911 4.01730975 4.0824005 1.10061 1.07280975 1.13179025 "Sim1" "cddo" 15 "Srxn1"
"Srxn1_1.17" 3.10525 3.07629 3.13659025 4.45896 4.4260495 4.49357025 1.218575 1.1894 1.25132 "Sim1" "cddo" 16 "Srxn1"
"Srxn1_1.18" 3.40137 3.37099975 3.43415 4.83854 4.80461925 4.87418025 1.35547 1.32488 1.38982025 "Sim1" "cddo" 17 "Srxn1"
"Srxn1_1.19" 3.69984 3.6682795 3.73415 5.24765 5.21263 5.28421125 1.51931 1.48723 1.5552805 "Sim1" "cddo" 18 "Srxn1"
"Srxn1_1.20" 4.00884 3.9760995 4.0448805 5.67503 5.63907925 5.71283075 1.6874 1.65386 1.72521025 "Sim1" "cddo" 19 "Srxn1"
"Srxn1_1.21" 4.29784 4.26398975 4.33529075 6.06985 6.03318925 6.1086405 1.83741 1.80277925 1.87626025 "Sim1" "cddo" 20 "Srxn1"
"Srxn1_1.22" 4.58825 4.55326975 4.6270915 6.46645 6.4290685 6.50625025 1.98135 1.94602 2.02077075 "Sim1" "cddo" 21 "Srxn1"
"Srxn1_1.23" 4.86102 4.82511 4.901021 6.84143 6.80353975 6.88198025 2.07769 2.04197975 2.1171205 "Sim1" "cddo" 22 "Srxn1"
"Srxn1_1.24" 5.15535 5.11830975 5.1967605 7.219135 7.18077875 7.2602905 2.25159 2.21429 2.29244025 "Sim1" "cddo" 23 "Srxn1"
"Srxn1_1.25" 5.44214 5.40414 5.48476 7.59796 7.55920975 7.64018025 2.32267 2.2807195 2.36776075 "Sim1" "cddo" 24 "Srxn1"
"Srxn1_1.26" 5.702165 5.66352 5.745861 7.91954 7.88075925 7.96244075 2.3265 2.28224925 2.37435075 "Sim1" "cddo" 25 "Srxn1"
"Srxn1_1.27" 6.151485 6.1112 6.19698 8.44542 8.40527 8.4898305 2.75835 2.7132 2.8072305 "Sim1" "cddo" 26 "Srxn1"
"Srxn1_1.28" 6.48665 6.4454095 6.5334105 8.77071 8.730159 8.81558075 3.09378 3.0475795 3.14368225 "Sim1" "cddo" 27 "Srxn1"
"Srxn1_1.29" 6.805035 6.76316925 6.8524705 9.19151 9.15 9.23703 3.196405 3.13994975 3.2549015 "Sim1" "cddo" 28 "Srxn1"
"Srxn1_1.30" 7.141905 7.09956975 7.18986125 9.63814 9.59566975 9.6849205 3.379985 3.31028 3.45106025 "Sim1" "cddo" 29 "Srxn1"
"Srxn1_1.31" 7.46261 7.42041975 7.51004025 10.0888 10.0454 10.1365 3.541895 3.45613925 3.62887025 "Sim1" "cddo" 30 "Srxn1"
"Srxn1_1.32" 7.73948 7.69644925 7.78545 10.4936 10.4497 10.5415 3.58856 3.49233875 3.688694 "Sim1" "cddo" 31 "Srxn1"
"Srxn1_1.33" 7.94709 7.89627 7.99752025 10.8917 10.8483 10.939 3.653225 3.5439775 3.7695105 "Sim1" "cddo" 32 "Srxn1"
"Srxn1_1.34" 7.98633 7.9229995 8.0488115 11.2061 11.164 11.2509025 3.63414 3.52427975 3.75169175 "Sim1" "cddo" 33 "Srxn1"
"Srxn1_1.35" 7.92376 7.85717925 7.99122 11.2552 11.2068 11.3042025 3.603745 3.495679 3.71955025 "Sim1" "cddo" 34 "Srxn1"
"Srxn1_1.36" 7.83891 7.77206925 7.90764025 11.3075 11.2434 11.3733025 3.56989 3.46398975 3.6833205 "Sim1" "cddo" 35 "Srxn1"
"Srxn1_1.37" 7.74107 7.67562825 7.8087805 11.2109 11.1405 11.2842 3.536215 3.43248 3.647581 "Sim1" "cddo" 36 "Srxn1"
"Srxn1_1.38" 7.642635 7.57852925 7.70924025 11.0992 11.0252975 11.1781 3.502895 3.401149 3.61205025 "Sim1" "cddo" 37 "Srxn1"
"Srxn1_1.39" 7.544415 7.48166975 7.60940025 10.9573 10.8839 11.0364025 3.47029 3.37058775 3.5771755 "Sim1" "cddo" 38 "Srxn1"
"Srxn1_1.40" 7.44759 7.385779 7.51098 10.8098 10.7376 10.8874 3.43807 3.34012825 3.5431705 "Sim1" "cddo" 39 "Srxn1"
"Srxn1_1.41" 7.352125 7.29134 7.4142005 10.6614 10.5902 10.7373 3.40644 3.31043975 3.509781 "Sim1" "cddo" 40 "Srxn1"
"Srxn1_1.42" 7.25814 7.19779975 7.319731 10.5151 10.4442 10.5896025 3.37532 3.2812595 3.4772605 "Sim1" "cddo" 41 "Srxn1"
"Srxn1_1.43" 7.165575 7.10582 7.22705125 10.3708 10.3005975 10.4443025 3.3447 3.25220975 3.44499 "Sim1" "cddo" 42 "Srxn1"
"Srxn1_1.44" 7.07464 7.01490925 7.13569425 10.2287 10.1583 10.3019 3.314675 3.22367975 3.41326025 "Sim1" "cddo" 43 "Srxn1"
"Srxn1_1.45" 6.98509 6.9248695 7.04624025 10.0889 10.0183975 10.1617 3.2851 3.1955075 3.3819735 "Sim1" "cddo" 44 "Srxn1"
"Srxn1_1.46" 6.896985 6.8363 6.95842075 9.951395 9.87998975 10.0238025 3.2559 3.16768 3.35147025 "Sim1" "cddo" 45 "Srxn1"
"Srxn1_1.47" 6.810205 6.74915975 6.87192 9.815975 9.74413 9.88861375 3.227265 3.14021925 3.3210415 "Sim1" "cddo" 46 "Srxn1"
"Srxn1_1.48" 6.72483 6.66307975 6.78661 9.68267 9.60992975 9.75617025 3.199005 3.1130195 3.29137025 "Sim1" "cddo" 47 "Srxn1"
"Srxn1_1.49" 6.64076 6.57838975 6.70333025 9.551355 9.47740975 9.6257505 3.171165 3.08638975 3.26219075 "Sim1" "cddo" 48 "Srxn1"
"Srxn1_2.1" 0 0 0 0 0 0 0 0 0 "Sim2" "cddo" 0 "Srxn1"
"Srxn1_2.2" 0.02318315 0.021147395 0.025441205 0.02318315 0.021147395 0.025441205 0.02318315 0.021147395 0.025441205 "Sim2" "cddo" 1 "Srxn1"
"Srxn1_2.3" 0.04599495 0.04196027 0.050473 0.04599495 0.04196027 0.050473 0.04599495 0.04196027 0.050473 "Sim2" "cddo" 2 "Srxn1"
"Srxn1_2.4" 0.0685941 0.0625678875 0.075255405 0.0745762 0.06687809 0.08615099 0.068442 0.06245695 0.075094 "Sim2" "cddo" 3 "Srxn1"
"Srxn1_2.5" 0.5907085 0.570712425 0.60450415 0.8086845 0.798393775 0.82045 0.3232765 0.286698925 0.358672025 "Sim2" "cddo" 4 "Srxn1"
"Srxn1_2.6" 1.14575 1.13176 1.1591 1.53178 1.51259975 1.55167 0.7126665 0.683541575 0.7401513 "Sim2" "cddo" 5 "Srxn1"
"Srxn1_2.7" 1.584675 1.55663 1.60659025 2.07772 2.03685975 2.11875075 1.01264 0.992257 1.03193 "Sim2" "cddo" 6 "Srxn1"
"Srxn1_2.8" 1.92609 1.8865295 1.95855075 2.482285 2.42790875 2.53773025 1.26684 1.2488295 1.28529 "Sim2" "cddo" 7 "Srxn1"
"Srxn1_2.9" 2.27512 2.23078 2.31356025 2.89356 2.8338 2.95591075 1.52901 1.50943975 1.54949025 "Sim2" "cddo" 8 "Srxn1"
"Srxn1_2.10" 2.58723 2.54194975 2.62762075 3.26024 3.19932975 3.3240105 1.75121 1.73016975 1.77336075 "Sim2" "cddo" 9 "Srxn1"
"Srxn1_2.11" 2.92727 2.88195975 2.96832 3.677445 3.6165495 3.74138 2.01116 1.98860975 2.0350005 "Sim2" "cddo" 10 "Srxn1"
"Srxn1_2.12" 3.262185 3.21701975 3.30369 4.08539 4.0247895 4.148862 2.2705 2.24650975 2.29593025 "Sim2" "cddo" 11 "Srxn1"
"Srxn1_2.13" 3.624955 3.57990975 3.66669275 4.535535 4.47547975 4.59891 2.55191 2.5265895 2.57896025 "Sim2" "cddo" 12 "Srxn1"
"Srxn1_2.14" 3.99892 3.95371925 4.040971 5.021615 4.96208975 5.08490075 2.82071 2.79422975 2.8491705 "Sim2" "cddo" 13 "Srxn1"
"Srxn1_2.15" 4.39527 4.34995975 4.43791125 5.50533 5.44620875 5.56812025 3.13595 3.10798975 3.16589 "Sim2" "cddo" 14 "Srxn1"
"Srxn1_2.16" 4.79693 4.75163875 4.83978 5.997105 5.93855925 6.0590825 3.453545 3.42417 3.4847005 "Sim2" "cddo" 15 "Srxn1"
"Srxn1_2.17" 5.19026 5.14500975 5.23329025 6.463665 6.4057595 6.52509025 3.78235 3.75155 3.81489025 "Sim2" "cddo" 16 "Srxn1"
"Srxn1_2.18" 5.57895 5.53393925 5.62223 6.958175 6.90068975 7.018871 4.07047 4.03877975 4.10398025 "Sim2" "cddo" 17 "Srxn1"
"Srxn1_2.19" 5.983085 5.93815975 6.02650025 7.463295 7.40656 7.5233705 4.40183 4.36900975 4.43668 "Sim2" "cddo" 18 "Srxn1"
"Srxn1_2.20" 6.41255 6.36792925 6.45609025 7.96891 7.9127595 8.02836025 4.793345 4.7592 4.8296205 "Sim2" "cddo" 19 "Srxn1"
"Srxn1_2.21" 6.81164 6.76729925 6.85506075 8.41366 8.35829975 8.4721405 5.13799 5.10316975 5.1756205 "Sim2" "cddo" 20 "Srxn1"
"Srxn1_2.22" 7.1904 7.146029 7.2338805 8.83306 8.77880925 8.89060025 5.492455 5.45688975 5.5312305 "Sim2" "cddo" 21 "Srxn1"
"Srxn1_2.23" 7.559 7.51494 7.602461 9.279875 9.22648875 9.3365305 5.802405 5.76612 5.8419405 "Sim2" "cddo" 22 "Srxn1"
"Srxn1_2.24" 7.93673 7.89282875 7.980371 9.71583 9.6632495 9.77174075 6.118225 6.08126 6.15873075 "Sim2" "cddo" 23 "Srxn1"
"Srxn1_2.25" 8.317845 8.2739295 8.361541 10.2062 10.1537 10.2612 6.434175 6.39648925 6.47596025 "Sim2" "cddo" 24 "Srxn1"
"Srxn1_2.26" 8.67939 8.63579975 8.723181 10.6604 10.6086 10.7149025 6.7445 6.70609975 6.78730025 "Sim2" "cddo" 25 "Srxn1"
"Srxn1_2.27" 9.183485 9.139789 9.228191 11.1976 11.1462 11.2517 7.1589 7.11917 7.20329125 "Sim2" "cddo" 26 "Srxn1"
"Srxn1_2.28" 9.58754 9.54385875 9.63284075 11.6055 11.5545 11.6592 7.56044 7.51948975 7.6060705 "Sim2" "cddo" 27 "Srxn1"
"Srxn1_2.29" 10.0019 9.95790975 10.0476025 12.0172 11.9668 12.0707025 7.955195 7.9131895 8.0019405 "Sim2" "cddo" 28 "Srxn1"
"Srxn1_2.30" 10.4311 10.3867 10.4779 12.4699 12.4195 12.5234 8.38256 8.33947975 8.43055025 "Sim2" "cddo" 29 "Srxn1"
"Srxn1_2.31" 10.844 10.7994 10.8912 12.9507 12.9 13.0044 8.771895 8.72815975 8.820482 "Sim2" "cddo" 30 "Srxn1"
"Srxn1_2.32" 11.2454 11.2007975 11.2929 13.3836 13.3329975 13.4377 9.165715 9.12182975 9.2144705 "Sim2" "cddo" 31 "Srxn1"
"Srxn1_2.33" 11.6315 11.5873975 11.6783 13.7826 13.7324 13.8364 9.5377 9.4945395 9.58550025 "Sim2" "cddo" 32 "Srxn1"
"Srxn1_2.34" 11.9939 11.9509 12.0389 14.2056 14.1556 14.259 9.850985 9.80638925 9.89733025 "Sim2" "cddo" 33 "Srxn1"
"Srxn1_2.35" 12.1634 12.1157975 12.2111 14.4921 14.4444 14.5423 9.8543 9.80297 9.90613 "Sim2" "cddo" 34 "Srxn1"
"Srxn1_2.36" 12.1868 12.1247975 12.2492 14.6749 14.6185 14.7306025 9.8039 9.7457 9.86372125 "Sim2" "cddo" 35 "Srxn1"
"Srxn1_2.37" 12.1166 12.0442975 12.1915025 14.7023 14.6291975 14.7756025 9.70712 9.64629 9.7707105 "Sim2" "cddo" 36 "Srxn1"
"Srxn1_2.38" 11.9923 11.9157 12.0739 14.5707 14.4889 14.6538 9.592305 9.53078875 9.65673 "Sim2" "cddo" 37 "Srxn1"
"Srxn1_2.39" 11.8365 11.7605975 11.9181025 14.4324 14.3435 14.5258 9.466075 9.4056385 9.52941025 "Sim2" "cddo" 38 "Srxn1"
"Srxn1_2.40" 11.6736 11.5984 11.7536025 14.2385 14.148795 14.3326025 9.33899 9.27961 9.401092 "Sim2" "cddo" 39 "Srxn1"
"Srxn1_2.41" 11.5112 11.4365 11.5894 14.0356 13.9459 14.127505 9.213475 9.15502 9.27458125 "Sim2" "cddo" 40 "Srxn1"
"Srxn1_2.42" 11.3511 11.2768975 11.4285025 13.8351 13.746 13.9259 9.089905 9.03151 9.15054025 "Sim2" "cddo" 41 "Srxn1"
"Srxn1_2.43" 11.1935 11.1192 11.2697 13.638 13.5486975 13.7279 8.96835 8.91008975 9.02838125 "Sim2" "cddo" 42 "Srxn1"
"Srxn1_2.44" 11.0383 10.9638 11.1141 13.4439 13.3534 13.5337 8.84865 8.78997975 8.9082605 "Sim2" "cddo" 43 "Srxn1"
"Srxn1_2.45" 10.8855 10.8101975 10.9611 13.2527 13.1621 13.3431 8.73076 8.67132 8.7906605 "Sim2" "cddo" 44 "Srxn1"
"Srxn1_2.46" 10.7352 10.6587 10.8116 13.0645 12.9728 13.1559025 8.61484 8.55464925 8.67489175 "Sim2" "cddo" 45 "Srxn1"
"Srxn1_2.47" 10.5873 10.5098 10.6646 12.8792 12.7861 12.9719025 8.50054 8.4393795 8.561852 "Sim2" "cddo" 46 "Srxn1"
"Srxn1_2.48" 10.4417 10.3626 10.5201 12.6971 12.6020975 12.7914025 8.38818 8.3258485 8.4509415 "Sim2" "cddo" 47 "Srxn1"
"Srxn1_2.49" 10.2984 10.2174 10.3778 12.5179 12.420695 12.6143025 8.27748 8.21366925 8.3417805 "Sim2" "cddo" 48 "Srxn1"
"Srxn1_3.1" 0 0 0 0 0 0 0 0 0 "Sim3" "cddo" 0 "Srxn1"
"Srxn1_3.2" 0.02318315 0.021147395 0.025441205 0.02318315 0.021147395 0.025441205 0.02318315 0.021147395 0.025441205 "Sim3" "cddo" 1 "Srxn1"
"Srxn1_3.3" 0.04599495 0.04196027 0.050473 0.04599495 0.04196027 0.050473 0.04599495 0.04196027 0.050473 "Sim3" "cddo" 2 "Srxn1"
"Srxn1_3.4" 0.4028675 0.335092975 0.469844175 0.5013345 0.4285709 0.572374 0.2747645 0.21630895 0.33489685 "Sim3" "cddo" 3 "Srxn1"
"Srxn1_3.5" 1.53858 1.47793825 1.59854025 1.80634 1.7420495 1.86959125 1.213215 1.1600795 1.267341 "Sim3" "cddo" 4 "Srxn1"
"Srxn1_3.6" 2.62218 2.58047975 2.66173 3.01959 2.97563975 3.06123 2.06691 2.02898925 2.10411 "Sim3" "cddo" 5 "Srxn1"
"Srxn1_3.7" 3.53527 3.49668 3.575011 4.061465 4.01576975 4.10727 2.84768 2.81643 2.87963075 "Sim3" "cddo" 6 "Srxn1"
"Srxn1_3.8" 4.292175 4.23220975 4.35158025 4.900095 4.8291295 4.96981 3.4613 3.41547 3.5075205 "Sim3" "cddo" 7 "Srxn1"
"Srxn1_3.9" 4.99896 4.9288895 5.06986025 5.681135 5.598818 5.76375025 4.05041 3.99638975 4.10612 "Sim3" "cddo" 8 "Srxn1"
"Srxn1_3.10" 5.69605 5.62271875 5.77125025 6.44015 6.35450975 6.5276705 4.64192 4.584939 4.70123 "Sim3" "cddo" 9 "Srxn1"
"Srxn1_3.11" 6.41608 6.3417685 6.49303025 7.229635 7.14296975 7.319021 5.26116 5.20264975 5.32195025 "Sim3" "cddo" 10 "Srxn1"
"Srxn1_3.12" 7.11862 7.0433795 7.19624025 7.94831 7.86134975 8.03769025 5.958345 5.89916875 6.02018 "Sim3" "cddo" 11 "Srxn1"
"Srxn1_3.13" 7.80788 7.73314975 7.88528 8.625165 8.53851 8.713932 6.6653 6.6053 6.72804025 "Sim3" "cddo" 12 "Srxn1"
"Srxn1_3.14" 8.519005 8.44425875 8.596351 9.350935 9.26486975 9.43935075 7.37788 7.31737975 7.4412305 "Sim3" "cddo" 13 "Srxn1"
"Srxn1_3.15" 9.24492 9.17060975 9.32215025 10.0993 10.0141 10.187 8.10379 8.0426495 8.16766025 "Sim3" "cddo" 14 "Srxn1"
"Srxn1_3.16" 9.94527 9.8718155 10.0219 10.8158 10.7316 10.9024025 8.78638 8.72504 8.85027 "Sim3" "cddo" 15 "Srxn1"
"Srxn1_3.17" 10.6785 10.6054 10.7544025 11.5869 11.5038975 11.6724 9.491545 9.43041975 9.5551905 "Sim3" "cddo" 16 "Srxn1"
"Srxn1_3.18" 11.4131 11.3411975 11.4886 12.3583 12.2766 12.4427 10.1455 10.0850975 10.2087 "Sim3" "cddo" 17 "Srxn1"
"Srxn1_3.19" 12.1411 12.0701 12.2153 13.1497 13.0698 13.2329 10.8179 10.7579975 10.8801 "Sim3" "cddo" 18 "Srxn1"
"Srxn1_3.20" 12.8734 12.8038975 12.9464 13.9266 13.8478 14.0084025 11.4896 11.4297975 11.5507025 "Sim3" "cddo" 19 "Srxn1"
"Srxn1_3.21" 13.57955 13.5116 13.6508025 14.6904 14.6132975 14.7703 12.1585 12.0998 12.2186 "Sim3" "cddo" 20 "Srxn1"
"Srxn1_3.22" 14.2677 14.2014 14.3373 15.4711 15.3961 15.549 12.8101 12.7529 12.8692 "Sim3" "cddo" 21 "Srxn1"
"Srxn1_3.23" 14.9631 14.8985 15.0314 16.2851 16.212 16.3612 13.4449 13.389 13.5025025 "Sim3" "cddo" 22 "Srxn1"
"Srxn1_3.24" 15.5955 15.5324 15.6615 16.9844 16.9129975 17.0585 14.0426 13.988 14.0992 "Sim3" "cddo" 23 "Srxn1"
"Srxn1_3.25" 16.2862 16.2247 16.3502 17.762 17.6925975 17.8344 14.6681 14.6145 14.7235 "Sim3" "cddo" 24 "Srxn1"
"Srxn1_3.26" 16.9918 16.9319 17.0548 18.5522 18.4844 18.6228025 15.3045 15.2518975 15.3589 "Sim3" "cddo" 25 "Srxn1"
"Srxn1_3.27" 17.8388 17.7798 17.9009 19.6421 19.5753 19.7119 15.9389 15.8877 15.9925 "Sim3" "cddo" 26 "Srxn1"
"Srxn1_3.28" 18.5876 18.5295 18.6485 20.6252 20.5595 20.6938025 16.5744 16.5236 16.6271 "Sim3" "cddo" 27 "Srxn1"
"Srxn1_3.29" 19.3334 19.276 19.3936 21.6299 21.5647 21.6977 17.1794 17.1286 17.2316 "Sim3" "cddo" 28 "Srxn1"
"Srxn1_3.30" 20.0914 20.0336 20.1511025 22.59915 22.5337975 22.6665 17.823 17.7719 17.8751 "Sim3" "cddo" 29 "Srxn1"
"Srxn1_3.31" 20.8396 20.781 20.8992025 23.5934 23.5271975 23.6604 18.4399 18.3881 18.4927 "Sim3" "cddo" 30 "Srxn1"
"Srxn1_3.32" 21.5354 21.4757 21.5954 24.5237 24.4561975 24.5917025 18.9946 18.9417 19.0484 "Sim3" "cddo" 31 "Srxn1"
"Srxn1_3.33" 22.2435 22.1819 22.3053 25.474 25.4042 25.5433 19.5371 19.4824 19.5922 "Sim3" "cddo" 32 "Srxn1"
"Srxn1_3.34" 22.9376 22.8737 23.0015 26.3908 26.3189 26.4628 20.0867 20.0302 20.1435 "Sim3" "cddo" 33 "Srxn1"
"Srxn1_3.35" 23.583 23.5164975 23.6492025 27.2718 27.1966975 27.346305 20.5621 20.5038 20.6204 "Sim3" "cddo" 34 "Srxn1"
"Srxn1_3.36" 24.1913 24.1222975 24.2606025 28.0844 28.0058975 28.1625025 21.0213 20.9622 21.08 "Sim3" "cddo" 35 "Srxn1"
"Srxn1_3.37" 24.7942 24.7224 24.8661025 28.9386 28.8558 29.0210025 21.4478 21.3899 21.5044025 "Sim3" "cddo" 36 "Srxn1"
"Srxn1_3.38" 25.3503 25.277 25.4231 29.7625 29.6749 29.8501025 21.7876 21.7304975 21.8433 "Sim3" "cddo" 37 "Srxn1"
"Srxn1_3.39" 25.8488 25.7768975 25.9193025 30.5742 30.481395 30.6662 21.9757 21.906 22.0426 "Sim3" "cddo" 38 "Srxn1"
"Srxn1_3.40" 26.1633 26.0913 26.234 31.3502 31.2532975 31.4459025 21.881 21.7920975 21.9698 "Sim3" "cddo" 39 "Srxn1"
"Srxn1_3.41" 26.2666 26.1772 26.3537 32.0608 31.9638 32.1564025 21.6704 21.5681 21.7745 "Sim3" "cddo" 40 "Srxn1"
"Srxn1_3.42" 26.0932 25.9833 26.2032 32.6689 32.5749975 32.7610025 21.3753 21.269 21.4827 "Sim3" "cddo" 41 "Srxn1"
"Srxn1_3.43" 25.7966 25.6755 25.9208 33.1101 33.0122 33.2072025 21.0638 20.9564 21.1724025 "Sim3" "cddo" 42 "Srxn1"
"Srxn1_3.44" 25.4537 25.3269 25.5848 33.3057 33.1791975 33.4299 20.754 20.644195 20.8638025 "Sim3" "cddo" 43 "Srxn1"
"Srxn1_3.45" 25.0849 24.954 25.2189 33.1426 32.9844 33.3022025 20.4472 20.3346975 20.5595 "Sim3" "cddo" 44 "Srxn1"
"Srxn1_3.46" 24.71235 24.577895 24.8499 32.7717 32.597895 32.9492 20.1444 20.0293 20.2603 "Sim3" "cddo" 45 "Srxn1"
"Srxn1_3.47" 24.3432 24.2055 24.4848 32.3317 32.1508975 32.5197025 19.84635 19.7278975 19.966 "Sim3" "cddo" 46 "Srxn1"
"Srxn1_3.48" 23.9788 23.8377975 24.1252025 31.8786 31.6905975 32.0739025 19.55295 19.4301 19.6772 "Sim3" "cddo" 47 "Srxn1"
"Srxn1_3.49" 23.6198 23.4734975 23.7721025 31.4134 31.2214 31.6139025 19.2642 19.1371975 19.3938025 "Sim3" "cddo" 48 "Srxn1"
"Srxn1_4.1" 0 0 0 0 0 0 0 0 0 "Sim4" "cddo" 0 "Srxn1"
"Srxn1_4.2" 0.02318315 0.021147395 0.025441205 0.02318315 0.021147395 0.025441205 0.02318315 0.021147395 0.025441205 "Sim4" "cddo" 1 "Srxn1"
"Srxn1_4.3" 0.04599495 0.04196027 0.050473 0.04599495 0.04196027 0.050473 0.04599495 0.04196027 0.050473 "Sim4" "cddo" 2 "Srxn1"
"Srxn1_4.4" 0.369491 0.30368185 0.43482135 0.6530785 0.57418525 0.7294583 0.07242115 0.0655439975 0.081448705 "Sim4" "cddo" 3 "Srxn1"
"Srxn1_4.5" 1.404975 1.3456795 1.4640205 2.07732 2.0078885 2.1450115 0.654028 0.639796875 0.667366025 "Sim4" "cddo" 4 "Srxn1"
"Srxn1_4.6" 2.46016 2.41958 2.49903 3.49798 3.45132 3.5421905 1.29809 1.28339 1.3124605 "Sim4" "cddo" 5 "Srxn1"
"Srxn1_4.7" 3.34503 3.30817975 3.3830505 4.690105 4.6343395 4.7446405 1.8236 1.78855925 1.85419075 "Sim4" "cddo" 6 "Srxn1"
"Srxn1_4.8" 4.111105 4.0528595 4.16894025 5.680025 5.593139 5.764821 2.29625 2.24525 2.34399 "Sim4" "cddo" 7 "Srxn1"
"Srxn1_4.9" 4.833335 4.76477875 4.9031005 6.580745 6.48082775 6.6805805 2.75213 2.69491975 2.80764075 "Sim4" "cddo" 8 "Srxn1"
"Srxn1_4.10" 5.542025 5.470059 5.61609025 7.46678 7.3628595 7.5725305 3.180615 3.12199925 3.23821075 "Sim4" "cddo" 9 "Srxn1"
"Srxn1_4.11" 6.25938 6.1863095 6.3351805 8.35407 8.2488885 8.46153 3.62148 3.562729 3.67955025 "Sim4" "cddo" 10 "Srxn1"
"Srxn1_4.12" 6.99594 6.921879 7.07269025 9.23516 9.12961675 9.34343125 4.08923 4.03068975 4.1474615 "Sim4" "cddo" 11 "Srxn1"
"Srxn1_4.13" 7.712045 7.6383465 7.78885 10.1067 10.0016 10.2144 4.57233 4.51422725 4.63055075 "Sim4" "cddo" 12 "Srxn1"
"Srxn1_4.14" 8.458345 8.38454975 8.53514025 10.982 10.8776975 11.0893 5.09551 5.0377095 5.1538 "Sim4" "cddo" 13 "Srxn1"
"Srxn1_4.15" 9.20706 9.13349 9.2837505 11.89465 11.791 12.0013025 5.59025 5.5326285 5.64815025 "Sim4" "cddo" 14 "Srxn1"
"Srxn1_4.16" 9.955755 9.8826195 10.0321 12.75 12.6478875 12.8550025 6.11756 6.060519 6.17541025 "Sim4" "cddo" 15 "Srxn1"
"Srxn1_4.17" 10.6795 10.6070975 10.755205 13.5616 13.4609 13.6651025 6.651545 6.59468 6.70924125 "Sim4" "cddo" 16 "Srxn1"
"Srxn1_4.18" 11.3999 11.3284 11.4752 14.3927 14.294 14.4944 7.153445 7.0971595 7.2107105 "Sim4" "cddo" 17 "Srxn1"
"Srxn1_4.19" 12.1212 12.0507 12.1952 15.2545 15.1576975 15.3544025 7.6555 7.59993875 7.71222375 "Sim4" "cddo" 18 "Srxn1"
"Srxn1_4.20" 12.8312 12.7624 12.9039 16.0878 15.9931975 16.1855025 8.182835 8.12764925 8.23871 "Sim4" "cddo" 19 "Srxn1"
"Srxn1_4.21" 13.5712 13.5032975 13.6421025 16.9189 16.8262 17.0144025 8.750685 8.6962 8.806001 "Sim4" "cddo" 20 "Srxn1"
"Srxn1_4.22" 14.3003 14.2342975 14.3698 17.7468 17.6563975 17.8403025 9.26782 9.21408625 9.32214075 "Sim4" "cddo" 21 "Srxn1"
"Srxn1_4.23" 15.0336 14.9692 15.1016 18.6188 18.5307 18.7099025 9.81319 9.75984 9.86687 "Sim4" "cddo" 22 "Srxn1"
"Srxn1_4.24" 15.7695 15.7063975 15.8358 19.4496 19.3641 19.5385 10.4208 10.3677975 10.4741 "Sim4" "cddo" 23 "Srxn1"
"Srxn1_4.25" 16.4787 16.4169975 16.5433025 20.2539 20.1705 20.3402 10.9749 10.9221 11.0279025 "Sim4" "cddo" 24 "Srxn1"
"Srxn1_4.26" 17.1619 17.1019975 17.2251 21.016 20.9351 21.1 11.5428 11.4907 11.5952 "Sim4" "cddo" 25 "Srxn1"
"Srxn1_4.27" 18.0635 18.0037 18.1258 21.9036 21.8243975 21.9857 12.4791 12.4262 12.5320025 "Sim4" "cddo" 26 "Srxn1"
"Srxn1_4.28" 18.9164 18.8576 18.9778 22.7906 22.7129 22.8712025 13.2858 13.2328 13.3398 "Sim4" "cddo" 27 "Srxn1"
"Srxn1_4.29" 19.7829 19.7245 19.8439 23.6721 23.5953 23.7511 14.1019 14.0484 14.1568 "Sim4" "cddo" 28 "Srxn1"
"Srxn1_4.30" 20.6935 20.6346 20.754 24.6504 24.5744975 24.7285025 14.8582 14.8044 14.9140025 "Sim4" "cddo" 29 "Srxn1"
"Srxn1_4.31" 21.6005 21.5405 21.6610025 25.6296 25.5531975 25.7076025 15.6391 15.5842 15.6958 "Sim4" "cddo" 30 "Srxn1"
"Srxn1_4.32" 22.4724 22.4110975 22.5342 26.5788 26.5011 26.6574 16.3543 16.2986975 16.4124 "Sim4" "cddo" 31 "Srxn1"
"Srxn1_4.33" 23.3323 23.2688 23.3953 27.4909 27.4111 27.5709025 17.1373 17.0804 17.1968 "Sim4" "cddo" 32 "Srxn1"
"Srxn1_4.34" 24.1867 24.1208975 24.2518025 28.3947 28.3121975 28.4772 17.9249 17.8667 17.986 "Sim4" "cddo" 33 "Srxn1"
"Srxn1_4.35" 25.0261 24.957 25.0943 29.2931 29.2078 29.3785 18.6785 18.6184 18.7420025 "Sim4" "cddo" 34 "Srxn1"
"Srxn1_4.36" 25.8235 25.7513 25.8952 30.1305 30.0418 30.2195025 19.4012 19.3397 19.4668025 "Sim4" "cddo" 35 "Srxn1"
"Srxn1_4.37" 26.6245 26.5485 26.7003 31.026 30.9330975 31.1198 20.0329 19.9707 20.0992 "Sim4" "cddo" 36 "Srxn1"
"Srxn1_4.38" 27.405 27.3242 27.4845025 31.8615 31.7633 31.9606 20.6491 20.588 20.7136 "Sim4" "cddo" 37 "Srxn1"
"Srxn1_4.39" 28.1738 28.0892 28.2577 32.7012 32.5969975 32.8066 21.2522 21.1931 21.3128 "Sim4" "cddo" 38 "Srxn1"
"Srxn1_4.40" 28.848 28.7627 28.9309 33.422 33.3139975 33.5316 21.7332 21.6747 21.7918 "Sim4" "cddo" 39 "Srxn1"
"Srxn1_4.41" 29.4364 29.3547975 29.5155025 34.1106 34.0006 34.2212 22.0343 21.9553 22.1085 "Sim4" "cddo" 40 "Srxn1"
"Srxn1_4.42" 29.88215 29.8 29.9623025 34.7331 34.6256975 34.8418025 21.9889 21.8851 22.0908 "Sim4" "cddo" 41 "Srxn1"
"Srxn1_4.43" 30.0301 29.923695 30.134205 35.2 35.0894975 35.310205 21.7955 21.6777 21.9157025 "Sim4" "cddo" 42 "Srxn1"
"Srxn1_4.44" 29.945 29.8065975 30.0844 35.3689 35.236395 35.5002 21.52805 21.4052 21.6544025 "Sim4" "cddo" 43 "Srxn1"
"Srxn1_4.45" 29.6188 29.4668 29.774305 35.1361 34.978 35.2955025 21.2218 21.0981 21.348 "Sim4" "cddo" 44 "Srxn1"
"Srxn1_4.46" 29.20375 29.0471975 29.3653025 34.70795 34.5363 34.8839 20.9095 20.7865975 21.0346 "Sim4" "cddo" 45 "Srxn1"
"Srxn1_4.47" 28.77215 28.6132925 28.9367025 34.2224 34.0422975 34.4076 20.5996 20.4784975 20.7245 "Sim4" "cddo" 46 "Srxn1"
"Srxn1_4.48" 28.3408 28.1791975 28.5082 33.7184 33.5323875 33.9108 20.2947 20.1735 20.4195025 "Sim4" "cddo" 47 "Srxn1"
"Srxn1_4.49" 27.9133 27.7489 28.083405 33.2092 33.0183975 33.4075025 19.994 19.8722 20.1194025 "Sim4" "cddo" 48 "Srxn1"
"Srxn1_5.1" 0 0 0 0 0 0 0 0 0 "Sim5" "cddo" 0 "Srxn1"
"Srxn1_5.2" 0.02318315 0.021147395 0.025441205 0.02318315 0.021147395 0.025441205 0.02318315 0.021147395 0.025441205 "Sim5" "cddo" 1 "Srxn1"
"Srxn1_5.3" 0.04599495 0.04196027 0.050473 0.04599495 0.04196027 0.050473 0.04599495 0.04196027 0.050473 "Sim5" "cddo" 2 "Srxn1"
"Srxn1_5.4" 0.8454485 0.760744725 0.925451625 1.30828 1.227119 1.37339075 0.184726 0.138739925 0.2369038 "Sim5" "cddo" 3 "Srxn1"
"Srxn1_5.5" 2.11204 2.036359 2.184571 2.88891 2.81736 2.94553075 0.944593 0.9015436 0.992346375 "Sim5" "cddo" 4 "Srxn1"
"Srxn1_5.6" 3.31165 3.25650975 3.36225075 4.28394 4.23430925 4.32523025 1.77509 1.74574975 1.80636025 "Sim5" "cddo" 5 "Srxn1"
"Srxn1_5.7" 4.31717 4.26968975 4.3669305 5.50013 5.43632975 5.5614005 2.42358 2.39684975 2.4506805 "Sim5" "cddo" 6 "Srxn1"
"Srxn1_5.8" 5.18434 5.1153 5.25388 6.529045 6.4311 6.62262025 2.984075 2.94373975 3.0252115 "Sim5" "cddo" 7 "Srxn1"
"Srxn1_5.9" 6.039975 5.959049 6.1225435 7.551775 7.43856825 7.66259025 3.51349 3.46559 3.56333025 "Sim5" "cddo" 8 "Srxn1"
"Srxn1_5.10" 6.90847 6.82313975 6.99693125 8.5982 8.48035975 8.71597 4.043675 3.99310675 4.096701 "Sim5" "cddo" 9 "Srxn1"
"Srxn1_5.11" 7.78382 7.69672975 7.8742405 9.65013 9.5307895 9.77025025 4.58747 4.53589975 4.6420705 "Sim5" "cddo" 10 "Srxn1"
"Srxn1_5.12" 8.651115 8.56305825 8.74264025 10.7118 10.5924975 10.8324 5.108985 5.05719825 5.16398175 "Sim5" "cddo" 11 "Srxn1"
"Srxn1_5.13" 9.537445 9.4488 9.62948025 11.77665 11.6572 11.8976 5.6772 5.62466975 5.73268025 "Sim5" "cddo" 12 "Srxn1"
"Srxn1_5.14" 10.432 10.3432975 10.5243 12.8441 12.7259 12.9652 6.262745 6.20968 6.3186 "Sim5" "cddo" 13 "Srxn1"
"Srxn1_5.15" 11.3256 11.237 11.4178 13.9331 13.8155 14.0532025 6.824205 6.77110925 6.88015025 "Sim5" "cddo" 14 "Srxn1"
"Srxn1_5.16" 12.2241 12.1361 12.3159 14.993 14.8766 15.1121025 7.39309 7.339809 7.44891025 "Sim5" "cddo" 15 "Srxn1"
"Srxn1_5.17" 13.1026 13.015695 13.1938025 16.0691 15.9539 16.1870025 7.99384 7.9405695 8.04945 "Sim5" "cddo" 16 "Srxn1"
"Srxn1_5.18" 13.9733 13.8872975 14.0635 17.1197 17.0064 17.236 8.60333 8.55001975 8.65862 "Sim5" "cddo" 17 "Srxn1"
"Srxn1_5.19" 14.871 14.7863975 14.9598 18.1622 18.0505975 18.2765025 9.234505 9.18119975 9.2895305 "Sim5" "cddo" 18 "Srxn1"
"Srxn1_5.20" 15.7735 15.6906 15.8609 19.2354 19.1258 19.3476025 9.88294 9.82992975 9.937391 "Sim5" "cddo" 19 "Srxn1"
"Srxn1_5.21" 16.678 16.5967 16.7638025 20.2701 20.162495 20.38 10.5283 10.4757 10.5821 "Sim5" "cddo" 20 "Srxn1"
"Srxn1_5.22" 17.5877 17.508 17.6716025 21.332 21.2268975 21.4398 11.1731 11.1212 11.2263025 "Sim5" "cddo" 21 "Srxn1"
"Srxn1_5.23" 18.4601 18.3824 18.5426025 22.3592 22.2571 22.4647 11.8072 11.7559 11.8595 "Sim5" "cddo" 22 "Srxn1"
"Srxn1_5.24" 19.3478 19.2721 19.4282 23.3695 23.2698975 23.4719025 12.4773 12.4266 12.5289 "Sim5" "cddo" 23 "Srxn1"
"Srxn1_5.25" 20.2394 20.1653975 20.3176025 24.4175 24.3201 24.5178 13.12985 13.0796975 13.1808 "Sim5" "cddo" 24 "Srxn1"
"Srxn1_5.26" 21.1282 21.0558 21.2042 25.462 25.3669 25.5606 13.7757 13.726 13.8262 "Sim5" "cddo" 25 "Srxn1"
"Srxn1_5.27" 22.1544 22.0828975 22.2287 26.50775 26.4137 26.6038 14.8298 14.7789 14.8807 "Sim5" "cddo" 26 "Srxn1"
"Srxn1_5.28" 23.1889 23.1181 23.2624 27.6499 27.5570975 27.7446 15.8503 15.7986 15.9024025 "Sim5" "cddo" 27 "Srxn1"
"Srxn1_5.29" 24.2228 24.1521 24.2955025 28.8573 28.7652975 28.9503 16.849 16.7958 16.9026 "Sim5" "cddo" 28 "Srxn1"
"Srxn1_5.30" 25.3052 25.2339 25.3773 30.1314 30.0391 30.2237 17.87 17.8154975 17.9252 "Sim5" "cddo" 29 "Srxn1"
"Srxn1_5.31" 26.4048 26.3322 26.477 31.3937 31.3007 31.487 18.9463 18.89 19.0034025 "Sim5" "cddo" 30 "Srxn1"
"Srxn1_5.32" 27.5043 27.4299 27.5777 32.6524 32.5573 32.7472025 20.0242 19.9662975 20.0836 "Sim5" "cddo" 31 "Srxn1"
"Srxn1_5.33" 28.6298 28.5533 28.7057 33.9399 33.8419 34.0369025 21.14365 21.0827 21.2061 "Sim5" "cddo" 32 "Srxn1"
"Srxn1_5.34" 29.6942 29.6144 29.7729 35.1297 35.0286 35.23 22.1711 22.1074 22.2365025 "Sim5" "cddo" 33 "Srxn1"
"Srxn1_5.35" 30.7388 30.6556 30.821 36.3192 36.2146 36.4239 23.2173 23.1505975 23.2863025 "Sim5" "cddo" 34 "Srxn1"
"Srxn1_5.36" 31.7557 31.6679 31.842605 37.4456 37.336 37.5554025 24.2479 24.1776975 24.3208 "Sim5" "cddo" 35 "Srxn1"
"Srxn1_5.37" 32.7245 32.6306975 32.8168 38.5166 38.4006 38.632805 25.2283 25.1543 25.3050025 "Sim5" "cddo" 36 "Srxn1"
"Srxn1_5.38" 33.6824 33.5821 33.7803 39.5949 39.472 39.7183 26.1669 26.0892 26.2479025 "Sim5" "cddo" 37 "Srxn1"
"Srxn1_5.39" 34.6695 34.5625 34.774 40.73875 40.6076 40.8706 27.10675 27.0246975 27.1911 "Sim5" "cddo" 38 "Srxn1"
"Srxn1_5.40" 35.614 35.5009 35.7255025 41.8419 41.7025 41.9825 28.0404 27.9548925 28.1282 "Sim5" "cddo" 39 "Srxn1"
"Srxn1_5.41" 36.506 36.3878975 36.6241 42.9147 42.7655 43.064305 28.8892 28.8022975 28.9762 "Sim5" "cddo" 40 "Srxn1"
"Srxn1_5.42" 37.3254 37.2042 37.4464 43.9433 43.7853975 44.1027025 29.6177 29.5356 29.6996 "Sim5" "cddo" 41 "Srxn1"
"Srxn1_5.43" 38.0734 37.9535975 38.1924 44.9842 44.8196 45.1514 30.1015 30.0184975 30.1833 "Sim5" "cddo" 42 "Srxn1"
"Srxn1_5.44" 38.6059 38.4876 38.7225 45.9546 45.7864925 46.1255025 30.3252 30.2113975 30.435405 "Sim5" "cddo" 43 "Srxn1"
"Srxn1_5.45" 38.8278 38.6886975 38.9656025 46.7717 46.6049975 46.9401075 30.17035 30.0274 30.3139025 "Sim5" "cddo" 44 "Srxn1"
"Srxn1_5.46" 38.7126 38.5379975 38.8901025 47.2979 47.128895 47.4689025 29.864 29.7043975 30.0287025 "Sim5" "cddo" 45 "Srxn1"
"Srxn1_5.47" 38.3357 38.1368975 38.5417025 47.4606 47.260895 47.66001 29.4559 29.2921 29.6252025 "Sim5" "cddo" 46 "Srxn1"
"Srxn1_5.48" 37.8345 37.6225975 38.0539 47.22385 46.9838 47.4671025 29.0191 28.8567 29.1889 "Sim5" "cddo" 47 "Srxn1"
"Srxn1_5.49" 37.2828 37.0667925 37.5103025 46.6927 46.4293975 46.9639 28.5823 28.4177975 28.7533 "Sim5" "cddo" 48 "Srxn1"
"Srxn1_6.1" 0 0 0 0 0 0 0 0 0 "Sim6" "cddo" 0 "Srxn1"
"Srxn1_6.2" 0.02318315 0.021147395 0.025441205 0.02318315 0.021147395 0.025441205 0.02318315 0.021147395 0.025441205 "Sim6" "cddo" 1 "Srxn1"
"Srxn1_6.3" 0.0459951 0.0419608675 0.0504732 0.0459958 0.0419622575 0.0504737 0.04599495 0.04196047 0.0504731 "Sim6" "cddo" 2 "Srxn1"
"Srxn1_6.4" 1.08869 1.00143975 1.1664215 1.41798 1.3438095 1.4732 0.7308065 0.649421975 0.809005075 "Sim6" "cddo" 3 "Srxn1"
"Srxn1_6.5" 2.432575 2.35471925 2.5021105 3.045275 2.98028 3.09283 1.77458 1.70075825 1.8465615 "Sim6" "cddo" 4 "Srxn1"
"Srxn1_6.6" 3.779255 3.7239195 3.827521 4.55213 4.5079995 4.59020025 2.92836 2.87485975 2.97826025 "Sim6" "cddo" 5 "Srxn1"
"Srxn1_6.7" 4.91815 4.86301975 4.97413025 5.80487 5.7322485 5.87078025 3.88822 3.8441895 3.93426 "Sim6" "cddo" 6 "Srxn1"
"Srxn1_6.8" 5.900165 5.8163 5.98296125 6.90757 6.7958685 7.01066075 4.69604 4.6334385 4.759701 "Sim6" "cddo" 7 "Srxn1"
"Srxn1_6.9" 6.841755 6.744289 6.940322 7.96256 7.83530825 8.08421 5.46955 5.3962975 5.5447605 "Sim6" "cddo" 8 "Srxn1"
"Srxn1_6.10" 7.775715 7.67414 7.8803205 9.02794 8.896348 9.1559625 6.23184 6.15491 6.3116705 "Sim6" "cddo" 9 "Srxn1"
"Srxn1_6.11" 8.73748 8.63419975 8.84444075 10.1625 10.0297975 10.2928 7.003035 6.92442775 7.08472075 "Sim6" "cddo" 10 "Srxn1"
"Srxn1_6.12" 9.726985 9.62290925 9.83499 11.31445 11.1817 11.4460025 7.77919 7.69996875 7.86176025 "Sim6" "cddo" 11 "Srxn1"
"Srxn1_6.13" 10.7325 10.6279 10.8408 12.4634 12.331295 12.5949025 8.59884 8.5190295 8.68216 "Sim6" "cddo" 12 "Srxn1"
"Srxn1_6.14" 11.7478 11.643 11.8555025 13.5829 13.4517 13.7145025 9.409155 9.329399 9.4927015 "Sim6" "cddo" 13 "Srxn1"
"Srxn1_6.15" 12.7582 12.6536975 12.8651025 14.6827 14.5533975 14.8135 10.2492 10.1693975 10.3327 "Sim6" "cddo" 14 "Srxn1"
"Srxn1_6.16" 13.7971 13.6933 13.9035075 15.7982 15.67 15.9278 11.13975 11.0598975 11.2237 "Sim6" "cddo" 15 "Srxn1"
"Srxn1_6.17" 14.8468 14.7444975 14.9528 16.9143 16.7881 17.0423025 12.079 11.9993 12.1626025 "Sim6" "cddo" 16 "Srxn1"
"Srxn1_6.18" 15.8391 15.7381975 15.9438025 18.0664 17.942195 18.1929025 12.8341 12.7555 12.9166025 "Sim6" "cddo" 17 "Srxn1"
"Srxn1_6.19" 16.8032 16.7038 16.906 19.16 19.037695 19.284205 13.5334 13.4565 13.6141025 "Sim6" "cddo" 18 "Srxn1"
"Srxn1_6.20" 17.7788 17.6818 17.8798 20.2678 20.1474 20.3894025 14.289 14.2137975 14.3683025 "Sim6" "cddo" 19 "Srxn1"
"Srxn1_6.21" 18.7671 18.6719975 18.8663025 21.36285 21.2447975 21.4820025 15.0621 14.9888975 15.14 "Sim6" "cddo" 20 "Srxn1"
"Srxn1_6.22" 19.765 19.6717975 19.8624 22.4656 22.3496925 22.5825025 15.877 15.8052 15.9531025 "Sim6" "cddo" 21 "Srxn1"
"Srxn1_6.23" 20.7541 20.6629975 20.8491 23.5701 23.4566 23.6845025 16.6264 16.5567 16.7009 "Sim6" "cddo" 22 "Srxn1"
"Srxn1_6.24" 21.7701 21.6813975 21.8625025 24.671 24.5609 24.7821025 17.4616 17.3932975 17.5346 "Sim6" "cddo" 23 "Srxn1"
"Srxn1_6.25" 22.7884 22.7015975 22.8793075 25.7938 25.6861 25.9028 18.2699 18.2029975 18.341 "Sim6" "cddo" 24 "Srxn1"
"Srxn1_6.26" 23.829 23.7441 23.918 26.9267 26.8214 27.0331 19.1504 19.085 19.2197 "Sim6" "cddo" 25 "Srxn1"
"Srxn1_6.27" 24.955 24.8713975 25.0417 28.0852 27.9813 28.1895025 20.2341 20.1691 20.3019 "Sim6" "cddo" 26 "Srxn1"
"Srxn1_6.28" 26.123 26.0400975 26.2083 29.3341 29.2319 29.436505 21.2731 21.2087 21.3402025 "Sim6" "cddo" 27 "Srxn1"
"Srxn1_6.29" 27.2821 27.2 27.3664 30.6328 30.5312 30.7342 22.3553 22.2907 22.4219 "Sim6" "cddo" 28 "Srxn1"
"Srxn1_6.30" 28.4779 28.3958 28.5616025 31.9682 31.8662975 32.0690025 23.4586 23.3932975 23.524905 "Sim6" "cddo" 29 "Srxn1"
"Srxn1_6.31" 29.7224 29.6384 29.8061025 33.36435 33.2619 33.4653025 24.581 24.514 24.6477 "Sim6" "cddo" 30 "Srxn1"
"Srxn1_6.32" 30.9954 30.909 31.0801 34.7407 34.6366 34.8439 25.7274 25.6585 25.7953 "Sim6" "cddo" 31 "Srxn1"
"Srxn1_6.33" 32.2781 32.1889 32.3653 36.1409 36.0335 36.2466 26.888 26.8176 26.958 "Sim6" "cddo" 32 "Srxn1"
"Srxn1_6.34" 33.5259 33.4337 33.6166025 37.48 37.369495 37.589605 28.0037 27.93 28.0765 "Sim6" "cddo" 33 "Srxn1"
"Srxn1_6.35" 34.7397 34.6435 34.8346 38.87255 38.7581975 38.9860025 29.0315 28.9542 29.1074025 "Sim6" "cddo" 34 "Srxn1"
"Srxn1_6.36" 35.9283 35.8275 36.0286 40.2582 40.1385975 40.3773025 30.0374 29.9557 30.1174 "Sim6" "cddo" 35 "Srxn1"
"Srxn1_6.37" 37.08385 36.9769975 37.1899 41.5807 41.4546975 41.7065025 30.9788 30.8915 31.0638 "Sim6" "cddo" 36 "Srxn1"
"Srxn1_6.38" 38.2812 38.1676 38.3942 42.932 42.7984975 43.0648 31.9369 31.8438 32.0276 "Sim6" "cddo" 37 "Srxn1"
"Srxn1_6.39" 39.4666 39.3446 39.5873025 44.3012 44.1596 44.4430025 32.8583 32.7591 32.9546 "Sim6" "cddo" 38 "Srxn1"
"Srxn1_6.40" 40.6072 40.4776 40.7366 45.6324 45.4812 45.7841025 33.763 33.657795 33.8655 "Sim6" "cddo" 39 "Srxn1"
"Srxn1_6.41" 41.7707 41.6326975 41.9092025 46.9835 46.8213975 47.1448 34.6797 34.5699 34.7874 "Sim6" "cddo" 40 "Srxn1"
"Srxn1_6.42" 42.9402 42.7935 43.0878 48.4265 48.25419 48.5992025 35.5622 35.4495 35.6728 "Sim6" "cddo" 41 "Srxn1"
"Srxn1_6.43" 44.1083 43.9527975 44.2646 49.8554 49.6724975 50.0398 36.4345 36.3221 36.5447 "Sim6" "cddo" 42 "Srxn1"
"Srxn1_6.44" 45.22625 45.0644 45.3887025 51.2097 51.0162 51.4052025 37.2422 37.1311975 37.3511025 "Sim6" "cddo" 43 "Srxn1"
"Srxn1_6.45" 46.2561 46.0932 46.4188 52.5245 52.3226975 52.7292025 37.8196 37.6977 37.9384 "Sim6" "cddo" 44 "Srxn1"
"Srxn1_6.46" 47.1183 46.9563975 47.2780025 53.7522 53.5452975 53.9622025 38.0447 37.8816975 38.2035 "Sim6" "cddo" 45 "Srxn1"
"Srxn1_6.47" 47.5972 47.4208 47.7723025 54.8528 54.6425 55.0607025 37.7269 37.5376975 37.9183075 "Sim6" "cddo" 46 "Srxn1"
"Srxn1_6.48" 47.6873 47.4619 47.9098 55.756 55.5424 55.9694 37.2909 37.0854 37.5029 "Sim6" "cddo" 47 "Srxn1"
"Srxn1_6.49" 47.3357 47.0729925 47.603105 56.0941 55.8407975 56.3415025 36.7628 36.5490975 36.9831 "Sim6" "cddo" 48 "Srxn1"
