"medianM" "LCLM" "UCLM" "medianH" "LCLH" "UCLH" "medianL" "LCLL" "UCLL" "Simulation" "Chemical" "Times" "variables"
"Srxn1_1.1" 0 0 0 0 0 0 0 0 0 "Sim1" "Cddo" 0 "Srxn1"
"Srxn1_1.2" 0.0231916 0.0211461 0.0254448 0.0231916 0.0211461 0.0254448 0.0231916 0.0211461 0.0254448 "Sim1" "Cddo" 1 "Srxn1"
"Srxn1_1.3" 0.0460154 0.04195778 0.050478405 0.0460154 0.04195778 0.050478405 0.0460154 0.04195778 0.050478405 "Sim1" "Cddo" 2 "Srxn1"
"Srxn1_1.4" 0.0684772 0.0624379 0.0751138025 0.0684772 0.0624379975 0.075113805 0.0684772 0.0624379 0.0751138025 "Sim1" "Cddo" 3 "Srxn1"
"Srxn1_1.5" 0.1689265 0.141832775 0.198104425 0.2959585 0.26085365 0.3308755 0.09058025 0.0826003775 0.0993588025 "Sim1" "Cddo" 4 "Srxn1"
"Srxn1_1.6" 0.466533 0.444483775 0.490283275 0.7327245 0.70561405 0.759245475 0.1655305 0.148834925 0.18334935 "Sim1" "Cddo" 5 "Srxn1"
"Srxn1_1.7" 0.7155535 0.699466425 0.732552575 1.11675 1.09922975 1.13413025 0.2545285 0.2383158 0.2717718 "Sim1" "Cddo" 6 "Srxn1"
"Srxn1_1.8" 0.915706 0.9008296 0.931963875 1.43594 1.41725 1.4558505 0.3049055 0.28801255 0.323102725 "Sim1" "Cddo" 7 "Srxn1"
"Srxn1_1.9" 1.11041 1.09408975 1.12834 1.72643 1.70456975 1.74947025 0.3741775 0.35651275 0.39350375 "Sim1" "Cddo" 8 "Srxn1"
"Srxn1_1.10" 1.311965 1.29409875 1.33173025 2.028255 2.00447925 2.05349025 0.42083 0.4020464 0.441670175 "Sim1" "Cddo" 9 "Srxn1"
"Srxn1_1.11" 1.52547 1.50604 1.54687 2.32301 2.29765975 2.34975 0.4975255 0.47741135 0.52016355 "Sim1" "Cddo" 10 "Srxn1"
"Srxn1_1.12" 1.749075 1.72788 1.7718715 2.63933 2.6127695 2.66749 0.59011 0.568583975 0.614520675 "Sim1" "Cddo" 11 "Srxn1"
"Srxn1_1.13" 1.9899 1.967189 2.014471 2.967915 2.9401295 2.99729175 0.6899445 0.666864875 0.7161691 "Sim1" "Cddo" 12 "Srxn1"
"Srxn1_1.14" 2.24168 2.21729975 2.267861 3.300435 3.2715 3.33119075 0.8169655 0.79234345 0.845024325 "Sim1" "Cddo" 13 "Srxn1"
"Srxn1_1.15" 2.515695 2.48974975 2.54364025 3.627075 3.5970495 3.658711 0.9791365 0.952932775 1.00908025 "Sim1" "Cddo" 14 "Srxn1"
"Srxn1_1.16" 2.81716 2.78969975 2.84681025 4.049175 4.0177995 4.0819505 1.100665 1.072939 1.13231075 "Sim1" "Cddo" 15 "Srxn1"
"Srxn1_1.17" 3.105335 3.07638 3.13664 4.459025 4.42643 4.49317025 1.218625 1.18957875 1.25186075 "Sim1" "Cddo" 16 "Srxn1"
"Srxn1_1.18" 3.401485 3.37097925 3.43431 4.83861 4.80514975 4.87383075 1.35561 1.3250795 1.3903605 "Sim1" "Cddo" 17 "Srxn1"
"Srxn1_1.19" 3.699905 3.6682195 3.73436025 5.24772 5.2131095 5.2839 1.51942 1.487409 1.55598 "Sim1" "Cddo" 18 "Srxn1"
"Srxn1_1.20" 4.00895 3.97598875 4.04507025 5.675145 5.6392895 5.71258225 1.68747 1.65423725 1.72568075 "Sim1" "Cddo" 19 "Srxn1"
"Srxn1_1.21" 4.297935 4.2637785 4.33562025 6.069955 6.0333385 6.108441 1.83748 1.80287975 1.8770205 "Sim1" "Cddo" 20 "Srxn1"
"Srxn1_1.22" 4.58835 4.5532985 4.62741075 6.466525 6.42923 6.5059705 1.98145 1.94627875 2.02168125 "Sim1" "Cddo" 21 "Srxn1"
"Srxn1_1.23" 4.861125 4.82510875 4.90154075 6.8415 6.80354 6.88186 2.07786 2.0419395 2.11756125 "Sim1" "Cddo" 22 "Srxn1"
"Srxn1_1.24" 5.15541 5.11831975 5.19713 7.21926 7.18088 7.2602005 2.251765 2.2141795 2.2930805 "Sim1" "Cddo" 23 "Srxn1"
"Srxn1_1.25" 5.442175 5.40411975 5.48542 7.597975 7.5594295 7.6400005 2.32266 2.2806185 2.36829 "Sim1" "Cddo" 24 "Srxn1"
"Srxn1_1.26" 5.7022 5.66352 5.74649125 7.919635 7.881008 7.9621805 2.32644 2.2820195 2.37453125 "Sim1" "Cddo" 25 "Srxn1"
"Srxn1_1.27" 6.15151 6.11137925 6.19760075 8.44546 8.40554 8.48957 2.7583 2.71319975 2.80749025 "Sim1" "Cddo" 26 "Srxn1"
"Srxn1_1.28" 6.486625 6.4455495 6.5336905 8.7709 8.73026 8.81543025 3.09372 3.0476895 3.143941 "Sim1" "Cddo" 27 "Srxn1"
"Srxn1_1.29" 6.80503 6.76319925 6.8528905 9.19163 9.15 9.2368705 3.1965 3.13975925 3.25496075 "Sim1" "Cddo" 28 "Srxn1"
"Srxn1_1.30" 7.142025 7.0996 7.19021025 9.63834 9.5957295 9.6848005 3.3798 3.30991875 3.4511905 "Sim1" "Cddo" 29 "Srxn1"
"Srxn1_1.31" 7.462845 7.4202595 7.5105405 10.0889 10.0454 10.1365025 3.54157 3.4558775 3.62891375 "Sim1" "Cddo" 30 "Srxn1"
"Srxn1_1.32" 7.739515 7.69693775 7.785651 10.4937 10.4497 10.5416025 3.58821 3.4919785 3.68962125 "Sim1" "Cddo" 31 "Srxn1"
"Srxn1_1.33" 7.94716 7.89651975 7.99763075 10.8919 10.8484 10.9391 3.652985 3.54350925 3.770246 "Sim1" "Cddo" 32 "Srxn1"
"Srxn1_1.34" 7.986275 7.92295975 8.0489115 11.2061 11.1642 11.251 3.6338 3.52354825 3.75206125 "Sim1" "Cddo" 33 "Srxn1"
"Srxn1_1.35" 7.923695 7.85717925 7.9912925 11.2553 11.2071975 11.3037 3.603425 3.49485775 3.72007075 "Sim1" "Cddo" 34 "Srxn1"
"Srxn1_1.36" 7.838895 7.77227 7.907641 11.3075 11.2434975 11.3730025 3.56936 3.4632295 3.683346 "Sim1" "Cddo" 35 "Srxn1"
"Srxn1_1.37" 7.740965 7.67615875 7.8084905 11.2108 11.1407975 11.2837025 3.535845 3.4317305 3.647582 "Sim1" "Cddo" 36 "Srxn1"
"Srxn1_1.38" 7.642615 7.5784895 7.7084915 11.099 11.0251 11.1781 3.502615 3.40057875 3.6118725 "Sim1" "Cddo" 37 "Srxn1"
"Srxn1_1.39" 7.544445 7.481658 7.6089955 10.9572 10.8837975 11.036505 3.47011 3.369489 3.57712675 "Sim1" "Cddo" 38 "Srxn1"
"Srxn1_1.40" 7.447535 7.38595975 7.51050475 10.8098 10.7378 10.8869 3.43778 3.33945975 3.5431705 "Sim1" "Cddo" 39 "Srxn1"
"Srxn1_1.41" 7.352165 7.2914295 7.41392025 10.6613 10.5907 10.7367025 3.40623 3.309978 3.51004025 "Sim1" "Cddo" 40 "Srxn1"
"Srxn1_1.42" 7.25814 7.19765775 7.31900075 10.5151 10.4446975 10.5893 3.375085 3.281208 3.4775505 "Sim1" "Cddo" 41 "Srxn1"
"Srxn1_1.43" 7.165625 7.10574725 7.2267505 10.3708 10.3008975 10.4439 3.34457 3.2522085 3.44531675 "Sim1" "Cddo" 42 "Srxn1"
"Srxn1_1.44" 7.074745 7.0147485 7.1351815 10.2286 10.1586975 10.300605 3.31451 3.22384925 3.41376075 "Sim1" "Cddo" 43 "Srxn1"
"Srxn1_1.45" 6.98514 6.92488775 7.04571575 10.0888 10.0186 10.1609 3.28496 3.1956975 3.38253125 "Sim1" "Cddo" 44 "Srxn1"
"Srxn1_1.46" 6.89709 6.836469 6.95803025 9.95136 9.87995925 10.0231025 3.25584 3.16777975 3.35158025 "Sim1" "Cddo" 45 "Srxn1"
"Srxn1_1.47" 6.810245 6.74910975 6.87134075 9.81604 9.74456675 9.8873815 3.227125 3.14021875 3.32090925 "Sim1" "Cddo" 46 "Srxn1"
"Srxn1_1.48" 6.725035 6.66285925 6.78589 9.68276 9.60992975 9.754943 3.198955 3.11298725 3.291111 "Sim1" "Cddo" 47 "Srxn1"
"Srxn1_1.49" 6.64104 6.5779595 6.70221025 9.551525 9.47739875 9.624801 3.17097 3.08641925 3.26162425 "Sim1" "Cddo" 48 "Srxn1"
"Srxn1_2.1" 0 0 0 0 0 0 0 0 0 "Sim2" "Cddo" 0 "Srxn1"
"Srxn1_2.2" 0.0231916 0.0211461 0.0254448 0.0231916 0.0211461 0.0254448 0.0231916 0.0211461 0.0254448 "Sim2" "Cddo" 1 "Srxn1"
"Srxn1_2.3" 0.0460154 0.04195778 0.050478405 0.0460154 0.04195778 0.050478405 0.0460154 0.04195778 0.050478405 "Sim2" "Cddo" 2 "Srxn1"
"Srxn1_2.4" 0.0686255 0.0625564575 0.075356925 0.0746023 0.0669284725 0.0862478025 0.06847725 0.0624379975 0.0751139025 "Sim2" "Cddo" 3 "Srxn1"
"Srxn1_2.5" 0.5907095 0.570939625 0.604696175 0.8087035 0.798292925 0.8207043 0.323299 0.287111725 0.358600225 "Sim2" "Cddo" 4 "Srxn1"
"Srxn1_2.6" 1.1458 1.13191975 1.1591705 1.53188 1.5127695 1.55141075 0.712595 0.68357795 0.740316075 "Sim2" "Cddo" 5 "Srxn1"
"Srxn1_2.7" 1.58478 1.556949 1.6062205 2.07778 2.03733 2.118621 1.012515 0.99226785 1.032181 "Sim2" "Cddo" 6 "Srxn1"
"Srxn1_2.8" 1.92608 1.88722925 1.95833025 2.48236 2.428618 2.53745025 1.26683 1.24887925 1.28529025 "Sim2" "Cddo" 7 "Srxn1"
"Srxn1_2.9" 2.275055 2.23159875 2.313571 2.89351 2.83448875 2.95542075 1.52897 1.50960925 1.54936125 "Sim2" "Cddo" 8 "Srxn1"
"Srxn1_2.10" 2.587205 2.54274 2.62732025 3.26016 3.20019875 3.32374175 1.751195 1.7305295 1.77313025 "Sim2" "Cddo" 9 "Srxn1"
"Srxn1_2.11" 2.92725 2.88255925 2.968092 3.67743 3.617189 3.74117125 2.01116 1.98902825 2.0348105 "Sim2" "Cddo" 10 "Srxn1"
"Srxn1_2.12" 3.26218 3.21739925 3.30338 4.085205 4.02533975 4.1487305 2.27048 2.24698975 2.295881 "Sim2" "Cddo" 11 "Srxn1"
"Srxn1_2.13" 3.62499 3.58014975 3.66618075 4.53549 4.4758495 4.59869175 2.5519 2.52696975 2.578982 "Sim2" "Cddo" 12 "Srxn1"
"Srxn1_2.14" 3.99898 3.95416725 4.0403535 5.02164 4.96245925 5.08479175 2.8207 2.79457975 2.8491705 "Sim2" "Cddo" 13 "Srxn1"
"Srxn1_2.15" 4.39531 4.3503095 4.43703 5.505275 5.44667825 5.56767075 3.13592 3.10832925 3.16579 "Sim2" "Cddo" 14 "Srxn1"
"Srxn1_2.16" 4.796905 4.75203925 4.8388505 5.99708 5.93907 6.0589 3.45353 3.424349 3.4846705 "Sim2" "Cddo" 15 "Srxn1"
"Srxn1_2.17" 5.190245 5.1453395 5.232461 6.46361 6.4064095 6.524684 3.78234 3.7519695 3.81486075 "Sim2" "Cddo" 16 "Srxn1"
"Srxn1_2.18" 5.578895 5.53441925 5.6215825 6.958205 6.9010765 7.01850125 4.070525 4.03892 4.10405 "Sim2" "Cddo" 17 "Srxn1"
"Srxn1_2.19" 5.98303 5.93852775 6.025982 7.46332 7.40676925 7.52277025 4.40188 4.369189 4.43663125 "Sim2" "Cddo" 18 "Srxn1"
"Srxn1_2.20" 6.412485 6.36854 6.45532025 7.96883 7.9128695 8.02746475 4.793375 4.75916975 4.8297405 "Sim2" "Cddo" 19 "Srxn1"
"Srxn1_2.21" 6.81165 6.7678895 6.85451 8.413655 8.3585095 8.4711505 5.13801 5.10331875 5.17574025 "Sim2" "Cddo" 20 "Srxn1"
"Srxn1_2.22" 7.19043 7.14679 7.23302125 8.83317 8.77893975 8.889632 5.492465 5.456959 5.53141325 "Sim2" "Cddo" 21 "Srxn1"
"Srxn1_2.23" 7.55901 7.51532975 7.6016615 9.279945 9.22656975 9.335544 5.802465 5.7660365 5.84210075 "Sim2" "Cddo" 22 "Srxn1"
"Srxn1_2.24" 7.936825 7.893299 7.97966275 9.715925 9.66330975 9.77055175 6.11826 6.08128925 6.1589305 "Sim2" "Cddo" 23 "Srxn1"
"Srxn1_2.25" 8.317945 8.27447925 8.360991 10.2063 10.154 10.2605 6.43418 6.39668975 6.47602125 "Sim2" "Cddo" 24 "Srxn1"
"Srxn1_2.26" 8.67952 8.63640975 8.72261075 10.6606 10.6086975 10.7142025 6.744565 6.7061395 6.78750025 "Sim2" "Cddo" 25 "Srxn1"
"Srxn1_2.27" 9.18362 9.14054 9.227742 11.1978 11.1468 11.251 7.158955 7.11917 7.20351 "Sim2" "Cddo" 26 "Srxn1"
"Srxn1_2.28" 9.5877 9.54427 9.63235 11.6056 11.5554 11.6587 7.56048 7.51937 7.60612025 "Sim2" "Cddo" 27 "Srxn1"
"Srxn1_2.29" 10.0019 9.9583295 10.0474 12.0173 11.9676 12.0701 7.95518 7.91305775 8.00212175 "Sim2" "Cddo" 28 "Srxn1"
"Srxn1_2.30" 10.4312 10.3871 10.4779 12.4701 12.4202975 12.5229025 8.382535 8.33937 8.4311505 "Sim2" "Cddo" 29 "Srxn1"
"Srxn1_2.31" 10.844 10.7995 10.8909025 12.9508 12.9008 13.004 8.771885 8.72805 8.8208015 "Sim2" "Cddo" 30 "Srxn1"
"Srxn1_2.32" 11.2455 11.2007 11.2925 13.3838 13.3335 13.4376 9.16581 9.12169 9.2146715 "Sim2" "Cddo" 31 "Srxn1"
"Srxn1_2.33" 11.6315 11.5873975 11.6781 13.7827 13.7325975 13.8364 9.53793 9.4944785 9.58590025 "Sim2" "Cddo" 32 "Srxn1"
"Srxn1_2.34" 11.9939 11.9511 12.0382025 14.2057 14.1558 14.2588 9.851095 9.8068485 9.89761075 "Sim2" "Cddo" 33 "Srxn1"
"Srxn1_2.35" 12.1634 12.1158975 12.2107 14.4922 14.4445975 14.5413 9.854375 9.80325 9.90581075 "Sim2" "Cddo" 34 "Srxn1"
"Srxn1_2.36" 12.1869 12.1248975 12.2488025 14.6747 14.6192975 14.73 9.803915 9.74582 9.86372275 "Sim2" "Cddo" 35 "Srxn1"
"Srxn1_2.37" 12.1167 12.045 12.1916025 14.7024 14.6296975 14.7757 9.707105 9.646549 9.770391 "Sim2" "Cddo" 36 "Srxn1"
"Srxn1_2.38" 11.9924 11.916495 12.074 14.5708 14.4897975 14.6546025 9.592285 9.531009 9.65658325 "Sim2" "Cddo" 37 "Srxn1"
"Srxn1_2.39" 11.8366 11.7613975 11.9183 14.4326 14.343895 14.5264 9.465965 9.40590775 9.52888175 "Sim2" "Cddo" 38 "Srxn1"
"Srxn1_2.40" 11.6737 11.5991975 11.7537 14.23875 14.1495975 14.332505 9.338875 9.27998925 9.40052025 "Sim2" "Cddo" 39 "Srxn1"
"Srxn1_2.41" 11.5114 11.4375 11.5894 14.0359 13.9467975 14.1277 9.21346 9.1552895 9.27421175 "Sim2" "Cddo" 40 "Srxn1"
"Srxn1_2.42" 11.3511 11.277595 11.4284025 13.8354 13.7462 13.9255 9.08996 9.03184975 9.15032 "Sim2" "Cddo" 41 "Srxn1"
"Srxn1_2.43" 11.1935 11.1196 11.2693025 13.6381 13.5490975 13.7276025 8.968375 8.9101795 9.02794175 "Sim2" "Cddo" 42 "Srxn1"
"Srxn1_2.44" 11.0385 10.9644925 11.1129 13.4441 13.3539975 13.533 8.84868 8.78997975 8.90768325 "Sim2" "Cddo" 43 "Srxn1"
"Srxn1_2.45" 10.88585 10.8104975 10.9604025 13.2528 13.1623 13.3422025 8.730845 8.671129 8.7896805 "Sim2" "Cddo" 44 "Srxn1"
"Srxn1_2.46" 10.7355 10.6590975 10.8106075 13.0644 12.9730975 13.155105 8.614975 8.55416675 8.67429175 "Sim2" "Cddo" 45 "Srxn1"
"Srxn1_2.47" 10.5876 10.5101975 10.663 12.8792 12.7866975 12.970905 8.50064 8.43870975 8.560841 "Sim2" "Cddo" 46 "Srxn1"
"Srxn1_2.48" 10.44185 10.3628975 10.5186025 12.697 12.6023 12.7901 8.38832 8.3253585 8.44963125 "Sim2" "Cddo" 47 "Srxn1"
"Srxn1_2.49" 10.2985 10.2179 10.3765025 12.5179 12.4208975 12.6125025 8.27765 8.21320875 8.3407315 "Sim2" "Cddo" 48 "Srxn1"
"Srxn1_3.1" 0 0 0 0 0 0 0 0 0 "Sim3" "Cddo" 0 "Srxn1"
"Srxn1_3.2" 0.0231916 0.0211461 0.0254448 0.0231916 0.0211461 0.0254448 0.0231916 0.0211461 0.0254448 "Sim3" "Cddo" 1 "Srxn1"
"Srxn1_3.3" 0.0460154 0.04195778 0.050478405 0.0460154 0.04195778 0.050478405 0.0460154 0.04195778 0.050478405 "Sim3" "Cddo" 2 "Srxn1"
"Srxn1_3.4" 0.4026985 0.3350513 0.47004215 0.501065 0.4283863 0.572607275 0.274629 0.2163223 0.3350298 "Sim3" "Cddo" 3 "Srxn1"
"Srxn1_3.5" 1.538335 1.47779975 1.5982135 1.8062 1.742128 1.8694615 1.21301 1.1600595 1.26715125 "Sim3" "Cddo" 4 "Srxn1"
"Srxn1_3.6" 2.6221 2.58020875 2.6617105 3.019495 2.97562825 3.0610025 2.06674 2.02888925 2.10407075 "Sim3" "Cddo" 5 "Srxn1"
"Srxn1_3.7" 3.53527 3.49686 3.5751805 4.0613 4.01626 4.10751 2.84768 2.81642975 2.8797815 "Sim3" "Cddo" 6 "Srxn1"
"Srxn1_3.8" 4.291795 4.232863 4.35085075 4.8999 4.8300875 4.9691325 3.46115 3.41549975 3.5069535 "Sim3" "Cddo" 7 "Srxn1"
"Srxn1_3.9" 4.99881 4.92964925 5.06936075 5.68095 5.599578 5.76291425 4.05026 3.99706875 4.1056405 "Sim3" "Cddo" 8 "Srxn1"
"Srxn1_3.10" 5.695865 5.6235985 5.77065125 6.43986 6.354999 6.52672475 4.641775 4.58562975 4.700941 "Sim3" "Cddo" 9 "Srxn1"
"Srxn1_3.11" 6.41577 6.34222925 6.4925905 7.229365 7.14362375 7.318061 5.260895 5.20324 5.32179025 "Sim3" "Cddo" 10 "Srxn1"
"Srxn1_3.12" 7.118425 7.04379975 7.19551225 7.947965 7.86196 8.0367005 5.958065 5.89964875 6.01982275 "Sim3" "Cddo" 11 "Srxn1"
"Srxn1_3.13" 7.80743 7.73361925 7.8843235 8.62488 8.53890425 8.7132805 6.664885 6.60571875 6.727782 "Sim3" "Cddo" 12 "Srxn1"
"Srxn1_3.14" 8.51868 8.4448575 8.59561025 9.35068 9.26556675 9.4385335 7.37755 7.31824 7.44104275 "Sim3" "Cddo" 13 "Srxn1"
"Srxn1_3.15" 9.244605 9.1713085 9.32133 10.0991 10.014695 10.186105 8.103415 8.04372775 8.167462 "Sim3" "Cddo" 14 "Srxn1"
"Srxn1_3.16" 9.945035 9.87219875 10.0210025 10.8155 10.7317 10.9015 8.786065 8.72576625 8.84989 "Sim3" "Cddo" 15 "Srxn1"
"Srxn1_3.17" 10.6782 10.6063 10.7534025 11.5864 11.5041975 11.6719 9.49133 9.4312295 9.55504425 "Sim3" "Cddo" 16 "Srxn1"
"Srxn1_3.18" 11.4129 11.3418975 11.4881025 12.3578 12.2771975 12.4422025 10.1453 10.0858 10.209 "Sim3" "Cddo" 17 "Srxn1"
"Srxn1_3.19" 12.1406 12.071195 12.2148 13.1493 13.0703 13.232 10.8178 10.7585975 10.8801 "Sim3" "Cddo" 18 "Srxn1"
"Srxn1_3.20" 12.8731 12.8047975 12.9461025 13.9261 13.8487 14.0076 11.4895 11.4304 11.5506025 "Sim3" "Cddo" 19 "Srxn1"
"Srxn1_3.21" 13.5793 13.512895 13.6504025 14.69 14.614885 14.7696025 12.15855 12.1005 12.2180025 "Sim3" "Cddo" 20 "Srxn1"
"Srxn1_3.22" 14.2676 14.202 14.3365 15.4706 15.397 15.5481025 12.8101 12.7531 12.8683025 "Sim3" "Cddo" 21 "Srxn1"
"Srxn1_3.23" 14.963 14.8988975 15.0307025 16.2848 16.2126 16.3602 13.4449 13.3892 13.5021025 "Sim3" "Cddo" 22 "Srxn1"
"Srxn1_3.24" 15.5955 15.5324975 15.6608 16.98415 16.9135975 17.0577 14.0427 13.9880975 14.0988 "Sim3" "Cddo" 23 "Srxn1"
"Srxn1_3.25" 16.2861 16.2248975 16.3493 17.7619 17.6931 17.8333 14.668 14.6145 14.7228 "Sim3" "Cddo" 24 "Srxn1"
"Srxn1_3.26" 16.9917 16.9318 17.0537025 18.5521 18.4846975 18.6213025 15.3043 15.252595 15.3578 "Sim3" "Cddo" 25 "Srxn1"
"Srxn1_3.27" 17.8387 17.7797 17.8996025 19.642 19.5754 19.7101 15.9388 15.888 15.9914 "Sim3" "Cddo" 26 "Srxn1"
"Srxn1_3.28" 18.5875 18.5296925 18.6472 20.6251 20.5596 20.6927 16.5742 16.524 16.6261 "Sim3" "Cddo" 27 "Srxn1"
"Srxn1_3.29" 19.33335 19.2759 19.3916025 21.6297 21.5648975 21.6967025 17.1794 17.1291975 17.2304 "Sim3" "Cddo" 28 "Srxn1"
"Srxn1_3.30" 20.0911 20.0338 20.1491025 22.599 22.5337 22.665 17.8229 17.7721 17.8739025 "Sim3" "Cddo" 29 "Srxn1"
"Srxn1_3.31" 20.83935 20.781 20.8976025 23.5929 23.5273 23.6591 18.43975 18.3882 18.4917 "Sim3" "Cddo" 30 "Srxn1"
"Srxn1_3.32" 21.5353 21.4760975 21.5940025 24.5234 24.4566975 24.5899 18.9944 18.9423 19.0473 "Sim3" "Cddo" 31 "Srxn1"
"Srxn1_3.33" 22.2435 22.1827 22.3040025 25.4738 25.4047975 25.5417 19.5369 19.4830975 19.5912 "Sim3" "Cddo" 32 "Srxn1"
"Srxn1_3.34" 22.9376 22.8739 22.9998 26.39075 26.3189 26.4615025 20.0867 20.0305975 20.1427 "Sim3" "Cddo" 33 "Srxn1"
"Srxn1_3.35" 23.583 23.5164 23.6482 27.2719 27.1962975 27.3446 20.5619 20.5041 20.6193025 "Sim3" "Cddo" 34 "Srxn1"
"Srxn1_3.36" 24.1914 24.122 24.2597025 28.0844 28.0054975 28.1608 21.0213 20.9621975 21.079105 "Sim3" "Cddo" 35 "Srxn1"
"Srxn1_3.37" 24.7942 24.722195 24.8654 28.9386 28.855295 29.0199025 21.4477 21.3897 21.5042025 "Sim3" "Cddo" 36 "Srxn1"
"Srxn1_3.38" 25.3503 25.2764975 25.422405 29.7627 29.6742925 29.8487 21.7872 21.7306975 21.8437 "Sim3" "Cddo" 37 "Srxn1"
"Srxn1_3.39" 25.8487 25.7766 25.9191 30.5743 30.4797 30.6653 21.9754 21.9068 22.0428 "Sim3" "Cddo" 38 "Srxn1"
"Srxn1_3.40" 26.1629 26.0920975 26.2344025 31.3504 31.252 31.445205 21.8809 21.7928 21.9705 "Sim3" "Cddo" 39 "Srxn1"
"Srxn1_3.41" 26.2664 26.1784 26.353305 32.0609 31.9632975 32.1556 21.6707 21.569295 21.7754 "Sim3" "Cddo" 40 "Srxn1"
"Srxn1_3.42" 26.0935 25.9841975 26.2036025 32.669 32.5740975 32.7606 21.3755 21.2703975 21.4833025 "Sim3" "Cddo" 41 "Srxn1"
"Srxn1_3.43" 25.7972 25.6763 25.9217 33.1104 33.013295 33.2074 21.0639 20.9566975 21.1721 "Sim3" "Cddo" 42 "Srxn1"
"Srxn1_3.44" 25.45425 25.3277 25.5841 33.3065 33.178495 33.430105 20.7539 20.645495 20.8636 "Sim3" "Cddo" 43 "Srxn1"
"Srxn1_3.45" 25.0852 24.954795 25.2183025 33.1438 32.9841975 33.3018 20.4469 20.3361 20.5580025 "Sim3" "Cddo" 44 "Srxn1"
"Srxn1_3.46" 24.7124 24.57859 24.8487 32.7729 32.5967925 32.9487025 20.144 20.0302975 20.2592 "Sim3" "Cddo" 45 "Srxn1"
"Srxn1_3.47" 24.3434 24.2057975 24.4841075 32.3329 32.1506925 32.51821 19.8462 19.7282975 19.9650025 "Sim3" "Cddo" 46 "Srxn1"
"Srxn1_3.48" 23.9789 23.837695 24.1243025 31.8797 31.6905925 32.0723025 19.5526 19.4302975 19.6766025 "Sim3" "Cddo" 47 "Srxn1"
"Srxn1_3.49" 23.61995 23.4734975 23.7713025 31.4142 31.2208975 31.612705 19.264 19.1371975 19.3934025 "Sim3" "Cddo" 48 "Srxn1"
"Srxn1_4.1" 0 0 0 0 0 0 0 0 0 "Sim4" "Cddo" 0 "Srxn1"
"Srxn1_4.2" 0.0231916 0.0211461 0.0254448 0.0231916 0.0211461 0.0254448 0.0231916 0.0211461 0.0254448 "Sim4" "Cddo" 1 "Srxn1"
"Srxn1_4.3" 0.0460154 0.04195778 0.050478405 0.0460154 0.04195778 0.050478405 0.0460154 0.04195778 0.050478405 "Sim4" "Cddo" 2 "Srxn1"
"Srxn1_4.4" 0.3692465 0.30367555 0.435096825 0.652803 0.57379055 0.729513025 0.07243175 0.0655760475 0.08162762 "Sim4" "Cddo" 3 "Srxn1"
"Srxn1_4.5" 1.40479 1.3456095 1.4636705 2.077125 2.00829925 2.14485025 0.65405 0.639814725 0.6675563 "Sim4" "Cddo" 4 "Srxn1"
"Srxn1_4.6" 2.460085 2.419269 2.4990105 3.49786 3.45123 3.5421315 1.29813 1.2834295 1.3122505 "Sim4" "Cddo" 5 "Srxn1"
"Srxn1_4.7" 3.34504 3.3083 3.38314025 4.689775 4.6345 4.74458075 1.82359 1.789098 1.8539705 "Sim4" "Cddo" 6 "Srxn1"
"Srxn1_4.8" 4.11077 4.05344 4.16811275 5.679875 5.59373775 5.76381025 2.29622 2.24585975 2.343611 "Sim4" "Cddo" 7 "Srxn1"
"Srxn1_4.9" 4.83318 4.765549 4.90224125 6.58049 6.48131625 6.679752 2.7521 2.69558975 2.80728375 "Sim4" "Cddo" 8 "Srxn1"
"Srxn1_4.10" 5.541805 5.470879 5.61544025 7.46656 7.36290975 7.57079125 3.18056 3.122789 3.23803075 "Sim4" "Cddo" 9 "Srxn1"
"Srxn1_4.11" 6.25909 6.186758 6.334584 8.353655 8.249158 8.46023475 3.62144 3.5633395 3.679521 "Sim4" "Cddo" 10 "Srxn1"
"Srxn1_4.12" 6.99567 6.922513 7.07187025 9.23488 9.130319 9.34189025 4.08921 4.03089925 4.14779025 "Sim4" "Cddo" 11 "Srxn1"
"Srxn1_4.13" 7.711625 7.6386995 7.7879505 10.1063 10.0019975 10.2136025 4.57238 4.51446925 4.6305805 "Sim4" "Cddo" 12 "Srxn1"
"Srxn1_4.14" 8.45806 8.38497975 8.53454075 10.9817 10.8779975 11.0883 5.095485 5.03790975 5.15384375 "Sim4" "Cddo" 13 "Srxn1"
"Srxn1_4.15" 9.20674 9.1342985 9.2831115 11.8943 11.7915975 12.0001025 5.590155 5.53292875 5.648121 "Sim4" "Cddo" 14 "Srxn1"
"Srxn1_4.16" 9.955415 9.88318775 10.0312 12.7497 12.6481975 12.8541 6.117455 6.06078925 6.1751515 "Sim4" "Cddo" 15 "Srxn1"
"Srxn1_4.17" 10.6792 10.6077 10.7546025 13.56125 13.4611 13.664005 6.6516 6.59510675 6.708744 "Sim4" "Cddo" 16 "Srxn1"
"Srxn1_4.18" 11.3997 11.3288 11.474605 14.39235 14.2941975 14.49291 7.153495 7.0975675 7.2101005 "Sim4" "Cddo" 17 "Srxn1"
"Srxn1_4.19" 12.1208 12.051795 12.1947025 15.254 15.157895 15.3532025 7.65544 7.60026875 7.7111215 "Sim4" "Cddo" 18 "Srxn1"
"Srxn1_4.20" 12.8308 12.7628975 12.9036025 16.087 15.9933 16.1845025 8.182735 8.12794925 8.23806075 "Sim4" "Cddo" 19 "Srxn1"
"Srxn1_4.21" 13.571 13.5044 13.6419 16.9181 16.8267975 17.0132025 8.750695 8.69643 8.80540125 "Sim4" "Cddo" 20 "Srxn1"
"Srxn1_4.22" 14.3003 14.2347975 14.3692025 17.7461 17.6570975 17.839 9.267845 9.21417 9.3217805 "Sim4" "Cddo" 21 "Srxn1"
"Srxn1_4.23" 15.0336 14.9695975 15.1011 18.6182 18.5312 18.7086 9.813215 9.76004 9.86634025 "Sim4" "Cddo" 22 "Srxn1"
"Srxn1_4.24" 15.7695 15.706895 15.835 19.44925 19.3649 19.5363 10.421 10.3678 10.4733 "Sim4" "Cddo" 23 "Srxn1"
"Srxn1_4.25" 16.4787 16.4173 16.5424 20.2537 20.1712 20.338105 10.9749 10.9221 11.0273025 "Sim4" "Cddo" 24 "Srxn1"
"Srxn1_4.26" 17.1618 17.1021 17.2242 21.0158 20.9354975 21.099 11.5428 11.4911975 11.5944 "Sim4" "Cddo" 25 "Srxn1"
"Srxn1_4.27" 18.0633 18.0037 18.1242 21.90335 21.8247 21.9843025 12.4792 12.4269 12.5315 "Sim4" "Cddo" 26 "Srxn1"
"Srxn1_4.28" 18.9162 18.8576 18.9762 22.7905 22.713 22.8697025 13.2859 13.2336 13.3392025 "Sim4" "Cddo" 27 "Srxn1"
"Srxn1_4.29" 19.78285 19.7246 19.8417 23.6719 23.5948 23.7492025 14.102 14.0493 14.1565 "Sim4" "Cddo" 28 "Srxn1"
"Srxn1_4.30" 20.6933 20.6347975 20.7523025 24.6501 24.5737925 24.7274025 14.85845 14.8050975 14.9139 "Sim4" "Cddo" 29 "Srxn1"
"Srxn1_4.31" 21.6002 21.540795 21.6598 25.6293 25.5532 25.7064075 15.6393 15.585 15.6955 "Sim4" "Cddo" 30 "Srxn1"
"Srxn1_4.32" 22.47205 22.411795 22.5325025 26.5784 26.5007975 26.6561025 16.35455 16.2994 16.411905 "Sim4" "Cddo" 31 "Srxn1"
"Srxn1_4.33" 23.3323 23.2693 23.3939 27.4906 27.411095 27.5698025 17.1375 17.0805975 17.196 "Sim4" "Cddo" 32 "Srxn1"
"Srxn1_4.34" 24.1867 24.121095 24.2505025 28.3943 28.311595 28.4758 17.9253 17.8669 17.9857025 "Sim4" "Cddo" 33 "Srxn1"
"Srxn1_4.35" 25.026 24.9568 25.0932 29.2928 29.2070975 29.3768075 18.6787 18.6184 18.741505 "Sim4" "Cddo" 34 "Srxn1"
"Srxn1_4.36" 25.8234 25.7512975 25.8937075 30.1302 30.040695 30.2181 19.4014 19.3398 19.4668025 "Sim4" "Cddo" 35 "Srxn1"
"Srxn1_4.37" 26.6245 26.5484975 26.6995025 31.0257 30.9320975 31.1181025 20.0328 19.9707 20.0992025 "Sim4" "Cddo" 36 "Srxn1"
"Srxn1_4.38" 27.40505 27.3239975 27.4838 31.8614 31.7627 31.9596 20.6492 20.5879 20.7137025 "Sim4" "Cddo" 37 "Srxn1"
"Srxn1_4.39" 28.174 28.0879 28.256705 32.70095 32.5963975 32.8049075 21.2525 21.1924 21.3125 "Sim4" "Cddo" 38 "Srxn1"
"Srxn1_4.40" 28.8481 28.7620975 28.9302 33.4217 33.3137 33.5294025 21.7334 21.6748975 21.7917025 "Sim4" "Cddo" 39 "Srxn1"
"Srxn1_4.41" 29.4367 29.3541 29.5151 34.1104 34.0006 34.220205 22.0346 21.9553 22.1091025 "Sim4" "Cddo" 40 "Srxn1"
"Srxn1_4.42" 29.882 29.8009975 29.9622 34.7331 34.6251975 34.8419025 21.98945 21.8851 22.0916 "Sim4" "Cddo" 41 "Srxn1"
"Srxn1_4.43" 30.03035 29.9235 30.1341025 35.2 35.0898975 35.310005 21.7963 21.678895 21.9171025 "Sim4" "Cddo" 42 "Srxn1"
"Srxn1_4.44" 29.9459 29.8063825 30.0849 35.3694 35.2376 35.4999 21.5287 21.4056975 21.6556025 "Sim4" "Cddo" 43 "Srxn1"
"Srxn1_4.45" 29.6198 29.4659975 29.775205 35.1368 34.978 35.2958025 21.2226 21.098495 21.3487025 "Sim4" "Cddo" 44 "Srxn1"
"Srxn1_4.46" 29.205 29.0466875 29.3648025 34.709 34.5352975 34.8837075 20.91055 20.7864975 21.0346 "Sim4" "Cddo" 45 "Srxn1"
"Srxn1_4.47" 28.7735 28.6135975 28.9362025 34.223 34.0413 34.406805 20.6009 20.4785 20.7242 "Sim4" "Cddo" 46 "Srxn1"
"Srxn1_4.48" 28.34165 28.1797975 28.507805 33.7191 33.5319 33.9090075 20.2957 20.1733975 20.418915 "Sim4" "Cddo" 47 "Srxn1"
"Srxn1_4.49" 27.91395 27.749485 28.08231 33.21 33.0182825 33.407305 19.9948 19.8712975 20.1201 "Sim4" "Cddo" 48 "Srxn1"
"Srxn1_5.1" 0 0 0 0 0 0 0 0 0 "Sim5" "Cddo" 0 "Srxn1"
"Srxn1_5.2" 0.0231916 0.0211461 0.0254448 0.0231916 0.0211461 0.0254448 0.0231916 0.0211461 0.0254448 "Sim5" "Cddo" 1 "Srxn1"
"Srxn1_5.3" 0.0460154 0.04195778 0.050478405 0.0460154 0.04195778 0.050478505 0.0460154 0.04195778 0.050478405 "Sim5" "Cddo" 2 "Srxn1"
"Srxn1_5.4" 0.844929 0.7602584 0.9254769 1.30802 1.226919 1.3732405 0.184612 0.138802075 0.2370596 "Sim5" "Cddo" 3 "Srxn1"
"Srxn1_5.5" 2.111835 2.03648675 2.1845505 2.888725 2.81740925 2.94590125 0.9445145 0.9016287 0.99212675 "Sim5" "Cddo" 4 "Srxn1"
"Srxn1_5.6" 3.311475 3.25659775 3.3618315 4.28374 4.2343175 4.32583025 1.77499 1.7454285 1.80636075 "Sim5" "Cddo" 5 "Srxn1"
"Srxn1_5.7" 4.317045 4.26969 4.36739125 5.499775 5.4369495 5.56100025 2.423545 2.39683 2.45078025 "Sim5" "Cddo" 6 "Srxn1"
"Srxn1_5.8" 5.18411 5.1154575 5.25324125 6.528845 6.43115 6.62122125 2.984005 2.943829 3.02516025 "Sim5" "Cddo" 7 "Srxn1"
"Srxn1_5.9" 6.03929 5.9594695 6.121672 7.55131 7.43909875 7.66117175 3.5133 3.46611775 3.56319025 "Sim5" "Cddo" 8 "Srxn1"
"Srxn1_5.10" 6.90788 6.82344675 6.99593225 8.59784 8.48052575 8.71434225 4.04349 3.99366925 4.0965315 "Sim5" "Cddo" 9 "Srxn1"
"Srxn1_5.11" 7.78323 7.69679925 7.87340125 9.6499 9.53048775 9.76800125 4.587355 4.53633775 4.641831 "Sim5" "Cddo" 10 "Srxn1"
"Srxn1_5.12" 8.65053 8.56339925 8.74161075 10.7114 10.5924975 10.8309 5.108815 5.0574675 5.16390125 "Sim5" "Cddo" 11 "Srxn1"
"Srxn1_5.13" 9.536875 9.44975925 9.62862175 11.7763 11.6573 11.8961025 5.677045 5.62514875 5.73265 "Sim5" "Cddo" 12 "Srxn1"
"Srxn1_5.14" 10.4315 10.3442 10.5235025 12.84355 12.7261 12.9636 6.26246 6.210358 6.318331 "Sim5" "Cddo" 13 "Srxn1"
"Srxn1_5.15" 11.3252 11.2376975 11.4170025 13.9325 13.8158975 14.0522 6.823935 6.77180925 6.879802 "Sim5" "Cddo" 14 "Srxn1"
"Srxn1_5.16" 12.2238 12.1366975 12.3154 14.9925 14.877095 15.1112 7.39288 7.34071775 7.44864175 "Sim5" "Cddo" 15 "Srxn1"
"Srxn1_5.17" 13.1019 13.0161 13.1931 16.06875 15.9544 16.1861025 7.99373 7.94111 8.048961 "Sim5" "Cddo" 16 "Srxn1"
"Srxn1_5.18" 13.9727 13.887795 14.0627025 17.119 17.0064975 17.2348025 8.60319 8.55088775 8.658034 "Sim5" "Cddo" 17 "Srxn1"
"Srxn1_5.19" 14.8705 14.7867 14.9588025 18.1615 18.0502 18.2755 9.23437 9.18214725 9.28918075 "Sim5" "Cddo" 18 "Srxn1"
"Srxn1_5.20" 15.7732 15.6913975 15.8605 19.23455 19.125795 19.346005 9.88283 9.83070875 9.93707075 "Sim5" "Cddo" 19 "Srxn1"
"Srxn1_5.21" 16.6776 16.5973975 16.7633 20.2691 20.1630975 20.3786 10.5282 10.4763975 10.5818 "Sim5" "Cddo" 20 "Srxn1"
"Srxn1_5.22" 17.5874 17.5084975 17.6712025 21.3309 21.227195 21.4384075 11.1732 11.1215975 11.226 "Sim5" "Cddo" 21 "Srxn1"
"Srxn1_5.23" 18.4597 18.3828 18.5417025 22.3584 22.2576975 22.463005 11.8071 11.7561975 11.8591025 "Sim5" "Cddo" 22 "Srxn1"
"Srxn1_5.24" 19.34765 19.2722 19.4277 23.36895 23.2699975 23.4702 12.4772 12.4267 12.5284 "Sim5" "Cddo" 23 "Srxn1"
"Srxn1_5.25" 20.2391 20.1653 20.3168 24.4169 24.3205 24.5161025 13.1298 13.0799975 13.1802 "Sim5" "Cddo" 24 "Srxn1"
"Srxn1_5.26" 21.12785 21.055795 21.2032 25.4617 25.3672975 25.5593 13.7756 13.7265 13.8257 "Sim5" "Cddo" 25 "Srxn1"
"Srxn1_5.27" 22.1541 22.0831975 22.2276025 26.5073 26.4139 26.6017075 14.8298 14.7794 14.8803 "Sim5" "Cddo" 26 "Srxn1"
"Srxn1_5.28" 23.1884 23.1184975 23.2613 27.6496 27.5573975 27.7431 15.8503 15.7988975 15.9017025 "Sim5" "Cddo" 27 "Srxn1"
"Srxn1_5.29" 24.2225 24.1519975 24.2942 28.8567 28.7649975 28.9492075 16.8491 16.7959 16.902 "Sim5" "Cddo" 28 "Srxn1"
"Srxn1_5.30" 25.3048 25.2337 25.3762 30.1308 30.0389975 30.2227025 17.8702 17.8157 17.9244025 "Sim5" "Cddo" 29 "Srxn1"
"Srxn1_5.31" 26.4044 26.3318975 26.4757 31.39325 31.3007975 31.4852025 18.9464 18.8901 19.0030025 "Sim5" "Cddo" 30 "Srxn1"
"Srxn1_5.32" 27.5038 27.4298975 27.5765 32.6519 32.5572925 32.7452 20.0242 19.9660975 20.0834025 "Sim5" "Cddo" 31 "Srxn1"
"Srxn1_5.33" 28.62945 28.5528975 28.7042025 33.9394 33.841595 34.0348025 21.1435 21.0827 21.2057 "Sim5" "Cddo" 32 "Srxn1"
"Srxn1_5.34" 29.6938 29.6141975 29.7708025 35.1293 35.0281 35.2284025 22.1711 22.1072975 22.2361025 "Sim5" "Cddo" 33 "Srxn1"
"Srxn1_5.35" 30.7386 30.655695 30.8197 36.3187 36.2142925 36.422 23.2174 23.1499 23.2858 "Sim5" "Cddo" 34 "Srxn1"
"Srxn1_5.36" 31.7555 31.6675 31.841305 37.4449 37.3349975 37.553805 24.248 24.1777 24.3202 "Sim5" "Cddo" 35 "Srxn1"
"Srxn1_5.37" 32.7242 32.629995 32.8159025 38.5161 38.400395 38.6317 25.22815 25.1543975 25.3041025 "Sim5" "Cddo" 36 "Srxn1"
"Srxn1_5.38" 33.682 33.5814975 33.7789 39.59455 39.4718975 39.717005 26.1669 26.088795 26.2465025 "Sim5" "Cddo" 37 "Srxn1"
"Srxn1_5.39" 34.6695 34.5616975 34.7724075 40.7385 40.6066975 40.8693025 27.1068 27.0240975 27.1902025 "Sim5" "Cddo" 38 "Srxn1"
"Srxn1_5.40" 35.6139 35.4996925 35.7245025 41.84165 41.7020975 41.9815 28.0405 27.9536 28.1275 "Sim5" "Cddo" 39 "Srxn1"
"Srxn1_5.41" 36.5058 36.3870975 36.6229025 42.91465 42.7650925 43.0628 28.8893 28.8011 28.976 "Sim5" "Cddo" 40 "Srxn1"
"Srxn1_5.42" 37.3255 37.2036 37.4453025 43.9431 43.784695 44.1012025 29.6178 29.5342 29.6995 "Sim5" "Cddo" 41 "Srxn1"
"Srxn1_5.43" 38.0733 37.9523 38.192205 44.9835 44.8185 45.1510025 30.102 30.0189975 30.1837025 "Sim5" "Cddo" 42 "Srxn1"
"Srxn1_5.44" 38.6063 38.4876 38.7224 45.9543 45.784495 46.12511 30.3258 30.210995 30.43541 "Sim5" "Cddo" 43 "Srxn1"
"Srxn1_5.45" 38.8285 38.6894975 38.9662125 46.7718 46.6043975 46.9399025 30.1712 30.0274975 30.3137025 "Sim5" "Cddo" 44 "Srxn1"
"Srxn1_5.46" 38.71355 38.5368 38.889905 47.29845 47.127895 47.4686025 29.8648 29.703895 30.0286025 "Sim5" "Cddo" 45 "Srxn1"
"Srxn1_5.47" 38.3374 38.1354975 38.53891 47.4617 47.2623925 47.66041 29.45685 29.291395 29.6252025 "Sim5" "Cddo" 46 "Srxn1"
"Srxn1_5.48" 37.83585 37.6218975 38.0521 47.226 46.9831975 47.468405 29.0201 28.8553975 29.187505 "Sim5" "Cddo" 47 "Srxn1"
"Srxn1_5.49" 37.2842 37.0662975 37.50781 46.6951 46.4278 46.9647025 28.5834 28.4166975 28.7502 "Sim5" "Cddo" 48 "Srxn1"
"Srxn1_6.1" 0 0 0 0 0 0 0 0 0 "Sim6" "Cddo" 0 "Srxn1"
"Srxn1_6.2" 0.0231916 0.0211461 0.0254448 0.0231916 0.0211461 0.0254448 0.0231916 0.0211461 0.0254448 "Sim6" "Cddo" 1 "Srxn1"
"Srxn1_6.3" 0.04601565 0.04195808 0.050479 0.0460163 0.04195878 0.0504802025 0.0460155 0.04195788 0.050478605 "Sim6" "Cddo" 2 "Srxn1"
"Srxn1_6.4" 1.08823 1.001427 1.16639075 1.417835 1.343776 1.47319025 0.730338 0.6489025 0.809005775 "Sim6" "Cddo" 3 "Srxn1"
"Srxn1_6.5" 2.4324 2.354577 2.50243225 3.04506 2.98028 3.09307125 1.774305 1.7007875 1.84650375 "Sim6" "Cddo" 4 "Srxn1"
"Srxn1_6.6" 3.779095 3.7239195 3.82746125 4.551855 4.5079995 4.5907005 2.9282 2.87471625 2.97812175 "Sim6" "Cddo" 5 "Srxn1"
"Srxn1_6.7" 4.917985 4.86335975 4.974422 5.80475 5.733289 5.86996 3.887995 3.84417 3.93478075 "Sim6" "Cddo" 6 "Srxn1"
"Srxn1_6.8" 5.899635 5.817379 5.98221125 6.907325 6.79645975 7.009864 4.695745 4.6334385 4.75886125 "Sim6" "Cddo" 7 "Srxn1"
"Srxn1_6.9" 6.841235 6.7449895 6.93907225 7.962305 7.835699 8.082682 5.468995 5.396409 5.54336075 "Sim6" "Cddo" 8 "Srxn1"
"Srxn1_6.10" 7.775295 7.674629 7.87856025 9.027655 8.8964475 9.15459025 6.2314 6.15508875 6.31041175 "Sim6" "Cddo" 9 "Srxn1"
"Srxn1_6.11" 8.73689 8.63448975 8.84293 10.1622 10.0298975 10.291805 7.002525 6.9246 7.083951 "Sim6" "Cddo" 10 "Srxn1"
"Srxn1_6.12" 9.72647 9.6233595 9.8336715 11.3143 11.1817975 11.444705 7.77857 7.70023 7.8609905 "Sim6" "Cddo" 11 "Srxn1"
"Srxn1_6.13" 10.7319 10.6281975 10.8391025 12.4633 12.3313 12.5935 8.59832 8.51957675 8.68148375 "Sim6" "Cddo" 12 "Srxn1"
"Srxn1_6.14" 11.747 11.6436 11.8543 13.5826 13.451695 13.71321 9.408875 9.33008875 9.49202025 "Sim6" "Cddo" 13 "Srxn1"
"Srxn1_6.15" 12.7573 12.654 12.8639025 14.6825 14.5534 14.8125 10.2488 10.1700975 10.3324 "Sim6" "Cddo" 14 "Srxn1"
"Srxn1_6.16" 13.79645 13.6939 13.9030025 15.798 15.6699975 15.9261075 11.1391 11.0605 11.2232075 "Sim6" "Cddo" 15 "Srxn1"
"Srxn1_6.17" 14.8462 14.7447 14.9521 16.914 16.7885975 17.0411 12.0784 11.9999 12.1617075 "Sim6" "Cddo" 16 "Srxn1"
"Srxn1_6.18" 15.8382 15.738395 15.9428025 18.0661 17.9427 18.1912 12.8337 12.7561975 12.9164025 "Sim6" "Cddo" 17 "Srxn1"
"Srxn1_6.19" 16.8023 16.7038 16.905005 19.1594 19.0379975 19.2823075 13.533 13.4568 13.6141 "Sim6" "Cddo" 18 "Srxn1"
"Srxn1_6.20" 17.778 17.6818 17.8792025 20.267 20.1478 20.3874025 14.2887 14.2142975 14.3682025 "Sim6" "Cddo" 19 "Srxn1"
"Srxn1_6.21" 18.7664 18.6725 18.866005 21.36185 21.2445 21.4807 15.0619 14.9894 15.1395025 "Sim6" "Cddo" 20 "Srxn1"
"Srxn1_6.22" 19.7645 19.6723 19.8613 22.4648 22.35 22.5810025 15.8767 15.805495 15.9529025 "Sim6" "Cddo" 21 "Srxn1"
"Srxn1_6.23" 20.75345 20.6639 20.8472 23.5694 23.4575925 23.6829025 16.6262 16.5567 16.7003 "Sim6" "Cddo" 22 "Srxn1"
"Srxn1_6.24" 21.7696 21.6821975 21.8612 24.6704 24.5612925 24.7810025 17.4613 17.3938 17.534005 "Sim6" "Cddo" 23 "Srxn1"
"Srxn1_6.25" 22.7879 22.7018 22.8778 25.79335 25.686 25.9017 18.26985 18.2029 18.3402 "Sim6" "Cddo" 24 "Srxn1"
"Srxn1_6.26" 23.8285 23.7443 23.9169 26.9264 26.8213 27.0318025 19.1502 19.0851 19.2185 "Sim6" "Cddo" 25 "Srxn1"
"Srxn1_6.27" 24.9543 24.8711925 25.041005 28.0848 27.981495 28.188 20.2338 20.1691975 20.301 "Sim6" "Cddo" 26 "Srxn1"
"Srxn1_6.28" 26.1226 26.0399 26.2073025 29.3337 29.231295 29.4356 21.2727 21.2090975 21.3389 "Sim6" "Cddo" 27 "Srxn1"
"Srxn1_6.29" 27.2817 27.2 27.3655 30.6322 30.5303 30.7326025 22.3551 22.2909975 22.4204 "Sim6" "Cddo" 28 "Srxn1"
"Srxn1_6.30" 28.4773 28.395785 28.5606 31.9678 31.8655 32.0671025 23.4583 23.3928 23.5237025 "Sim6" "Cddo" 29 "Srxn1"
"Srxn1_6.31" 29.7218 29.6384975 29.8049 33.3639 33.2617975 33.4641025 24.5808 24.5139975 24.6465025 "Sim6" "Cddo" 30 "Srxn1"
"Srxn1_6.32" 30.9949 30.9089975 31.079 34.7401 34.636295 34.841905 25.72715 25.6585 25.7937025 "Sim6" "Cddo" 31 "Srxn1"
"Srxn1_6.33" 32.2777 32.188495 32.3640025 36.14035 36.0328975 36.2445025 26.8877 26.8176975 26.9562025 "Sim6" "Cddo" 32 "Srxn1"
"Srxn1_6.34" 33.5256 33.4330975 33.6148 37.4795 37.3688 37.5873 28.0035 27.929995 28.0751025 "Sim6" "Cddo" 33 "Srxn1"
"Srxn1_6.35" 34.7395 34.6425925 34.833305 38.872 38.7579 38.9846 29.0313 28.9542 29.1067 "Sim6" "Cddo" 34 "Srxn1"
"Srxn1_6.36" 35.9279 35.8267 36.0278025 40.2574 40.1384 40.37561 30.0373 29.9557975 30.1160025 "Sim6" "Cddo" 35 "Srxn1"
"Srxn1_6.37" 37.0834 36.9761 37.1887 41.58035 41.4544975 41.7051 30.9787 30.8912975 31.0627 "Sim6" "Cddo" 36 "Srxn1"
"Srxn1_6.38" 38.2809 38.1665975 38.393005 42.9318 42.7972975 43.0628 31.9369 31.8436975 32.0266025 "Sim6" "Cddo" 37 "Srxn1"
"Srxn1_6.39" 39.4665 39.3436 39.5860025 44.3011 44.1584975 44.44111 32.85845 32.7584925 32.9538 "Sim6" "Cddo" 38 "Srxn1"
"Srxn1_6.40" 40.6072 40.4760975 40.735 45.63195 45.4807975 45.783 33.7632 33.656795 33.864305 "Sim6" "Cddo" 39 "Srxn1"
"Srxn1_6.41" 41.7708 41.6317975 41.9085 46.9833 46.8204975 47.1445 34.6799 34.5698 34.7861025 "Sim6" "Cddo" 40 "Srxn1"
"Srxn1_6.42" 42.94 42.7927 43.0874 48.42615 48.252895 48.5985025 35.5625 35.448695 35.6719 "Sim6" "Cddo" 41 "Srxn1"
"Srxn1_6.43" 44.1083 43.9512 44.2643025 49.8551 49.6717975 50.0397 36.435 36.3215975 36.5443075 "Sim6" "Cddo" 42 "Srxn1"
"Srxn1_6.44" 45.2261 45.0628875 45.3886025 51.2095 51.014995 51.4057 37.24235 37.1313975 37.3513025 "Sim6" "Cddo" 43 "Srxn1"
"Srxn1_6.45" 46.2561 46.0892925 46.4176 52.5242 52.320895 52.72841 37.8202 37.6978 37.9390025 "Sim6" "Cddo" 44 "Srxn1"
"Srxn1_6.46" 47.1185 46.9552 47.2793025 53.7523 53.542095 53.9612 38.04565 37.8816 38.2044 "Sim6" "Cddo" 45 "Srxn1"
"Srxn1_6.47" 47.5982 47.419295 47.7724025 54.8528 54.6406975 55.061105 37.72815 37.536295 37.91831 "Sim6" "Cddo" 46 "Srxn1"
"Srxn1_6.48" 47.689 47.4594925 47.91081 55.7563 55.5402 55.9705025 37.292 37.0838 37.5004025 "Sim6" "Cddo" 47 "Srxn1"
"Srxn1_6.49" 47.33805 47.0686975 47.60421 56.0961 55.838295 56.3429025 36.7642 36.548195 36.9812025 "Sim6" "Cddo" 48 "Srxn1"
