"time" "Simulation" "dose1" "dose2" "Nrf2_observed" "Nrf2max_observed" "Nrf2min_observed" "Nrf2_SD" "Srxn1_observed" "Srxn1_SD" "medianM" "LCLM" "UCLM" "medianH" "LCLH" "UCLH" "medianL" "LCLL" "UCLL" "Chemical" "Times" "variables"
"Srxn1_1.1" 0 "Simu1" 0.01 0.01 0 0 0 0 0 0 0 0 0 0 0 0 0 0 0 "CDDO" 0 "Srxn1"
"Srxn1_1.2" 1 "Simu1" 0.01 0.01 0.111812897410776 0.170972342257674 0 0.096887434708744 0.00168605923304642 0.00292034025620701 0.0231777 0.0211542 0.0253844325 0.0231777 0.0211542 0.0253844325 0.0231777 0.0211542 0.0253844325 "CDDO" 1 "Srxn1"
"Srxn1_1.3" 2 "Simu1" 0.01 0.01 0.182371535901359 0.236693910458228 0.0940170848248412 0.0771868241177491 0 0 0.0459831 0.041976055 0.0503637 0.0459831 0.041976055 0.0503637 0.0459831 0.041976055 0.0503637 "CDDO" 2 "Srxn1"
"Srxn1_1.4" 3 "Simu1" 0.01 0.01 0.366295530972517 0.396138239071704 0.345025609904069 0.0266128676247572 0 0 0.0684303 0.06246899 0.074943745 0.06849775 0.062534435 0.075025915 0.06842495 0.0624650225 0.07494079 "CDDO" 3 "Srxn1"
"Srxn1_1.5" 4 "Simu1" 0.01 0.01 0.377472048473708 0.423102785460945 0.339501068244166 0.0423239375010036 0.0460336795021125 0.012070577307288 0.4230035 0.3855761 0.454742075 0.474272 0.438954325 0.5007408 0.3861965 0.34828475 0.42008065 "CDDO" 4 "Srxn1"
"Srxn1_1.6" 5 "Simu1" 0.01 0.01 0.335632771402123 0.391843611190873 0.281097733721799 0.0553919540964999 0.285815399222391 0.02335921999524 0.8078755 0.778019225 0.831758725 0.9032335 0.87632175 0.922578375 0.7353775 0.704357075 0.76244405 "CDDO" 5 "Srxn1"
"Srxn1_1.7" 6 "Simu1" 0.01 0.01 0.31920540915947 0.364835321521132 0.275536361930286 0.044681761268472 0.835970942566162 0.133766577500286 1.08918 1.068099 1.10681075 1.227815 1.21008925 1.24323075 0.973389 0.950070875 0.9934844 "CDDO" 6 "Srxn1"
"Srxn1_1.8" 7 "Simu1" 0.01 0.01 0.288951355823924 0.313403611862207 0.25781923153619 0.028387872655931 1.34364754417711 0.265135254199165 1.31237 1.29372 1.32990025 1.48048 1.46203925 1.49952075 1.16924 1.1494185 1.18752 "CDDO" 7 "Srxn1"
"Srxn1_1.9" 8 "Simu1" 0.01 0.01 0.325640084763016 0.350183971159793 0.283761282139027 0.0364467816774081 1.79539867625144 0.379609685908897 1.5039 1.4846795 1.523391 1.68537 1.66468975 1.7062205 1.342735 1.3225695 1.3616815 "CDDO" 8 "Srxn1"
"Srxn1_1.10" 9 "Simu1" 0.01 0.01 0.400122962138288 0.418285279802752 0.373419132116341 0.0236211955046628 2.55056390920753 0.695642076348149 1.725075 1.704389 1.74639025 1.920175 1.8981995 1.94258425 1.53784 1.5166785 1.5581325 "CDDO" 9 "Srxn1"
"Srxn1_1.11" 10 "Simu1" 0.01 0.01 0.323105918376124 0.350710503991053 0.289022405131513 0.0313502434224855 2.49430140582079 0.746528532650643 2.009455 1.9870885 2.032571 2.21431 2.19086925 2.23858075 1.805555 1.78281925 1.82788125 "CDDO" 10 "Srxn1"
"Srxn1_1.12" 11 "Simu1" 0.01 0.01 0.325398357850083 0.341972850573409 0.3084496688195 0.0167647232569966 2.68006859898085 0.808192281220869 2.246635 2.22296925 2.271201 2.46962 2.44513975 2.4953105 2.02004 1.99585875 2.0440015 "CDDO" 11 "Srxn1"
"Srxn1_1.13" 12 "Simu1" 0.01 0.01 0.336296370376714 0.381351960271499 0.306684901590154 0.0396570683565364 2.81154936047501 0.899829873239389 2.49396 2.46907775 2.51973025 2.72701 2.70136 2.7539 2.25728 2.23193875 2.28288025 "CDDO" 12 "Srxn1"
"Srxn1_1.14" 13 "Simu1" 0.01 0.01 0.325386748543047 0.354669358096461 0.300900539627545 0.0272034107088675 2.85732298411775 0.903504977138126 2.757805 2.73146975 2.7849615 3.02485 2.99789975 3.05301075 2.50063 2.47403975 2.52756025 "CDDO" 13 "Srxn1"
"Srxn1_1.15" 14 "Simu1" 0.01 0.01 0.317223188810181 0.327660998469522 0.308614041148846 0.00965425550320322 3.05381787011312 1.01019445156153 3.01834 2.990858 3.04661025 3.307125 3.27913875 3.33661025 2.74436 2.7165885 2.772811 "CDDO" 14 "Srxn1"
"Srxn1_1.16" 15 "Simu1" 0.01 0.01 0.315117440561777 0.339005958738139 0.291849391306673 0.0235844058488081 3.13399973925298 0.903634841403705 3.27687 3.24798925 3.3061405 3.57086 3.54197975 3.6009915 2.99995 2.97070975 3.029981 "CDDO" 15 "Srxn1"
"Srxn1_1.17" 16 "Simu1" 0.01 0.01 0.325293858047671 0.345043892545556 0.309686638744685 0.0180390143131247 3.25244154900767 0.893502373283102 3.53742 3.50749725 3.56808325 3.848975 3.81921975 3.879991 3.243695 3.21338775 3.27489075 "CDDO" 16 "Srxn1"
"Srxn1_1.18" 17 "Simu1" 0.01 0.01 0.298436717729288 0.313249023697198 0.29059534190372 0.0128352142555976 3.34615360576855 0.821099084799997 3.81046 3.77974875 3.8424505 4.136085 4.10539925 4.168061 3.5073 3.4760185 3.53982 "CDDO" 17 "Srxn1"
"Srxn1_1.19" 18 "Simu1" 0.01 0.01 0.314621678787827 0.332165420193412 0.304561973174247 0.0152478085519516 3.56337954094043 0.899528751615669 4.059775 4.028497 4.09289075 4.394755 4.3635195 4.4280505 3.75483 3.7225675 3.7889135 "CDDO" 18 "Srxn1"
"Srxn1_1.20" 19 "Simu1" 0.01 0.01 0.304422697020329 0.314057450915685 0.296977356445438 0.00874800290317799 3.77198538570631 1.02047574877586 4.327715 4.29535 4.36180125 4.67392 4.64204975 4.70827225 4.01765 3.98452 4.0528105 "CDDO" 19 "Srxn1"
"Srxn1_1.21" 20 "Simu1" 0.01 0.01 0.344884150949285 0.412691821813655 0.297473062539557 0.0602565851508153 3.91189496838109 0.988173836392343 4.585475 4.5524285 4.62068 4.936185 4.90387575 4.9713405 4.27336 4.23955975 4.30983075 "CDDO" 20 "Srxn1"
"Srxn1_1.22" 21 "Simu1" 0.01 0.01 0.339865539676281 0.40081337883847 0.297523536613694 0.0541001915840296 4.02257800404361 0.997972035480284 4.885455 4.85168975 4.92167125 5.29996 5.26649 5.336361 4.5296 4.49505 4.5672515 "CDDO" 21 "Srxn1"
"Srxn1_1.23" 22 "Simu1" 0.01 0.01 0.332635401442229 0.388062717906012 0.295787086047411 0.0488628951175278 4.09479015555489 0.994215758871554 5.180205 5.14599925 5.2179135 5.6511 5.61726975 5.6887605 4.78668 4.751489 4.8256105 "CDDO" 22 "Srxn1"
"Srxn1_1.24" 23 "Simu1" 0.01 0.01 0.333215576100467 0.420187878544309 0.280359843726193 0.0759007581994926 4.19571859226968 1.00882358688531 5.4674 5.43258 5.5060005 5.988185 5.953409 6.02666 5.04129 5.00524525 5.08144025 "CDDO" 23 "Srxn1"
"Srxn1_1.25" 24 "Simu1" 0.01 0.01 0.326270047367165 0.379698185589229 0.278708958958353 0.0507496076734487 4.36480853072841 0.869683499472184 5.753535 5.71759675 5.79365175 6.35803 6.32256775 6.39820025 5.277465 5.24022875 5.3184 "CDDO" 24 "Srxn1"
"Srxn1_1.26" 25 "Simu1" 0.01 0.01 0.32582183231897 0.373539075851511 0.286678862443782 0.0440603313068846 4.45056141895871 0.852826088259742 6.03061 5.9936895 6.0719205 6.68337 6.64685975 6.72512 5.50988 5.4718995 5.5516105 "CDDO" 25 "Srxn1"
"Srxn1_1.27" 26 "Simu1" 0.01 0.01 0.311205100327885 0.353030429910975 0.272426994906418 0.0403880256381991 4.60169237349438 0.971413206913658 6.304935 6.26712925 6.34713075 7.00025 6.9629095 7.04292 5.7465 5.70813975 5.78872075 "CDDO" 26 "Srxn1"
"Srxn1_1.28" 27 "Simu1" 0.01 0.01 0.294670832797796 0.3319348832086 0.27325238823009 0.0323916844672641 4.52630897702566 0.88157488007656 6.554905 6.516897 6.59752225 7.29036 7.25221 7.33368275 5.94665 5.9079485 5.98776 "CDDO" 27 "Srxn1"
"Srxn1_1.29" 28 "Simu1" 0.01 0.01 0.318027831518454 0.361539216883648 0.294883316784619 0.0377075498937393 4.60634585949474 0.979459602102126 6.761075 6.7231795 6.80213475 7.545595 7.5078575 7.58872125 6.113715 6.0728585 6.1556205 "CDDO" 28 "Srxn1"
"Srxn1_1.30" 29 "Simu1" 0.01 0.01 0.300648711711193 0.358307772505483 0.266997898287056 0.0501664254136773 4.60626724772018 0.980804682145862 6.97926 6.939668 7.01975075 7.828685 7.79099975 7.87080325 6.285655 6.237469 6.332127 "CDDO" 29 "Srxn1"
"Srxn1_1.31" 30 "Simu1" 0.01 0.01 0.315090543245971 0.383111152343826 0.275901275908708 0.0591347960349514 4.71072280704325 1.01668390117399 7.08744 7.0383295 7.13567075 8.07616 8.03768425 8.11681025 6.300305 6.24368875 6.3567125 "CDDO" 30 "Srxn1"
"Srxn1_1.32" 31 "Simu1" 0.01 0.01 0.29971672963635 0.346278357045061 0.272720357859593 0.0404943728436451 4.69309604526876 0.978376621337356 7.15629 7.09258925 7.218185 8.3299 8.2867855 8.373012 6.28027 6.2166065 6.34503025 "CDDO" 31 "Srxn1"
"Srxn1_1.33" 32 "Simu1" 0.01 0.01 0.302494942499862 0.36864930423145 0.268488101189261 0.0572989000821829 4.72795025786753 0.951454679471575 7.11871 7.0494485 7.18918375 8.38749 8.33278875 8.44189175 6.224595 6.15956675 6.29261 "CDDO" 32 "Srxn1"
"Srxn1_2.1" 0 "Simu2" 0.02 0.02 0 0 0 0 0 0 0 0 0 0 0 0 0 0 0 "CDDO" 0 "Srxn1"
"Srxn1_2.2" 1 "Simu2" 0.02 0.02 0.0748870334396387 0.203980791512879 0 0.112275632143322 0 0 0.0231777 0.0211542 0.0253844325 0.0231777 0.0211542 0.0253844325 0.0231777 0.0211542 0.0253844325 "CDDO" 1 "Srxn1"
"Srxn1_2.3" 2 "Simu2" 0.02 0.02 0.318729438736841 0.437906309476165 0.215578140787618 0.112027085499619 0 0 0.0459831 0.041976055 0.0503637 0.0459831 0.041976055 0.0503637 0.0459831 0.041976055 0.0503637 "CDDO" 2 "Srxn1"
"Srxn1_2.4" 3 "Simu2" 0.02 0.02 0.495066039899073 0.579230054905898 0.368943816025847 0.111244973073109 0.00208655680897513 0.00361402240602372 0.0703387 0.06407846 0.0775422275 0.1037135 0.082774685 0.136590025 0.06845495 0.0624910675 0.07497082 "CDDO" 3 "Srxn1"
"Srxn1_2.5" 4 "Simu2" 0.02 0.02 0.547824665911971 0.661062186275234 0.427434957942345 0.116977714951585 0.0655794390939315 0.0350443667857807 0.619745 0.6029199 0.632831925 0.7529445 0.72963935 0.7844597 0.4282355 0.3908925 0.45967555 "CDDO" 4 "Srxn1"
"Srxn1_2.6" 5 "Simu2" 0.02 0.02 0.534011346185043 0.624716446109823 0.409422465879922 0.111574895968832 0.421709956484451 0.0878197779391373 1.1685 1.15556925 1.1816905 1.41217 1.39522 1.43104125 0.8620095 0.83301035 0.88466855 "CDDO" 5 "Srxn1"
"Srxn1_2.7" 6 "Simu2" 0.02 0.02 0.529228538913121 0.644765045535722 0.400551515046038 0.122635912414139 1.20086209907209 0.192071099760271 1.60523 1.5770795 1.62865025 1.918415 1.89579975 1.941251 1.201335 1.18238725 1.2180405 "CDDO" 6 "Srxn1"
"Srxn1_2.8" 7 "Simu2" 0.02 0.02 0.495951377386274 0.62167976197081 0.379460617532883 0.121373509325822 2.01059970674986 0.195652271826206 1.964615 1.924569 2.00028225 2.351785 2.31724625 2.389871 1.47901 1.460538 1.498175 "CDDO" 7 "Srxn1"
"Srxn1_2.9" 8 "Simu2" 0.02 0.02 0.484531450636109 0.608410886874647 0.337146462798931 0.137151303891905 2.62168268975871 0.235839791219511 2.28193 2.238028 2.322821 2.74604 2.70606925 2.79057075 1.72731 1.706714 1.74888125 "CDDO" 8 "Srxn1"
"Srxn1_2.10" 9 "Simu2" 0.02 0.02 0.51999959424347 0.640212705069717 0.435259752138001 0.106982207979457 3.62996928381637 0.721974073770762 2.599495 2.55472 2.64189275 3.1404 3.0987155 3.18739025 1.95247 1.9302195 1.97567075 "CDDO" 9 "Srxn1"
"Srxn1_2.11" 10 "Simu2" 0.02 0.02 0.444951327380202 0.514347176289783 0.379938095708375 0.0673116315065556 3.69054663603533 0.817452623057913 2.95662 2.91172 2.99965025 3.576105 3.53350875 3.62420025 2.258575 2.23478625 2.28336 "CDDO" 10 "Srxn1"
"Srxn1_2.12" 11 "Simu2" 0.02 0.02 0.480452142411524 0.5411005000146 0.427047363828069 0.057370563412398 3.95282671018358 0.793756085405174 3.271955 3.22724 3.315051 3.93432 3.8911375 3.982118 2.53537 2.5105055 2.56163 "CDDO" 11 "Srxn1"
"Srxn1_2.13" 12 "Simu2" 0.02 0.02 0.514402709255601 0.600719845494534 0.465850623151586 0.074947155000157 4.13229137518998 0.820504502316448 3.627415 3.58276875 3.67085175 4.328175 4.28469825 4.37658175 2.859965 2.8335885 2.88779375 "CDDO" 12 "Srxn1"
"Srxn1_2.14" 13 "Simu2" 0.02 0.02 0.504313450097008 0.60085288231756 0.419663557677024 0.0911779233610055 4.29045227971599 0.815514504356785 4.02222 3.977326 4.06592225 4.784995 4.7411795 4.83339025 3.22682 3.19894775 3.2561005 "CDDO" 13 "Srxn1"
"Srxn1_2.15" 14 "Simu2" 0.02 0.02 0.507376272560528 0.57304175326422 0.418492733641802 0.0798477209256477 4.46647179490482 0.791397447485117 4.418165 4.373187 4.46191 5.25335 5.2091995 5.30180075 3.56249 3.53320975 3.59302025 "CDDO" 14 "Srxn1"
"Srxn1_2.16" 15 "Simu2" 0.02 0.02 0.490210467972841 0.548533017905929 0.398088364594726 0.0807168246854059 4.68742265294719 0.843834262858463 4.8251 4.77962 4.86855175 5.70625 5.66202675 5.754221 3.902965 3.87234975 3.9343635 "CDDO" 15 "Srxn1"
"Srxn1_2.17" 16 "Simu2" 0.02 0.02 0.49441400591333 0.60450040441728 0.383457813666963 0.110523862298007 4.86293826077623 0.763032503627889 5.222395 5.17717875 5.2657745 6.14408 6.0997695 6.19169025 4.230295 4.19856975 4.26249325 "CDDO" 16 "Srxn1"
"Srxn1_2.18" 17 "Simu2" 0.02 0.02 0.486393863119329 0.553071386595032 0.366403057479478 0.104129706688503 5.13205209537735 0.684365365703329 5.62858 5.58376425 5.6719 6.64089 6.5965995 6.68834375 4.54725 4.5148285 4.5803705 "CDDO" 17 "Srxn1"
"Srxn1_2.19" 18 "Simu2" 0.02 0.02 0.470340135590045 0.550622759858842 0.374578074945066 0.0890373095083793 5.3385903271001 0.651691807748698 6.031025 5.98624375 6.074642 7.09203 7.04799875 7.139001 4.85076 4.81770975 4.88464 "CDDO" 18 "Srxn1"
"Srxn1_2.20" 19 "Simu2" 0.02 0.02 0.452223963281821 0.5327467935504 0.331395540386516 0.10655509084699 5.48655433038198 0.780179670159798 6.42029 6.3759085 6.463843 7.544565 7.50063825 7.5909125 5.164965 5.13102925 5.200111 "CDDO" 19 "Srxn1"
"Srxn1_2.21" 20 "Simu2" 0.02 0.02 0.472384936149989 0.565330615062102 0.356840619755241 0.106066221521356 5.69935402084791 0.758402387081459 6.7931 6.74956675 6.83719175 7.98073 7.93737925 8.0269715 5.43627 5.4023585 5.47254075 "CDDO" 20 "Srxn1"
"Srxn1_2.22" 21 "Simu2" 0.02 0.02 0.460665000971334 0.574106376526474 0.365273480786198 0.105580029101037 5.96766460523476 0.986370197811108 7.187465 7.14396925 7.232012 8.450985 8.408287 8.496873 5.735105 5.7007595 5.772191 "CDDO" 21 "Srxn1"
"Srxn1_2.23" 22 "Simu2" 0.02 0.02 0.446513387847688 0.532522294122806 0.367497617198515 0.0827342973494292 6.10957044503153 1.03605985874321 7.570615 7.52743925 7.615151 8.93081 8.88850825 8.97659 6.04223 6.00776975 6.0800405 "CDDO" 22 "Srxn1"
"Srxn1_2.24" 23 "Simu2" 0.02 0.02 0.43058499907013 0.499124077605328 0.366445897972013 0.0664484363155952 6.22242283156778 1.04521619564704 7.93876 7.8958885 7.98326025 9.367335 9.32488975 9.412583 6.35096 6.31633975 6.38943275 "CDDO" 23 "Srxn1"
"Srxn1_2.25" 24 "Simu2" 0.02 0.02 0.430674061166262 0.509119126658453 0.359429523583146 0.0751041278415363 6.3586077465649 1.15067388650421 8.289065 8.2466 8.333493 9.76685 9.72492825 9.81115225 6.65783 6.6226195 6.69723175 "CDDO" 24 "Srxn1"
"Srxn1_2.26" 25 "Simu2" 0.02 0.02 0.41113593264611 0.495175904525147 0.344297626997475 0.0768959468909509 6.44160690288788 1.33033635476314 8.6384 8.59629975 8.6825715 10.1757 10.1344975 10.219305 6.956075 6.92001 6.996341 "CDDO" 25 "Srxn1"
"Srxn1_2.27" 26 "Simu2" 0.02 0.02 0.406406577667046 0.496199454995053 0.343396438531321 0.0798447040129223 6.49148305314849 1.40719538432157 8.964435 8.92188825 9.00861075 10.5679 10.526495 10.611605 7.23565 7.199089 7.27685 "CDDO" 26 "Srxn1"
"Srxn1_2.28" 27 "Simu2" 0.02 0.02 0.403340342601598 0.46508677217839 0.336736566901378 0.0643128226498015 6.68186500716978 1.38092042909326 9.282385 9.24022225 9.32713075 10.9587 10.9174 11.0024025 7.51036 7.47303975 7.5520725 "CDDO" 27 "Srxn1"
"Srxn1_2.29" 28 "Simu2" 0.02 0.02 0.383657329838585 0.442440749572395 0.32971369711539 0.0565191537679232 6.57327551188152 1.37726226897297 9.59362 9.551189 9.63894075 11.3126 11.2708975 11.3566 7.768995 7.73171875 7.81050025 "CDDO" 28 "Srxn1"
"Srxn1_2.30" 29 "Simu2" 0.02 0.02 0.37628421357099 0.453160074602155 0.300245729153688 0.076460611825164 6.60151137675163 1.3636281583104 9.874395 9.83224 9.91883275 11.6364 11.5940925 11.6804 7.995315 7.95806 8.0357815 "CDDO" 29 "Srxn1"
"Srxn1_2.31" 30 "Simu2" 0.02 0.02 0.385446193305942 0.48444968271175 0.299799133834681 0.0930470416810662 6.65923876848463 1.23245518466109 10.1234 10.0819 10.166005 11.9664 11.9242 12.0107 8.084125 8.04152775 8.12698325 "CDDO" 30 "Srxn1"
"Srxn1_2.32" 31 "Simu2" 0.02 0.02 0.391712332603296 0.48117396674792 0.321830081885691 0.0814563232799238 6.7605083675097 1.52173182338309 10.3489 10.3071975 10.3921 12.3249 12.283 12.3691025 8.09167 8.03912875 8.14620075 "CDDO" 31 "Srxn1"
"Srxn1_2.33" 32 "Simu2" 0.02 0.02 0.388207764253816 0.475070222257285 0.289876116064835 0.0931282501969123 6.54768251020895 1.58535882960193 10.5204 10.4702975 10.571405 12.6595 12.6182975 12.703 8.084945 8.021519 8.152112 "CDDO" 32 "Srxn1"
"Srxn1_3.1" 0 "Simu3" 0.05 0.05 0 0 0 0 0 0 0 0 0 0 0 0 0 0 0 "CDDO" 0 "Srxn1"
"Srxn1_3.2" 1 "Simu3" 0.05 0.05 0.0513513127694079 0.154053938308224 0 0.0889430827519749 0.00165141696070654 0.0028603380804247 0.0231777 0.0211542 0.0253844325 0.0231777 0.0211542 0.0253844325 0.0231777 0.0211542 0.0253844325 "CDDO" 1 "Srxn1"
"Srxn1_3.3" 2 "Simu3" 0.05 0.05 0.558822322002826 0.621227500892171 0.506219167786396 0.0581273510209144 0.00441835696800649 0.00765281875456322 0.0459831 0.041976055 0.0503637 0.0459831 0.041976055 0.0503637 0.0459831 0.041976055 0.0503637 "CDDO" 2 "Srxn1"
"Srxn1_3.4" 3 "Simu3" 0.05 0.05 0.747679840559308 0.962632607132903 0.613044086718957 0.188125357945432 0.0141244869014376 0.0136865310476826 0.220079 0.168462625 0.275167925 0.299189 0.238884525 0.360310225 0.160833 0.1206351 0.208777275 "CDDO" 3 "Srxn1"
"Srxn1_3.5" 4 "Simu3" 0.05 0.05 0.809606806858072 1.12942776592533 0.587426228834428 0.283886684365402 0.138848176197731 0.0452091425645331 1.054795 1.0078595 1.10493125 1.36833 1.31460975 1.42211375 0.847383 0.807589875 0.89277445 "CDDO" 4 "Srxn1"
"Srxn1_3.6" 5 "Simu3" 0.05 0.05 0.794225750269519 1.07489494616187 0.593724572210506 0.250402506985493 0.63807993294261 0.173439216406776 1.85486 1.82163575 1.88926325 2.47725 2.44257725 2.5112505 1.43172 1.40221975 1.46466075 "CDDO" 5 "Srxn1"
"Srxn1_3.7" 6 "Simu3" 0.05 0.05 0.816374868408848 1.09646194064861 0.643090750870029 0.244829557610905 1.77181420575654 0.282995175298668 2.49133 2.46458975 2.518361 3.33186 3.29523875 3.368582 1.9129 1.89096925 1.9349515 "CDDO" 6 "Srxn1"
"Srxn1_3.8" 7 "Simu3" 0.05 0.05 0.792487859716073 1.12119982737334 0.58686333936129 0.287648675240899 2.73855362438275 0.426998256121218 3.033355 2.9958895 3.07191375 4.05298 3.99455875 4.1101 2.34553 2.318711 2.37351025 "CDDO" 7 "Srxn1"
"Srxn1_3.9" 8 "Simu3" 0.05 0.05 0.765941747119493 1.08847574535976 0.574623273265286 0.280934558481741 3.52982399327405 0.545970305164638 3.528865 3.48472725 3.57501 4.74962 4.6811795 4.818291 2.71673 2.68569875 2.74983275 "CDDO" 8 "Srxn1"
"Srxn1_3.10" 9 "Simu3" 0.05 0.05 0.79279595388661 1.07316238301411 0.622317909727997 0.244687101491802 4.46293322758216 1.06342255994416 4.01895 3.97241975 4.068076 5.440885 5.36939825 5.513986 3.088875 3.05602975 3.12426125 "CDDO" 9 "Srxn1"
"Srxn1_3.11" 10 "Simu3" 0.05 0.05 0.705280118295939 0.875257575707013 0.597022390131094 0.149032541267964 4.73755015798042 1.17052258364925 4.551705 4.50377725 4.60209 6.15414 6.08132575 6.2289515 3.512325 3.47816975 3.54916025 "CDDO" 10 "Srxn1"
"Srxn1_3.12" 11 "Simu3" 0.05 0.05 0.744343933879728 0.931304857794095 0.600564004360274 0.169545942859843 5.08581956707442 1.11818539855947 5.04069 4.99243625 5.09177125 6.747805 6.67554625 6.82301175 3.935335 3.89989625 3.97329125 "CDDO" 11 "Srxn1"
"Srxn1_3.13" 12 "Simu3" 0.05 0.05 0.801992184514341 1.02558914473298 0.668667436030898 0.19483346913294 5.16380781851096 1.04658916109179 5.58031 5.5313755 5.632144 7.410665 7.337629 7.4860945 4.377655 4.341169 4.41663 "CDDO" 12 "Srxn1"
"Srxn1_3.14" 13 "Simu3" 0.05 0.05 0.755168748284093 0.93092789587148 0.621162707637111 0.159047506786027 5.37838770479397 1.08186688924458 6.18581 6.13647625 6.2383445 8.17536 8.10302675 8.25051125 4.89077 4.85299775 4.93037075 "CDDO" 13 "Srxn1"
"Srxn1_3.15" 14 "Simu3" 0.05 0.05 0.704807709823792 0.88122455280171 0.558095784609864 0.163599623510628 5.66704517918456 1.04979318240441 6.76591 6.71626925 6.8186615 8.877445 8.8052885 8.95184075 5.374865 5.336068 5.4150125 "CDDO" 14 "Srxn1"
"Srxn1_3.16" 15 "Simu3" 0.05 0.05 0.695274988595228 0.826789835665304 0.578115872443909 0.124956993616675 6.06543589205325 0.925954610826454 7.31325 7.2636995 7.3657845 9.54924 9.47789875 9.623131 5.81214 5.7728175 5.85290075 "CDDO" 15 "Srxn1"
"Srxn1_3.17" 16 "Simu3" 0.05 0.05 0.684531446426427 0.83713233308328 0.543855591875678 0.147001586815879 6.46453298744283 0.827812971397943 7.86063 7.8110065 7.9128 10.1829 10.112395 10.256305 6.275415 6.2353495 6.3163075 "CDDO" 16 "Srxn1"
"Srxn1_3.18" 17 "Simu3" 0.05 0.05 0.683514282316802 0.793450882109967 0.574589333415876 0.109434281431094 6.78976293626565 0.834244736384096 8.405825 8.3558095 8.457773 10.8351 10.7659 10.9081 6.71233 6.6720185 6.75331875 "CDDO" 17 "Srxn1"
"Srxn1_3.19" 18 "Simu3" 0.05 0.05 0.670454563574489 0.785617595127992 0.578071223125729 0.105631718143492 7.233720813083 0.779038146789383 8.955715 8.906388 9.00734325 11.4518 11.3839975 11.52311 7.18364 7.14280925 7.22450475 "CDDO" 18 "Srxn1"
"Srxn1_3.20" 19 "Simu3" 0.05 0.05 0.68541441949812 0.830485419701575 0.545019924253665 0.142790194154934 7.63215321272863 0.678873824026181 9.49589 9.4469195 9.54657125 12.067 12.0003975 12.1362025 7.661235 7.6202095 7.70224225 "CDDO" 19 "Srxn1"
"Srxn1_3.21" 20 "Simu3" 0.05 0.05 0.687109944525119 0.845038984907387 0.532720727796478 0.156189216000411 7.8736062007294 0.698694464552911 10.0539 10.00549 10.104 12.7295 12.6651 12.7976025 8.107685 8.067309 8.148521 "CDDO" 20 "Srxn1"
"Srxn1_3.22" 21 "Simu3" 0.05 0.05 0.675416332719597 0.823917397933285 0.55080463436195 0.138114705201799 8.08331784934318 0.575745940698592 10.6157 10.5682975 10.6646 13.4099 13.346395 13.4764 8.543145 8.50318825 8.58364275 "CDDO" 21 "Srxn1"
"Srxn1_3.23" 22 "Simu3" 0.05 0.05 0.671145130702265 0.822789074987416 0.5672479499093 0.134294943015482 8.45561437439447 0.681259227355518 11.1654 11.118495 11.213205 14.06925 14.007195 14.134205 8.99755 8.957419 9.03852 "CDDO" 22 "Srxn1"
"Srxn1_3.24" 23 "Simu3" 0.05 0.05 0.642343881892105 0.764974878738953 0.518091851124161 0.123449496330652 8.7877519181734 0.698360079171985 11.7105 11.6642 11.7574075 14.7272 14.666995 14.7905075 9.468555 9.4282495 9.50941325 "CDDO" 23 "Srxn1"
"Srxn1_3.25" 24 "Simu3" 0.05 0.05 0.6275546888392 0.744829118597853 0.522323010423653 0.1117408293268 8.98348266882611 0.749878481538291 12.2239 12.178495 12.2701025 15.3228 15.264 15.384305 9.886385 9.84603925 9.92729025 "CDDO" 24 "Srxn1"
"Srxn1_3.26" 25 "Simu3" 0.05 0.05 0.624342525599244 0.781159734383817 0.509446449554719 0.14062383622918 9.32637367781214 0.922147308937064 12.7206 12.6762975 12.7661025 15.895 15.8378 15.9551 10.3072 10.2671975 10.348405 "CDDO" 25 "Srxn1"
"Srxn1_3.27" 26 "Simu3" 0.05 0.05 0.626992422586858 0.762604638126358 0.53503340639003 0.119901491809467 9.53260613253476 1.13380282722845 13.211 13.1672 13.256 16.5041 16.4488975 16.5629 10.71215 10.6721 10.7532025 "CDDO" 26 "Srxn1"
"Srxn1_3.28" 27 "Simu3" 0.05 0.05 0.619850314659658 0.74657298563322 0.494862929002393 0.125864000268624 9.54460269617939 1.34569609918274 13.7019 13.6583 13.7467025 17.0904 17.0353 17.1480025 11.143 11.1025975 11.1843 "CDDO" 27 "Srxn1"
"Srxn1_3.29" 28 "Simu3" 0.05 0.05 0.58951466317698 0.72888492962331 0.485214460299747 0.1255637544204 9.72394377220711 1.61415205661214 14.18215 14.138595 14.2264025 17.6552 17.6013 17.7122025 11.5269 11.4862975 11.5684025 "CDDO" 28 "Srxn1"
"Srxn1_3.30" 29 "Simu3" 0.05 0.05 0.593041543029022 0.708005396482451 0.474841164784916 0.11661580534094 9.85549111621936 1.58997612220881 14.6254 14.5814 14.6703025 18.1965 18.142995 18.25221 11.896 11.8552 11.9384 "CDDO" 29 "Srxn1"
"Srxn1_3.31" 30 "Simu3" 0.05 0.05 0.581014865530701 0.694660183431055 0.471155708406217 0.111800330272757 10.1003211617602 1.58502765079547 15.0683 15.0237 15.1137025 18.7104 18.6554975 18.766705 12.2482 12.2072 12.2915 "CDDO" 30 "Srxn1"
"Srxn1_3.32" 31 "Simu3" 0.05 0.05 0.569559544133784 0.64544521142674 0.465282629821665 0.0933765823594361 10.1216770024665 1.76671729311521 15.4929 15.4467 15.539205 19.2051 19.1490975 19.2628 12.5853 12.544 12.6283 "CDDO" 31 "Srxn1"
"Srxn1_3.33" 32 "Simu3" 0.05 0.05 0.578823802987711 0.649349437365515 0.471222598629848 0.094674395094451 10.297439160371 1.72705662328972 15.8967 15.8494 15.9444025 19.6377 19.5803 19.6972025 12.8892 12.8486975 12.9306 "CDDO" 32 "Srxn1"
"Srxn1_4.1" 0 "Simu4" 0.1 0.1 0 0 0 0 0 0 0 0 0 0 0 0 0 0 0 "CDDO" 0 "Srxn1"
"Srxn1_4.2" 1 "Simu4" 0.1 0.1 0.11315419584644 0.17832319758802 0 0.0983703453255339 0.00198516527746124 0.00343840712198443 0.0231777 0.0211542 0.0253844325 0.0231777 0.0211542 0.0253844325 0.0231777 0.0211542 0.0253844325 "CDDO" 1 "Srxn1"
"Srxn1_4.3" 2 "Simu4" 0.1 0.1 0.847156450400732 0.888594668571123 0.78904318724591 0.0518282471480143 0 0 0.0459831 0.041976055 0.0503637 0.0459831 0.041976055 0.0503637 0.0459831 0.041976055 0.0503637 "CDDO" 2 "Srxn1"
"Srxn1_4.4" 3 "Simu4" 0.1 0.1 1.00927777934878 1.16386943006694 0.923061164773642 0.13417717516054 0.0225694627774544 0.0350672841083487 0.641906 0.565564825 0.716715325 0.712354 0.6338909 0.7892919 0.547483 0.4743458 0.619151725 "CDDO" 3 "Srxn1"
"Srxn1_4.5" 4 "Simu4" 0.1 0.1 1.07021406521581 1.3444881990029 0.890489464310628 0.241316023922338 0.187254875274445 0.102210290660743 1.75606 1.686669 1.82389125 1.99539 1.9247295 2.06397 1.56901 1.50226 1.634353 "CDDO" 4 "Srxn1"
"Srxn1_4.6" 5 "Simu4" 0.1 0.1 1.09128533587469 1.28317191987952 0.94809425368056 0.172764867721371 0.934161266964989 0.316300087150545 2.80046 2.749859 2.84906775 3.30577 3.2571265 3.351643 2.43943 2.3895685 2.48785025 "CDDO" 5 "Srxn1"
"Srxn1_4.7" 6 "Simu4" 0.1 0.1 1.1110447422009 1.34384072660642 0.987309463467479 0.201740708683534 2.17359654433558 0.571703940216153 3.66252 3.6227285 3.70394225 4.31566 4.268668 4.3640615 3.191005 3.15490875 3.22780275 "CDDO" 6 "Srxn1"
"Srxn1_4.8" 7 "Simu4" 0.1 0.1 1.1342668673873 1.42775790255846 0.979953516842345 0.254283331915562 3.35336754343231 0.726300102032727 4.38875 4.3340585 4.44540025 5.192095 5.11983875 5.263071 3.839675 3.79464925 3.88688075 "CDDO" 7 "Srxn1"
"Srxn1_4.9" 8 "Simu4" 0.1 0.1 1.10197792029532 1.39523721836783 0.950822489788196 0.254010323859894 4.25506764292114 0.732873167462206 5.08818 5.0247985 5.15489025 6.073105 5.98858375 6.15913725 4.446085 4.39393925 4.50126275 "CDDO" 8 "Srxn1"
"Srxn1_4.10" 9 "Simu4" 0.1 0.1 1.11282734936303 1.3788666967319 0.921340410736362 0.237699646257974 5.36595603883118 1.03400896770694 5.783765 5.7166295 5.85457125 6.95427 6.8661605 7.04619 5.04848 4.993584 5.10680325 "CDDO" 9 "Srxn1"
"Srxn1_4.11" 10 "Simu4" 0.1 0.1 1.04614787740387 1.23655881586719 0.879580236839514 0.179679725100468 5.9956044271249 1.1229596233025 6.520805 6.452168 6.59331125 7.86555 7.7754795 7.9601805 5.657625 5.60121975 5.7179405 "CDDO" 10 "Srxn1"
"Srxn1_4.12" 11 "Simu4" 0.1 0.1 1.06126563769908 1.23310145876262 0.922879993194158 0.157792665097946 6.59970072006771 1.02875401844335 7.24007 7.17037975 7.31300625 8.71002 8.61926775 8.805 6.26333 6.20579825 6.32467125 "CDDO" 11 "Srxn1"
"Srxn1_4.13" 12 "Simu4" 0.1 0.1 1.0761555735233 1.23523880470684 0.956841577568748 0.143396122934232 6.9489359939616 0.973569193327815 7.99999 7.9293895 8.07350425 9.58507 9.49370275 9.679743 6.927535 6.8693145 6.9897505 "CDDO" 12 "Srxn1"
"Srxn1_4.14" 13 "Simu4" 0.1 0.1 1.05011837066184 1.21716712775207 0.906026808784081 0.156835420523851 7.351525936494 0.878800166302552 8.797125 8.72631525 8.87113325 10.4906 10.399395 10.585105 7.641995 7.58251925 7.70490075 "CDDO" 13 "Srxn1"
"Srxn1_4.15" 14 "Simu4" 0.1 0.1 1.02351714784252 1.1901169503238 0.891736837172019 0.152206999637298 7.70710196616213 0.690482352519047 9.59301 9.52177975 9.667123 11.405 11.3143975 11.499105 8.33048 8.27090475 8.393641 "CDDO" 14 "Srxn1"
"Srxn1_4.16" 15 "Simu4" 0.1 0.1 0.9941007982235 1.10917658231405 0.863085963599789 0.123817156136443 8.2723427157963 0.72069682698615 10.3823 10.311195 10.456705 12.3153 12.2247 12.4081025 9.02098 8.96139825 9.08416125 "CDDO" 15 "Srxn1"
"Srxn1_4.17" 16 "Simu4" 0.1 0.1 1.00844206825844 1.17960888098239 0.862184196221068 0.160171623949287 8.73256989080276 0.616362253521989 11.1578 11.086995 11.2315 13.16615 13.0767975 13.2576025 9.69674 9.63651575 9.7598645 "CDDO" 16 "Srxn1"
"Srxn1_4.18" 17 "Simu4" 0.1 0.1 0.984778157980492 1.13052221260932 0.835281932220411 0.147655900261992 9.3143215561612 0.612211095506684 11.9569 11.886195 12.030305 14.0968 14.0085975 14.18731 10.3807 10.3209975 10.4431025 "CDDO" 17 "Srxn1"
"Srxn1_4.19" 18 "Simu4" 0.1 0.1 0.988682567812395 1.16176127269216 0.862869564482634 0.154950308861787 9.96657940737896 0.644859695308233 12.7421 12.6724975 12.813905 14.9896 14.902895 15.0787025 11.0453 10.9860975 11.1069025 "CDDO" 18 "Srxn1"
"Srxn1_4.20" 19 "Simu4" 0.1 0.1 0.984491884651575 1.16135876424069 0.849980781360784 0.159951776779643 10.0822963776426 0.652357758862315 13.5369 13.4688 13.6076025 15.92 15.8349975 16.0083025 11.743 11.684 11.8035 "CDDO" 19 "Srxn1"
"Srxn1_4.21" 20 "Simu4" 0.1 0.1 0.975045499816617 1.17487027259242 0.849641390140858 0.174920790123301 10.5823168610085 0.500938044842997 14.3313 14.2644 14.4007 16.8543 16.7709975 16.9415 12.43095 12.3731925 12.4906 "CDDO" 20 "Srxn1"
"Srxn1_4.22" 21 "Simu4" 0.1 0.1 0.964466835957147 1.17997797093143 0.81608541041014 0.191008500639446 10.8690631077019 0.746405164909473 15.1186 15.0532 15.1872075 17.8058 17.7242975 17.891305 13.1209 13.0645975 13.1796 "CDDO" 21 "Srxn1"
"Srxn1_4.23" 22 "Simu4" 0.1 0.1 0.953170881705978 1.18060203220594 0.79827741328813 0.201219569249726 11.3940560186353 0.53188497083291 15.8957 15.8319975 15.9630025 18.7637 18.6836975 18.8480125 13.7768 13.721095 13.8339075 "CDDO" 22 "Srxn1"
"Srxn1_4.24" 23 "Simu4" 0.1 0.1 0.933819823301174 1.11656529486637 0.773162357023656 0.172763724239042 11.6695424866524 0.693437220633388 16.6608 16.5980975 16.727 19.7221 19.6444875 19.8046075 14.4133 14.3592 14.468705 "CDDO" 23 "Srxn1"
"Srxn1_4.25" 24 "Simu4" 0.1 0.1 0.966208368304426 1.10415136989432 0.851341289222283 0.127975028314272 12.1704289082411 0.620690698961738 17.4044 17.343895 17.4688 20.6108 20.535595 20.6919 15.0221 14.9695925 15.0765025 "CDDO" 24 "Srxn1"
"Srxn1_4.26" 25 "Simu4" 0.1 0.1 0.929537595606153 1.09885855518332 0.800501312815609 0.153203793706839 12.5320510039231 1.0202121237486 18.18 18.1206 18.2425025 21.4829 21.409 21.561 15.7125 15.6610975 15.76581 "CDDO" 25 "Srxn1"
"Srxn1_4.27" 26 "Simu4" 0.1 0.1 0.917877241185424 1.08469351976575 0.76912413344882 0.158558247974704 12.8084851560837 0.84451504274806 18.9132 18.8549925 18.975 22.3458 22.272995 22.4214025 16.34565 16.2957975 16.3994 "CDDO" 26 "Srxn1"
"Srxn1_4.28" 27 "Simu4" 0.1 0.1 0.898366603618206 1.07590430771445 0.743267806041033 0.167449660960278 13.4378697436764 1.00441814592324 19.6297 19.5727975 19.6898025 23.18885 23.117895 23.2631025 16.9414 16.8914 16.9941025 "CDDO" 27 "Srxn1"
"Srxn1_4.29" 28 "Simu4" 0.1 0.1 0.886295392904371 1.08052009642279 0.74918116438372 0.172894698406431 13.7106686185228 0.895696798101274 20.3195 20.2626 20.3788 24.0166 23.9463 24.0902 17.50455 17.4543975 17.5566025 "CDDO" 28 "Srxn1"
"Srxn1_4.30" 29 "Simu4" 0.1 0.1 0.862666693349076 1.04489902033186 0.7376564868592 0.161416454858089 14.0458268593225 1.10213290971136 20.9909 20.9326 21.0495025 24.8444 24.7743975 24.9181025 18.07005 18.0195 18.1217 "CDDO" 29 "Srxn1"
"Srxn1_4.31" 30 "Simu4" 0.1 0.1 0.85580702168943 1.0578785677311 0.719631284123515 0.178492295066156 14.1865015727616 0.989423151217691 21.63145 21.5726 21.6909 25.6254 25.5541975 25.6986025 18.619 18.5675 18.6710075 "CDDO" 30 "Srxn1"
"Srxn1_4.32" 31 "Simu4" 0.1 0.1 0.861255409498103 1.02258736311518 0.745993452074198 0.143937074161475 14.4554299729746 1.16842776468467 22.2588 22.1990975 22.3208025 26.4144 26.3413 26.4886025 19.143 19.09 19.1970025 "CDDO" 31 "Srxn1"
"Srxn1_4.33" 32 "Simu4" 0.1 0.1 0.856330256806822 1.0456324709222 0.721275738129713 0.168845882011456 14.6393982208848 1.37309435371993 22.8858 22.8243975 22.9499 27.1564 27.0809 27.234 19.69085 19.636195 19.7458025 "CDDO" 32 "Srxn1"
"Srxn1_5.1" 0 "Simu5" 0.22 0.22 0 0 0 0 0 0 0 0 0 0 0 0 0 0 0 "CDDO" 0 "Srxn1"
"Srxn1_5.2" 1 "Simu5" 0.22 0.22 0.126704796315892 0.220341874966891 0.072065854883125 0.0814683101754255 0.0165023002714742 0.028582822511951 0.0231777 0.0211542 0.0253844325 0.0231777 0.0211542 0.0253844325 0.0231777 0.0211542 0.0253844325 "CDDO" 1 "Srxn1"
"Srxn1_5.3" 2 "Simu5" 0.22 0.22 0.944322301922016 1.16250144369239 0.824524647918943 0.189251859889938 0.0159011313268996 0.027005858230309 0.0459831 0.041976055 0.0503637 0.0459831 0.041976055 0.0503637 0.0459831 0.041976055 0.0503637 "CDDO" 2 "Srxn1"
"Srxn1_5.4" 3 "Simu5" 0.22 0.22 1.07199537119065 1.40073077018928 0.836337940567937 0.293483300512546 0.0571028739968042 0.0587653919308479 0.8073375 0.726118975 0.885907 1.198295 1.11591 1.27030225 0.6056415 0.530516775 0.67956015 "CDDO" 3 "Srxn1"
"Srxn1_5.5" 4 "Simu5" 0.22 0.22 1.15887229662218 1.5314904270108 0.893691555908533 0.332195641934027 0.272678201118396 0.0547664068774453 1.9879 1.914334 2.0591305 2.73331 2.6597425 2.79626325 1.530885 1.46157975 1.59857525 "CDDO" 4 "Srxn1"
"Srxn1_5.6" 5 "Simu5" 0.22 0.22 1.21173089842042 1.62428721193855 0.954342709852091 0.360921416958452 1.08134991447081 0.187085211625398 3.11609 3.0622695 3.16687175 4.21545 4.165429 4.259781 2.405905 2.3535795 2.45633125 "CDDO" 5 "Srxn1"
"Srxn1_5.7" 6 "Simu5" 0.22 0.22 1.22333044014268 1.64030333092259 1.00455300296038 0.361255724170687 2.36819322238141 0.267608104667311 4.071475 4.02698825 4.1179515 5.487855 5.42346975 5.55025075 3.16286 3.1254 3.20099175 "CDDO" 6 "Srxn1"
"Srxn1_5.8" 7 "Simu5" 0.22 0.22 1.22766807519684 1.63836579506044 1.01202362178761 0.355823638999603 3.57885222095868 0.27062879955672 4.86822 4.80542975 4.931955 6.549995 6.45015775 6.645504 3.82433 3.77887975 3.872012 "CDDO" 7 "Srxn1"
"Srxn1_5.9" 8 "Simu5" 0.22 0.22 1.22506871637133 1.7062269126258 0.979989476171302 0.416719520356101 4.51297601571546 0.21850370554119 5.62217 5.549588 5.6968565 7.548345 7.43361975 7.66165025 4.45219 4.3996385 4.50785375 "CDDO" 8 "Srxn1"
"Srxn1_5.10" 9 "Simu5" 0.22 0.22 1.21532673752051 1.56948640340996 0.969694401680137 0.314278932415861 5.56618261690022 0.704148603735029 6.39348 6.31728 6.47320275 8.619435 8.49993475 8.7395255 5.074295 5.01895775 5.1337105 "CDDO" 9 "Srxn1"
"Srxn1_5.11" 10 "Simu5" 0.22 0.22 1.188041849436 1.56272225497418 0.951566014969499 0.328181908433413 6.24139191717906 0.66705792146137 7.1947 7.116974 7.27639 9.642285 9.52162575 9.76497025 5.7187 5.66157875 5.7798945 "CDDO" 10 "Srxn1"
"Srxn1_5.12" 11 "Simu5" 0.22 0.22 1.18491150361938 1.56246348662644 0.968846922238173 0.328106373059003 6.77873716161766 0.801213982473376 8.01255 7.933427 8.095391 10.70895 10.5872975 10.83242 6.378805 6.32051075 6.44122125 "CDDO" 11 "Srxn1"
"Srxn1_5.13" 12 "Simu5" 0.22 0.22 1.22817619099995 1.57450735920575 0.993437225324603 0.306186609555938 7.32923939984441 0.773695244519367 8.85996 8.78007775 8.94335175 11.81725 11.696795 11.9423125 7.0782 7.01830925 7.1417335 "CDDO" 12 "Srxn1"
"Srxn1_5.14" 13 "Simu5" 0.22 0.22 1.16869916086907 1.51399579049603 0.942309403800651 0.303826372192156 7.67545927742108 0.821090643361029 9.771325 9.69074875 9.85492075 12.9731 12.8536975 13.0970025 7.82029 7.7597775 7.884962 "CDDO" 13 "Srxn1"
"Srxn1_5.15" 14 "Simu5" 0.22 0.22 1.10033515730659 1.38963166395518 0.918524544470979 0.253279277742486 8.01629447299161 0.9538864873681 10.6554 10.5743 10.739005 14.107 13.987795 14.2298325 8.537175 8.47614875 8.60195325 "CDDO" 14 "Srxn1"
"Srxn1_5.16" 15 "Simu5" 0.22 0.22 1.09797119773493 1.36546735709264 0.909858940429494 0.237951907456864 8.63907727724609 1.09563333518117 11.4965 11.415795 11.5793025 15.1544 15.0361975 15.27631 9.248765 9.18747775 9.31387 "CDDO" 15 "Srxn1"
"Srxn1_5.17" 16 "Simu5" 0.22 0.22 1.0976263331603 1.40576727786127 0.895849348561183 0.271088625105944 9.15603999883957 1.17063040239347 12.35005 12.2700975 12.4329 16.19765 16.08099 16.317805 9.96441 9.90274975 10.0290025 "CDDO" 16 "Srxn1"
"Srxn1_5.18" 17 "Simu5" 0.22 0.22 1.1124680463967 1.44362028143919 0.941553909821036 0.286835922659021 10.0362545761502 1.28318174739734 13.2159 13.136 13.2977025 17.2948 17.179895 17.413605 10.6764 10.6149 10.7406025 "CDDO" 17 "Srxn1"
"Srxn1_5.19" 18 "Simu5" 0.22 0.22 1.11170703349494 1.42167653453408 0.943927541112534 0.268746207601477 10.4852919409976 1.45500303740042 14.1043 14.0259975 14.1853075 18.4404 18.3274 18.556905 11.4403 11.379 11.5043025 "CDDO" 18 "Srxn1"
"Srxn1_5.20" 19 "Simu5" 0.22 0.22 1.12882328150579 1.44398193138137 0.948188962576 0.273907399848054 11.0211972101205 1.65426379026743 14.999 14.9223 15.079205 19.5731 19.4626 19.687915 12.2116 12.1507975 12.2751 "CDDO" 19 "Srxn1"
"Srxn1_5.21" 20 "Simu5" 0.22 0.22 1.11768806965588 1.4120227055573 0.905086682213568 0.263165871397963 11.489595894335 1.49743982906756 15.916 15.8411975 15.9948125 20.73425 20.6260925 20.8478025 12.99075 12.9309975 13.053205 "CDDO" 20 "Srxn1"
"Srxn1_5.22" 21 "Simu5" 0.22 0.22 1.12695087685027 1.45860287115627 0.915188766727645 0.29086923259451 12.1793828433719 1.70994538017385 16.8241 16.751095 16.902305 21.8664 21.7604975 21.9777025 13.7281 13.668995 13.7894 "CDDO" 21 "Srxn1"
"Srxn1_5.23" 22 "Simu5" 0.22 0.22 1.09879499944481 1.4066701011306 0.899281646712615 0.27049484726401 12.6750232310037 1.79063678226181 17.7428 17.6712 17.8198 23.0491 22.9462975 23.15761 14.4767 14.4187975 14.5365 "CDDO" 22 "Srxn1"
"Srxn1_5.24" 23 "Simu5" 0.22 0.22 1.13551765406567 1.43819992725033 0.897514042374216 0.276084775866909 13.1028545490631 1.83757134708853 18.6314 18.5611975 18.7070025 24.1763 24.075695 24.2812125 15.2079 15.150295 15.266005 "CDDO" 23 "Srxn1"
"Srxn1_5.25" 24 "Simu5" 0.22 0.22 1.13161850737004 1.47177288805694 0.883875115071433 0.304648635236572 13.4579105665593 1.86011237470838 19.5578 19.489385 19.6311025 25.33455 25.2368 25.43711 15.9365 15.8802 15.9932 "CDDO" 24 "Srxn1"
"Srxn1_5.26" 25 "Simu5" 0.22 0.22 1.1044809460541 1.40882776920604 0.877880649612379 0.273878810357478 14.0409945246897 1.91352079230122 20.4768 20.4092975 20.5489025 26.5249 26.4297 26.626505 16.6477 16.593395 16.7042025 "CDDO" 25 "Srxn1"
"Srxn1_5.27" 26 "Simu5" 0.22 0.22 1.12396889044462 1.44584527526146 0.87513470172179 0.292282417355498 14.3276011650797 1.96349914238227 21.3611 21.2951975 21.431 27.6422 27.5482 27.7406 17.34915 17.29609 17.4049025 "CDDO" 26 "Srxn1"
"Srxn1_5.28" 27 "Simu5" 0.22 0.22 1.13051469606328 1.46733879711058 0.878568639518458 0.303423444128313 14.8871410859038 2.24373323995842 22.2624 22.19769 22.3309025 28.7936 28.700695 28.8908075 18.04365 17.9911 18.0993025 "CDDO" 27 "Srxn1"
"Srxn1_5.29" 28 "Simu5" 0.22 0.22 1.13474753083713 1.46907280285327 0.876691057469969 0.30346619301227 15.4604402546375 2.50889676431412 23.1653 23.1011 23.2333 29.96075 29.8667975 30.056405 18.738 18.6853 18.7932 "CDDO" 28 "Srxn1"
"Srxn1_5.30" 29 "Simu5" 0.22 0.22 1.12734772747737 1.4119438342044 0.907487383619515 0.258383662176743 15.8705922788382 2.28353863167974 24.06625 24.0004 24.1332 31.1212 31.0275975 31.2163 19.4248 19.3711 19.4793025 "CDDO" 29 "Srxn1"
"Srxn1_5.31" 30 "Simu5" 0.22 0.22 1.09399890394549 1.36403514445419 0.835516259792115 0.264448798546462 16.1552787704217 2.3518127295601 24.9503 24.8836975 25.018 32.2092 32.1142 32.305005 20.1394 20.0838 20.1950025 "CDDO" 30 "Srxn1"
"Srxn1_5.32" 31 "Simu5" 0.22 0.22 1.09588564304846 1.38716298592048 0.831720527519788 0.278712012303364 16.6196959541837 2.56520419599129 25.7899 25.7212975 25.8596025 33.2339 33.1373 33.33041 20.7685 20.7115 20.8256 "CDDO" 31 "Srxn1"
"Srxn1_5.33" 32 "Simu5" 0.22 0.22 1.07053168047496 1.33135650896754 0.811623052084723 0.259872027001684 17.0876080095119 2.99489297195588 26.62355 26.552895 26.6957025 34.2747 34.175295 34.3747025 21.3867 21.3283975 21.445805 "CDDO" 32 "Srxn1"
"Srxn1_6.1" 0 "Simu6" 0.46 0.46 0 0 0 0 0 0 0 0 0 0 0 0 0 0 0 "CDDO" 0 "Srxn1"
"Srxn1_6.2" 1 "Simu6" 0.46 0.46 0.249223608366079 0.357135105222602 0.150701403921232 0.10353664745992 0.0415292275764768 0.0640956621386343 0.0231777 0.0211542 0.0253844325 0.0231777 0.0211542 0.0253844325 0.0231777 0.0211542 0.0253844325 "CDDO" 1 "Srxn1"
"Srxn1_6.3" 2 "Simu6" 0.46 0.46 1.03384518865707 1.15855443560745 0.971080041471113 0.108002156163269 0.0646518675028585 0.0680416205614269 0.0459831 0.041976055 0.0503637 0.0459833 0.0419762525 0.0503638 0.0459831 0.041976055 0.0503637 "CDDO" 2 "Srxn1"
"Srxn1_6.4" 3 "Simu6" 0.46 0.46 1.06568980922151 1.22839693566218 0.911945668090962 0.158415916233535 0.119104285709637 0.0632116245100645 0.966833 0.883280775 1.0460315 1.191215 1.10867 1.263523 0.8546655 0.772619525 0.933608175 "CDDO" 3 "Srxn1"
"Srxn1_6.5" 4 "Simu6" 0.46 0.46 1.19981850766784 1.43611528857386 1.02515260881134 0.212300153688237 0.367041578130707 0.0944360636009372 2.1383 2.06195825 2.2101605 2.536585 2.4615975 2.6003265 1.85925 1.78387125 1.932172 "CDDO" 4 "Srxn1"
"Srxn1_6.6" 5 "Simu6" 0.46 0.46 1.25943357546374 1.47785877333902 1.10919109048198 0.193560395868925 1.06491762408485 0.179190918655026 3.304585 3.24847225 3.3552 3.928425 3.87635875 3.9731905 2.857635 2.80062775 2.91164125 "CDDO" 5 "Srxn1"
"Srxn1_6.7" 6 "Simu6" 0.46 0.46 1.26334193994918 1.49009324392546 1.12582471460115 0.197850779517029 2.69977525172186 0.589474628721577 4.2947 4.2476495 4.34386075 5.08634 5.029426 5.143381 3.733245 3.69009775 3.7772935 "CDDO" 6 "Srxn1"
"Srxn1_6.8" 7 "Simu6" 0.46 0.46 1.25606864811837 1.497961774763 1.12115693604421 0.209950563033536 3.92403951972465 0.723375431917517 5.115515 5.049279 5.18271025 6.051695 5.96369425 6.1367805 4.46857 4.41408325 4.5259805 "CDDO" 7 "Srxn1"
"Srxn1_6.9" 8 "Simu6" 0.46 0.46 1.23063225317114 1.49662771548617 1.09508865856387 0.230372895323746 4.99353408361468 0.773942705620023 5.88395 5.80752775 5.96283075 6.965155 6.8641055 7.065342 5.158405 5.095229 5.22556 "CDDO" 8 "Srxn1"
"Srxn1_6.10" 9 "Simu6" 0.46 0.46 1.28390276058474 1.50920033206415 1.13918205487838 0.197731774978723 5.80577040659305 1.17845103779634 6.655 6.5755335 6.7390705 7.901845 7.7969265 8.00821075 5.847995 5.78179675 5.91865475 "CDDO" 9 "Srxn1"
"Srxn1_6.11" 10 "Simu6" 0.46 0.46 1.25329181901047 1.53618128515426 1.07630971865613 0.247553513436405 6.38775265954983 1.24306779331788 7.50242 7.420518 7.58790675 8.892765 8.78633675 9.002241 6.602835 6.53508975 6.67514025 "CDDO" 10 "Srxn1"
"Srxn1_6.12" 11 "Simu6" 0.46 0.46 1.19331582906607 1.43133809845426 1.06465650374183 0.206359003016502 7.08416967617932 1.21990471773909 8.36526 8.28234625 8.4520905 9.949905 9.8435385 10.0619 7.34396 7.27504425 7.41755375 "CDDO" 11 "Srxn1"
"Srxn1_6.13" 12 "Simu6" 0.46 0.46 1.22399751889732 1.40354680440444 1.08586493814924 0.162840257957514 7.54469390788626 1.2205271873223 9.21333 9.129759 9.3006505 10.9653 10.858 11.0769125 8.105485 8.0354295 8.18006325 "CDDO" 12 "Srxn1"
"Srxn1_6.14" 13 "Simu6" 0.46 0.46 1.20537549438246 1.41739734039761 1.07448955009695 0.185293588864624 7.97457552154989 1.12939395619083 10.1161 10.032 10.203305 11.9909 11.8836 12.1012075 8.909445 8.838805 8.984481 "CDDO" 13 "Srxn1"
"Srxn1_6.15" 14 "Simu6" 0.46 0.46 1.16731299383346 1.35872915951842 1.03163336677523 0.170522244036193 8.66886605391664 1.05811156680629 11.0259 10.9410975 11.1134 13.0559 12.948495 13.1654025 9.72436 9.6529065 9.79942225 "CDDO" 14 "Srxn1"
"Srxn1_6.16" 15 "Simu6" 0.46 0.46 1.18263403061074 1.35638026886488 1.0892016005218 0.150611556797256 9.14702347180303 0.944184586077117 11.9214 11.836995 12.008 14.092 13.985785 14.2013 10.5186 10.4475925 10.5941 "CDDO" 15 "Srxn1"
"Srxn1_6.17" 16 "Simu6" 0.46 0.46 1.17774368419258 1.37117283897561 1.05910637807709 0.168942991789423 9.87244041527649 1.02837258413124 12.84695 12.7634 12.9334 15.1437 15.0389975 15.2515025 11.3796 11.3085 11.4549025 "CDDO" 16 "Srxn1"
"Srxn1_6.18" 17 "Simu6" 0.46 0.46 1.16763180445893 1.32246359717037 1.06629331838321 0.136205555410159 10.5584223108077 1.05291085398357 13.7807 13.6974975 13.8667 16.22425 16.1207 16.3308 12.2239 12.152495 12.2984075 "CDDO" 17 "Srxn1"
"Srxn1_6.19" 18 "Simu6" 0.46 0.46 1.16361575371824 1.31307135121991 1.0773749475114 0.129943376357236 11.2784862737878 1.11429700482224 14.7146 14.632495 14.7992 17.26875 17.1671975 17.3734025 13.08335 13.0123925 13.1569075 "CDDO" 18 "Srxn1"
"Srxn1_6.20" 19 "Simu6" 0.46 0.46 1.1879135657818 1.33353501472823 1.05844990750431 0.13825252150892 11.8942234545069 1.07821530792343 15.65135 15.570995 15.735105 18.3119 18.2124975 18.4157075 13.9603 13.8901975 14.0328 "CDDO" 19 "Srxn1"
"Srxn1_6.21" 20 "Simu6" 0.46 0.46 1.17244502906166 1.34034761727684 1.05831502086716 0.148506613088299 12.8124904330604 1.15456145086923 16.6173 16.538495 16.6997025 19.38245 19.284695 19.4844025 14.8222 14.7531975 14.8941 "CDDO" 20 "Srxn1"
"Srxn1_6.22" 21 "Simu6" 0.46 0.46 1.15346288024724 1.31905788259151 1.0279828519849 0.149626457285652 13.5338839221183 1.17274940263803 17.5692 17.4928 17.6511075 20.4625 20.3675975 20.5625025 15.6865 15.6184 15.7574025 "CDDO" 21 "Srxn1"
"Srxn1_6.23" 22 "Simu6" 0.46 0.46 1.1745250362635 1.32667599470937 1.03333160254995 0.146978854309179 14.4723120618579 1.02439656924449 18.5029 18.4281975 18.5841025 21.52255 21.4291 21.6205 16.5208 16.4543 16.590105 "CDDO" 22 "Srxn1"
"Srxn1_6.24" 23 "Simu6" 0.46 0.46 1.17520474523555 1.30089489260778 1.01448655888112 0.146381884272697 15.4264129345252 0.996628741936392 19.4591 19.3857 19.5385 22.5898 22.499395 22.685805 17.35965 17.2944975 17.427205 "CDDO" 23 "Srxn1"
"Srxn1_6.25" 24 "Simu6" 0.46 0.46 1.18376235205848 1.29418617572017 1.05270610630904 0.12205502288561 16.1344071428724 1.34634996586707 20.41365 20.3411975 20.49101 23.6279 23.5392975 23.722 18.17665 18.1133 18.2433 "CDDO" 24 "Srxn1"
"Srxn1_6.26" 25 "Simu6" 0.46 0.46 1.18816621965632 1.32246809885833 1.02207613374473 0.152698070520097 16.9525651110412 1.02851329291426 21.3748 21.3042925 21.45011 24.6552 24.5689 24.7466025 19.0333 18.970995 19.0979025 "CDDO" 25 "Srxn1"
"Srxn1_6.27" 26 "Simu6" 0.46 0.46 1.20487820836346 1.32994369797276 1.05702875027178 0.137876662581132 17.679774201393 1.07082787354633 22.33535 22.2656975 22.4087025 25.7082 25.6241 25.797 19.85185 19.7912975 19.91592 "CDDO" 26 "Srxn1"
"Srxn1_6.28" 27 "Simu6" 0.46 0.46 1.24607221371327 1.3916678237528 1.07470444830916 0.160045613302142 18.4033628398645 1.07106921308103 23.3093 23.2406 23.38131 26.7642 26.68069 26.85171 20.7046 20.6445975 20.7676025 "CDDO" 27 "Srxn1"
"Srxn1_6.29" 28 "Simu6" 0.46 0.46 1.24166678468832 1.4006138485367 1.08800022568199 0.156373693750344 19.5145422018264 0.57032624876773 24.3214 24.2534925 24.393005 27.8816 27.7972975 27.9681 21.5713 21.5110975 21.6338 "CDDO" 28 "Srxn1"
"Srxn1_6.30" 29 "Simu6" 0.46 0.46 1.25594091618495 1.40699862651718 1.06915800208439 0.171730281306182 20.9986442499266 0.842317940425095 25.3218 25.2527 25.392505 29 28.9162 29.0858 22.4454 22.3846 22.5076 "CDDO" 29 "Srxn1"
"Srxn1_6.31" 30 "Simu6" 0.46 0.46 1.27636688134017 1.43730771907138 1.07870790141601 0.182097841228807 21.6797317722597 1.05887247315028 26.32895 26.2584975 26.4003025 30.1167 30.0306925 30.2028025 23.2912 23.229195 23.3540075 "CDDO" 30 "Srxn1"
"Srxn1_6.32" 31 "Simu6" 0.46 0.46 1.26939195271783 1.43308772333292 1.04254335611798 0.202786674274286 22.7186477780596 1.37466663731249 27.34955 27.277495 27.4236 31.25605 31.1679875 31.3435075 24.1404 24.0772975 24.204905 "CDDO" 31 "Srxn1"
"Srxn1_6.33" 32 "Simu6" 0.46 0.46 1.24893295388804 1.36744308396429 1.03389445299053 0.18655285333163 23.7215087467948 0.779112586387457 28.35185 28.277 28.4283025 32.3798 32.2887975 32.4710025 24.9414 24.8762975 25.0082 "CDDO" 32 "Srxn1"
