"time" "Simulation" "dose1" "dose2" "Nrf2_observed" "Nrf2max_observed" "Nrf2min_observed" "Nrf2_SD" "Srxn1_observed" "Srxn1_SD" "medianM" "LCLM" "UCLM" "medianH" "LCLH" "UCLH" "medianL" "LCLL" "UCLL" "Chemical" "Times" "variables"
"Srxn1_1.1" 0 "Simu1" 0.01 0.01 0 0 0 0 0 0 0 0 0 0 0 0 0 0 0 "Cddo" 0 "Srxn1"
"Srxn1_1.2" 1 "Simu1" 0.01 0.01 0.0104223746682164 0.0312671240046491 0 0.0180520824608696 0 0 0.0231916 0.0211461 0.0254448 0.0231916 0.0211461 0.0254448 0.0231916 0.0211461 0.0254448 "Cddo" 1 "Srxn1"
"Srxn1_1.3" 2 "Simu1" 0.01 0.01 0.0376016997516232 0.105971608803237 0 0.059308578601519 0 0 0.0460154 0.04195778 0.050478405 0.0460154 0.04195778 0.050478405 0.0460154 0.04195778 0.050478405 "Cddo" 2 "Srxn1"
"Srxn1_1.4" 3 "Simu1" 0.01 0.01 0.211461661456896 0.293427014004684 0.0590057638631851 0.132155281147328 0 0 0.0684772 0.0624379 0.0751138025 0.0684772 0.0624379975 0.075113805 0.0684772 0.0624379 0.0751138025 "Cddo" 3 "Srxn1"
"Srxn1_1.5" 4 "Simu1" 0.01 0.01 0.28412730631736 0.427854278621995 0.0986151593226372 0.168549992694052 0.0456143815102565 0.0790064263315947 0.1689265 0.141832775 0.198104425 0.2959585 0.26085365 0.3308755 0.09058025 0.0826003775 0.0993588025 "Cddo" 4 "Srxn1"
"Srxn1_1.6" 5 "Simu1" 0.01 0.01 0.288866572743445 0.461070338793521 0.0855158339232409 0.189704762635648 0.458206370054939 0.384583525654451 0.466533 0.444483775 0.490283275 0.7327245 0.70561405 0.759245475 0.1655305 0.148834925 0.18334935 "Cddo" 5 "Srxn1"
"Srxn1_1.7" 6 "Simu1" 0.01 0.01 0.276355220854778 0.45900780951245 0.0479255836342044 0.209329412027075 1.18248249689589 0.78629025174771 0.7155535 0.699466425 0.732552575 1.11675 1.09922975 1.13413025 0.2545285 0.2383158 0.2717718 "Cddo" 6 "Srxn1"
"Srxn1_1.8" 7 "Simu1" 0.01 0.01 0.28360849617388 0.441760239582037 0.077964896906681 0.186489597880879 1.93604642201763 1.119548739004 0.915706 0.9008296 0.931963875 1.43594 1.41725 1.4558505 0.3049055 0.28801255 0.323102725 "Cddo" 7 "Srxn1"
"Srxn1_1.9" 8 "Simu1" 0.01 0.01 0.28823754161318 0.449495408098629 0.0459946742964256 0.213593394828735 2.5202798721767 1.45386765887852 1.11041 1.09408975 1.12834 1.72643 1.70456975 1.74947025 0.3741775 0.35651275 0.39350375 "Cddo" 8 "Srxn1"
"Srxn1_1.10" 9 "Simu1" 0.01 0.01 0.292555230254149 0.420711808750109 0.0844806404697088 0.181804884497172 2.92503985244007 1.6102550165956 1.311965 1.29409875 1.33173025 2.028255 2.00447925 2.05349025 0.42083 0.4020464 0.441670175 "Cddo" 9 "Srxn1"
"Srxn1_1.11" 10 "Simu1" 0.01 0.01 0.295350870946989 0.433429113291715 0.101847804846855 0.172599172488572 3.15701839072001 1.77519858419384 1.52547 1.50604 1.54687 2.32301 2.29765975 2.34975 0.4975255 0.47741135 0.52016355 "Cddo" 10 "Srxn1"
"Srxn1_1.12" 11 "Simu1" 0.01 0.01 0.306874577530659 0.433802763927965 0.108214189476091 0.174244401687255 3.40290676862594 1.93747781042471 1.749075 1.72788 1.7718715 2.63933 2.6127695 2.66749 0.59011 0.568583975 0.614520675 "Cddo" 11 "Srxn1"
"Srxn1_1.13" 12 "Simu1" 0.01 0.01 0.311887745545506 0.426946331393913 0.137831913192291 0.153320882544999 3.45558117811243 1.99159069528989 1.9899 1.967189 2.014471 2.967915 2.9401295 2.99729175 0.6899445 0.666864875 0.7161691 "Cddo" 12 "Srxn1"
"Srxn1_1.14" 13 "Simu1" 0.01 0.01 0.330960192846722 0.411021068965683 0.176367149720148 0.133910038434244 3.59730351863425 2.03804667064041 2.24168 2.21729975 2.267861 3.300435 3.2715 3.33119075 0.8169655 0.79234345 0.845024325 "Cddo" 13 "Srxn1"
"Srxn1_1.15" 14 "Simu1" 0.01 0.01 0.356291219083066 0.510364983724561 0.127649755950109 0.201960373926045 3.75077302601785 2.13366552554365 2.515695 2.48974975 2.54364025 3.627075 3.5970495 3.658711 0.9791365 0.952932775 1.00908025 "Cddo" 14 "Srxn1"
"Srxn1_1.16" 15 "Simu1" 0.01 0.01 0.337185666039918 0.490054561661201 0.122836104921561 0.191173358277332 4.160722004154 2.39285817235087 2.81716 2.78969975 2.84681025 4.049175 4.0177995 4.0819505 1.100665 1.072939 1.13231075 "Cddo" 15 "Srxn1"
"Srxn1_1.17" 16 "Simu1" 0.01 0.01 0.342166741073616 0.452728721263742 0.142260088353025 0.1734489719991 4.3966485800828 2.38485640973957 3.105335 3.07638 3.13664 4.459025 4.42643 4.49317025 1.218625 1.18957875 1.25186075 "Cddo" 16 "Srxn1"
"Srxn1_1.18" 17 "Simu1" 0.01 0.01 0.342426683544991 0.480057589690369 0.169317720294407 0.158378773861983 4.78717470867461 2.53431162870098 3.401485 3.37097925 3.43431 4.83861 4.80514975 4.87383075 1.35561 1.3250795 1.3903605 "Cddo" 17 "Srxn1"
"Srxn1_1.19" 18 "Simu1" 0.01 0.01 0.350509993227236 0.495656255493423 0.173033397886775 0.163723287561941 5.10782302941631 2.77696734116307 3.699905 3.6682195 3.73436025 5.24772 5.2131095 5.2839 1.51942 1.487409 1.55598 "Cddo" 18 "Srxn1"
"Srxn1_1.20" 19 "Simu1" 0.01 0.01 0.3295647798995 0.462023705017302 0.156647732562568 0.156656521978155 5.61613064911078 3.08620479809544 4.00895 3.97598875 4.04507025 5.675145 5.6392895 5.71258225 1.68747 1.65423725 1.72568075 "Cddo" 19 "Srxn1"
"Srxn1_1.21" 20 "Simu1" 0.01 0.01 0.330959485019414 0.463332447404514 0.155870020910645 0.15811960841719 5.89528915488162 3.16739527615026 4.297935 4.2637785 4.33562025 6.069955 6.0333385 6.108441 1.83748 1.80287975 1.8770205 "Cddo" 20 "Srxn1"
"Srxn1_1.22" 21 "Simu1" 0.01 0.01 0.314072682221467 0.441758362744632 0.140833523236825 0.155548318242773 6.10951124376986 3.32754469057004 4.58835 4.5532985 4.62741075 6.466525 6.42923 6.5059705 1.98145 1.94627875 2.02168125 "Cddo" 21 "Srxn1"
"Srxn1_1.23" 22 "Simu1" 0.01 0.01 0.335236830544627 0.445382992148512 0.18770380632817 0.132845676720272 6.57560384951971 3.52387217127472 4.861125 4.82510875 4.90154075 6.8415 6.80354 6.88186 2.07786 2.0419395 2.11756125 "Cddo" 22 "Srxn1"
"Srxn1_1.24" 23 "Simu1" 0.01 0.01 0.328994218663707 0.446881682467766 0.156770005455601 0.152497731250505 6.74857866213229 3.62776661182846 5.15541 5.11831975 5.19713 7.21926 7.18088 7.2602005 2.251765 2.2141795 2.2930805 "Cddo" 23 "Srxn1"
"Srxn1_1.25" 24 "Simu1" 0.01 0.01 0.306054192668977 0.395073638044433 0.14120319229549 0.142917351487691 6.95917737454341 3.86167077724864 5.442175 5.40411975 5.48542 7.597975 7.5594295 7.6400005 2.32266 2.2806185 2.36829 "Cddo" 24 "Srxn1"
"Srxn1_1.26" 25 "Simu1" 0.01 0.01 0.482056365411338 0.585782329087195 0.416081424038645 0.0909310401198332 7.87444544937861 3.31010066003876 5.7022 5.66352 5.74649125 7.919635 7.881008 7.9621805 2.32644 2.2820195 2.37453125 "Cddo" 25 "Srxn1"
"Srxn1_1.27" 26 "Simu1" 0.01 0.01 0.380664450616971 0.40535640057049 0.334361120689473 0.040129431214892 7.13685163760428 2.97869481104007 6.15151 6.11137925 6.19760075 8.44546 8.40554 8.48957 2.7583 2.71319975 2.80749025 "Cddo" 26 "Srxn1"
"Srxn1_1.28" 27 "Simu1" 0.01 0.01 0.370686278725373 0.493993728632756 0.236239026216365 0.129237931954759 7.37768399034271 3.24448206488203 6.486625 6.4455495 6.5336905 8.7709 8.73026 8.81543025 3.09372 3.0476895 3.143941 "Cddo" 27 "Srxn1"
"Srxn1_1.29" 28 "Simu1" 0.01 0.01 0.392573672835437 0.521037750736816 0.282763102206234 0.120227563533734 7.47659369425022 3.24207704241139 6.80503 6.76319925 6.8528905 9.19163 9.15 9.2368705 3.1965 3.13975925 3.25496075 "Cddo" 28 "Srxn1"
"Srxn1_1.30" 29 "Simu1" 0.01 0.01 0.392959102653444 0.52943110375011 0.300048132230346 0.120736529065635 7.67350429061702 3.33189027213993 7.142025 7.0996 7.19021025 9.63834 9.5957295 9.6848005 3.3798 3.30991875 3.4511905 "Cddo" 29 "Srxn1"
"Srxn1_1.31" 30 "Simu1" 0.01 0.01 0.388611078553983 0.497420398030487 0.2866881678583 0.105534758149902 7.83697030228978 3.21523136600365 7.462845 7.4202595 7.5105405 10.0889 10.0454 10.1365025 3.54157 3.4558775 3.62891375 "Cddo" 30 "Srxn1"
"Srxn1_1.32" 31 "Simu1" 0.01 0.01 0.390395427537437 0.503701327165664 0.322166948972513 0.0988061892483574 7.92822234249666 3.19827496762565 7.739515 7.69693775 7.785651 10.4937 10.4497 10.5416025 3.58821 3.4919785 3.68962125 "Cddo" 31 "Srxn1"
"Srxn1_1.33" 32 "Simu1" 0.01 0.01 0.368743187394103 0.478830072269512 0.291294706684441 0.0979353225662047 7.70522333428502 3.17337562585705 7.94716 7.89651975 7.99763075 10.8919 10.8484 10.9391 3.652985 3.54350925 3.770246 "Cddo" 32 "Srxn1"
"Srxn1_1.34" 33 "Simu1" 0.01 0.01 0.350627634305867 0.423852740252189 0.282517624978823 0.0708062628755561 7.89189055810741 3.29539365412491 7.986275 7.92295975 8.0489115 11.2061 11.1642 11.251 3.6338 3.52354825 3.75206125 "Cddo" 33 "Srxn1"
"Srxn1_1.35" 34 "Simu1" 0.01 0.01 0.355311483535143 0.464156184985782 0.251406334682243 0.106460904025581 7.66012396557877 3.1785935494086 7.923695 7.85717925 7.9912925 11.2553 11.2071975 11.3037 3.603425 3.49485775 3.72007075 "Cddo" 34 "Srxn1"
"Srxn1_1.36" 35 "Simu1" 0.01 0.01 0.337389583651975 0.437827203121777 0.245002486214277 0.0966641145480391 7.58302531431785 3.03703049661567 7.838895 7.77227 7.907641 11.3075 11.2434975 11.3730025 3.56936 3.4632295 3.683346 "Cddo" 35 "Srxn1"
"Srxn1_1.37" 36 "Simu1" 0.01 0.01 0.343256524009044 0.464690114112267 0.247754066590494 0.110768361504199 7.49043945383917 3.15335640401148 7.740965 7.67615875 7.8084905 11.2108 11.1407975 11.2837025 3.535845 3.4317305 3.647582 "Cddo" 36 "Srxn1"
"Srxn1_1.38" 37 "Simu1" 0.01 0.01 0.337334745082167 0.449592869391017 0.242670444789373 0.104577145846436 7.25116825202847 2.95451632130046 7.642615 7.5784895 7.7084915 11.099 11.0251 11.1781 3.502615 3.40057875 3.6118725 "Cddo" 37 "Srxn1"
"Srxn1_1.39" 38 "Simu1" 0.01 0.01 0.329970760194818 0.444805891382653 0.195575101803526 0.125761509560424 7.08715615463043 2.97893720924847 7.544445 7.481658 7.6089955 10.9572 10.8837975 11.036505 3.47011 3.369489 3.57712675 "Cddo" 38 "Srxn1"
"Srxn1_1.40" 39 "Simu1" 0.01 0.01 0.310784093626718 0.40897375103945 0.217509112963025 0.0958268878973684 7.03464222365314 3.16743335174905 7.447535 7.38595975 7.51050475 10.8098 10.7378 10.8869 3.43778 3.33945975 3.5431705 "Cddo" 39 "Srxn1"
"Srxn1_1.41" 40 "Simu1" 0.01 0.01 0.342053122437726 0.429010421227808 0.257228088497258 0.0859110142800618 6.76290263431111 3.18781579086013 7.352165 7.2914295 7.41392025 10.6613 10.5907 10.7367025 3.40623 3.309978 3.51004025 "Cddo" 40 "Srxn1"
"Srxn1_1.42" 41 "Simu1" 0.01 0.01 0.323260345048319 0.415273301578158 0.23366556221677 0.0908280156230156 6.63631105576896 3.03252682765332 7.25814 7.19765775 7.31900075 10.5151 10.4446975 10.5893 3.375085 3.281208 3.4775505 "Cddo" 41 "Srxn1"
"Srxn1_1.43" 42 "Simu1" 0.01 0.01 0.322008545877837 0.40140156960669 0.247091951047971 0.0772521417612485 6.48469333107519 3.11268697790812 7.165625 7.10574725 7.2267505 10.3708 10.3008975 10.4439 3.34457 3.2522085 3.44531675 "Cddo" 42 "Srxn1"
"Srxn1_1.44" 43 "Simu1" 0.01 0.01 0.315878987156407 0.412005521361685 0.267133089397887 0.0832508193254045 6.30075170516493 3.08652309419833 7.074745 7.0147485 7.1351815 10.2286 10.1586975 10.300605 3.31451 3.22384925 3.41376075 "Cddo" 43 "Srxn1"
"Srxn1_1.45" 44 "Simu1" 0.01 0.01 0.292487384744468 0.40285667787001 0.205595838820683 0.100704335139374 6.1435787958235 2.94311904788758 6.98514 6.92488775 7.04571575 10.0888 10.0186 10.1609 3.28496 3.1956975 3.38253125 "Cddo" 44 "Srxn1"
"Srxn1_1.46" 45 "Simu1" 0.01 0.01 0.285398640310727 0.391592459103245 0.215808969874524 0.0934337012486628 5.94252876628043 3.00223075771357 6.89709 6.836469 6.95803025 9.95136 9.87995925 10.0231025 3.25584 3.16777975 3.35158025 "Cddo" 45 "Srxn1"
"Srxn1_1.47" 46 "Simu1" 0.01 0.01 0.304284844492994 0.414544014458888 0.230681569396813 0.0972578564825266 5.76185932777731 3.01298233659949 6.810245 6.74910975 6.87134075 9.81604 9.74456675 9.8873815 3.227125 3.14021875 3.32090925 "Cddo" 46 "Srxn1"
"Srxn1_1.48" 47 "Simu1" 0.01 0.01 0.302583793675901 0.39789758394006 0.230191248582645 0.0861707104525194 5.5409810026373 2.9735185614321 6.725035 6.66285925 6.78589 9.68276 9.60992975 9.754943 3.198955 3.11298725 3.291111 "Cddo" 47 "Srxn1"
"Srxn1_1.49" 48 "Simu1" 0.01 0.01 0.308922124049185 0.405504467557325 0.246707971785229 0.0847936388794694 5.29155836042709 2.89117204489438 6.64104 6.5779595 6.70221025 9.551525 9.47739875 9.624801 3.17097 3.08641925 3.26162425 "Cddo" 48 "Srxn1"
"Srxn1_2.1" 0 "Simu2" 0.02 0.02 0 0 0 0 0 0 0 0 0 0 0 0 0 0 0 "Cddo" 0 "Srxn1"
"Srxn1_2.2" 1 "Simu2" 0.02 0.02 0 0 0 0 0 0 0.0231916 0.0211461 0.0254448 0.0231916 0.0211461 0.0254448 0.0231916 0.0211461 0.0254448 "Cddo" 1 "Srxn1"
"Srxn1_2.3" 2 "Simu2" 0.02 0.02 0.251038715359749 0.359947530118471 0.11054723146862 0.127664505575371 0 0 0.0460154 0.04195778 0.050478405 0.0460154 0.04195778 0.050478405 0.0460154 0.04195778 0.050478405 "Cddo" 2 "Srxn1"
"Srxn1_2.4" 3 "Simu2" 0.02 0.02 0.474332127463261 0.653631171469623 0.308816727176418 0.172819969546196 0.0022250680047472 0.00385393083451806 0.0686255 0.0625564575 0.075356925 0.0746023 0.0669284725 0.0862478025 0.06847725 0.0624379975 0.0751139025 "Cddo" 3 "Srxn1"
"Srxn1_2.5" 4 "Simu2" 0.02 0.02 0.553965722701473 0.72771825067468 0.379858961942605 0.173929914908121 0.143558923642405 0.167930105999117 0.5907095 0.570939625 0.604696175 0.8087035 0.798292925 0.8207043 0.323299 0.287111725 0.358600225 "Cddo" 4 "Srxn1"
"Srxn1_2.6" 5 "Simu2" 0.02 0.02 0.536152357907426 0.675620197993076 0.357485303544495 0.16264958212802 0.763474959248827 0.540024717226746 1.1458 1.13191975 1.1591705 1.53188 1.5127695 1.55141075 0.712595 0.68357795 0.740316075 "Cddo" 5 "Srxn1"
"Srxn1_2.7" 6 "Simu2" 0.02 0.02 0.502115262409824 0.60608023773805 0.36220498727599 0.125848452038829 1.6265078216721 0.994061412350026 1.58478 1.556949 1.6062205 2.07778 2.03733 2.118621 1.012515 0.99226785 1.032181 "Cddo" 6 "Srxn1"
"Srxn1_2.8" 7 "Simu2" 0.02 0.02 0.543406939543418 0.650969741959007 0.394954845118212 0.132815125275273 2.38396236158031 1.29133581028403 1.92608 1.88722925 1.95833025 2.48236 2.428618 2.53745025 1.26683 1.24887925 1.28529025 "Cddo" 7 "Srxn1"
"Srxn1_2.9" 8 "Simu2" 0.02 0.02 0.476876763645486 0.570541746598629 0.328311808664148 0.130112800694082 3.41434230959644 1.40557641215283 2.275055 2.23159875 2.313571 2.89351 2.83448875 2.95542075 1.52897 1.50960925 1.54936125 "Cddo" 8 "Srxn1"
"Srxn1_2.10" 9 "Simu2" 0.02 0.02 0.495746643119567 0.61670417989265 0.367177879245739 0.124937151248608 3.94461922769024 1.52880914126465 2.587205 2.54274 2.62732025 3.26016 3.20019875 3.32374175 1.751195 1.7305295 1.77313025 "Cddo" 9 "Srxn1"
"Srxn1_2.11" 10 "Simu2" 0.02 0.02 0.469947770902505 0.581210446875112 0.351826285241918 0.114845791628569 4.39390875593124 1.68409722849986 2.92725 2.88255925 2.968092 3.67743 3.617189 3.74117125 2.01116 1.98902825 2.0348105 "Cddo" 10 "Srxn1"
"Srxn1_2.12" 11 "Simu2" 0.02 0.02 0.488708227007664 0.613843355405618 0.367671444694129 0.123137117622214 4.7050310016952 1.74947510673886 3.26218 3.21739925 3.30338 4.085205 4.02533975 4.1487305 2.27048 2.24698975 2.295881 "Cddo" 11 "Srxn1"
"Srxn1_2.13" 12 "Simu2" 0.02 0.02 0.488769693102189 0.639787273956578 0.343367737222313 0.148289537298927 4.8698752915879 1.67589056193186 3.62499 3.58014975 3.66618075 4.53549 4.4758495 4.59869175 2.5519 2.52696975 2.578982 "Cddo" 12 "Srxn1"
"Srxn1_2.14" 13 "Simu2" 0.02 0.02 0.504485689279082 0.623270677533827 0.38914464521611 0.117101004760447 5.18408996367226 1.85724334862378 3.99898 3.95416725 4.0403535 5.02164 4.96245925 5.08479175 2.8207 2.79457975 2.8491705 "Cddo" 13 "Srxn1"
"Srxn1_2.15" 14 "Simu2" 0.02 0.02 0.500816125924441 0.621468986913431 0.385446875922589 0.118099731701393 5.5676550081508 2.06587655224878 4.39531 4.3503095 4.43703 5.505275 5.44667825 5.56767075 3.13592 3.10832925 3.16579 "Cddo" 14 "Srxn1"
"Srxn1_2.16" 15 "Simu2" 0.02 0.02 0.484994800311947 0.584912314505806 0.392456950245038 0.0964396774681261 5.85960832067516 2.15771517572649 4.796905 4.75203925 4.8388505 5.99708 5.93907 6.0589 3.45353 3.424349 3.4846705 "Cddo" 15 "Srxn1"
"Srxn1_2.17" 16 "Simu2" 0.02 0.02 0.474768648896136 0.608342768280767 0.344956184840617 0.131733578187871 6.3378677005301 2.45001417708761 5.190245 5.1453395 5.232461 6.46361 6.4064095 6.524684 3.78234 3.7519695 3.81486075 "Cddo" 16 "Srxn1"
"Srxn1_2.18" 17 "Simu2" 0.02 0.02 0.487109447187106 0.613656489473424 0.387009804668257 0.115614785599155 6.88058543505712 2.72137105687648 5.578895 5.53441925 5.6215825 6.958205 6.9010765 7.01850125 4.070525 4.03892 4.10405 "Cddo" 17 "Srxn1"
"Srxn1_2.19" 18 "Simu2" 0.02 0.02 0.510466891737553 0.610944749747728 0.44646496683572 0.0880980704600757 7.39102140352252 3.08994737384495 5.98303 5.93852775 6.025982 7.46332 7.40676925 7.52277025 4.40188 4.369189 4.43663125 "Cddo" 18 "Srxn1"
"Srxn1_2.20" 19 "Simu2" 0.02 0.02 0.478127332838115 0.548480935756972 0.397845623284038 0.0758068256621713 7.88218384915292 3.25690385375385 6.412485 6.36854 6.45532025 7.96883 7.9128695 8.02746475 4.793375 4.75916975 4.8297405 "Cddo" 19 "Srxn1"
"Srxn1_2.21" 20 "Simu2" 0.02 0.02 0.457412222009679 0.521504584609514 0.407476457153991 0.0583173251060131 8.55788473953541 3.5684069604295 6.81165 6.7678895 6.85451 8.413655 8.3585095 8.4711505 5.13801 5.10331875 5.17574025 "Cddo" 20 "Srxn1"
"Srxn1_2.22" 21 "Simu2" 0.02 0.02 0.447199724839155 0.547656069353337 0.363966710739071 0.0930479846635323 8.95589331104788 3.76676053205007 7.19043 7.14679 7.23302125 8.83317 8.77893975 8.889632 5.492465 5.456959 5.53141325 "Cddo" 21 "Srxn1"
"Srxn1_2.23" 22 "Simu2" 0.02 0.02 0.455599403342314 0.538437226145722 0.370221074689126 0.084136847042165 9.35781656711201 3.94917106018517 7.55901 7.51532975 7.6016615 9.279945 9.22656975 9.335544 5.802465 5.7660365 5.84210075 "Cddo" 22 "Srxn1"
"Srxn1_2.24" 23 "Simu2" 0.02 0.02 0.460035588121763 0.590042037339667 0.371495656153584 0.115022755235646 9.75463451845047 4.32451760308724 7.936825 7.893299 7.97966275 9.715925 9.66330975 9.77055175 6.11826 6.08128925 6.1589305 "Cddo" 23 "Srxn1"
"Srxn1_2.25" 24 "Simu2" 0.02 0.02 0.442881695051801 0.557628030304008 0.367249350025512 0.101036818287644 10.0207967390304 4.36842982130004 8.317945 8.27447925 8.360991 10.2063 10.154 10.2605 6.43418 6.39668975 6.47602125 "Cddo" 24 "Srxn1"
"Srxn1_2.26" 25 "Simu2" 0.02 0.02 0.576648834973476 0.636876016562799 0.46456363882031 0.0971587831165843 10.9802134372139 3.48237249140243 8.67952 8.63640975 8.72261075 10.6606 10.6086975 10.7142025 6.744565 6.7061395 6.78750025 "Cddo" 25 "Srxn1"
"Srxn1_2.27" 26 "Simu2" 0.02 0.02 0.487765512603488 0.52101205413059 0.455969220326555 0.032545659840915 10.4634264440637 3.22027720113928 9.18362 9.14054 9.227742 11.1978 11.1468 11.251 7.158955 7.11917 7.20351 "Cddo" 26 "Srxn1"
"Srxn1_2.28" 27 "Simu2" 0.02 0.02 0.499957091864377 0.526711318816121 0.453005178413002 0.0407934883067649 10.8316226769009 3.50975137981472 9.5877 9.54427 9.63235 11.6056 11.5554 11.6587 7.56048 7.51937 7.60612025 "Cddo" 27 "Srxn1"
"Srxn1_2.29" 28 "Simu2" 0.02 0.02 0.516604891766604 0.566752178185504 0.485597091970866 0.0438323734900925 11.0896370214766 3.32632265052829 10.0019 9.9583295 10.0474 12.0173 11.9676 12.0701 7.95518 7.91305775 8.00212175 "Cddo" 28 "Srxn1"
"Srxn1_2.30" 29 "Simu2" 0.02 0.02 0.506880281825984 0.596343728522631 0.45871527278469 0.0775536502801924 11.2502629132233 3.52907849937972 10.4312 10.3871 10.4779 12.4701 12.4202975 12.5229025 8.382535 8.33937 8.4311505 "Cddo" 29 "Srxn1"
"Srxn1_2.31" 30 "Simu2" 0.02 0.02 0.503531597064702 0.559383464176905 0.472480871263133 0.0484699661802725 11.5735531985685 3.53880967540228 10.844 10.7995 10.8909025 12.9508 12.9008 13.004 8.771885 8.72805 8.8208015 "Cddo" 30 "Srxn1"
"Srxn1_2.32" 31 "Simu2" 0.02 0.02 0.504211854993998 0.538630811969018 0.473316742673228 0.0327993143656122 11.7096459778031 3.45972225524419 11.2455 11.2007 11.2925 13.3838 13.3335 13.4376 9.16581 9.12169 9.2146715 "Cddo" 31 "Srxn1"
"Srxn1_2.33" 32 "Simu2" 0.02 0.02 0.50946482270924 0.570324640008541 0.468574281792067 0.053734186964302 11.825172699089 3.59198546662244 11.6315 11.5873975 11.6781 13.7827 13.7325975 13.8364 9.53793 9.4944785 9.58590025 "Cddo" 32 "Srxn1"
"Srxn1_2.34" 33 "Simu2" 0.02 0.02 0.464697790836247 0.519011499976523 0.401361629060684 0.0593416086763359 12.3509742632525 3.77353967846266 11.9939 11.9511 12.0382025 14.2057 14.1558 14.2588 9.851095 9.8068485 9.89761075 "Cddo" 33 "Srxn1"
"Srxn1_2.35" 34 "Simu2" 0.02 0.02 0.459375158508688 0.520103074340924 0.414454443207263 0.054569304618714 12.2178866088383 3.47940311234322 12.1634 12.1158975 12.2107 14.4922 14.4445975 14.5413 9.854375 9.80325 9.90581075 "Cddo" 34 "Srxn1"
"Srxn1_2.36" 35 "Simu2" 0.02 0.02 0.462819553134108 0.516154665501142 0.416105441189084 0.050352160393595 11.9437149785822 3.46655735959519 12.1869 12.1248975 12.2488025 14.6747 14.6192975 14.73 9.803915 9.74582 9.86372275 "Cddo" 35 "Srxn1"
"Srxn1_2.37" 36 "Simu2" 0.02 0.02 0.466964687815679 0.493828634725659 0.423106232400796 0.0383017563192914 12.0711553601237 3.7208851130881 12.1167 12.045 12.1916025 14.7024 14.6296975 14.7757 9.707105 9.646549 9.770391 "Cddo" 36 "Srxn1"
"Srxn1_2.38" 37 "Simu2" 0.02 0.02 0.450912259363365 0.535067690337988 0.402397331203471 0.0731644731333825 12.0798212599302 3.78446255604096 11.9924 11.916495 12.074 14.5708 14.4897975 14.6546025 9.592285 9.531009 9.65658325 "Cddo" 37 "Srxn1"
"Srxn1_2.39" 38 "Simu2" 0.02 0.02 0.422938511281166 0.498427785835641 0.375990699645796 0.0660202343818685 11.6170725322504 3.78007676030753 11.8366 11.7613975 11.9183 14.4326 14.343895 14.5264 9.465965 9.40590775 9.52888175 "Cddo" 38 "Srxn1"
"Srxn1_2.40" 39 "Simu2" 0.02 0.02 0.390313239869311 0.41420307628815 0.351163512859188 0.0341781338719946 11.4161240525989 3.73936691403447 11.6737 11.5991975 11.7537 14.23875 14.1495975 14.332505 9.338875 9.27998925 9.40052025 "Cddo" 39 "Srxn1"
"Srxn1_2.41" 40 "Simu2" 0.02 0.02 0.372405587101491 0.397201213914433 0.336137505406281 0.0321077411220623 11.0448291832817 3.46458299946049 11.5114 11.4375 11.5894 14.0359 13.9467975 14.1277 9.21346 9.1552895 9.27421175 "Cddo" 40 "Srxn1"
"Srxn1_2.42" 41 "Simu2" 0.02 0.02 0.386913585495324 0.409057492482128 0.364033594549892 0.0225209726909987 11.0371727987782 3.90696871747884 11.3511 11.277595 11.4284025 13.8354 13.7462 13.9255 9.08996 9.03184975 9.15032 "Cddo" 41 "Srxn1"
"Srxn1_2.43" 42 "Simu2" 0.02 0.02 0.374332221979854 0.390950032592905 0.364659490725451 0.0144559241625889 10.7931621028663 4.01722066510306 11.1935 11.1196 11.2693025 13.6381 13.5490975 13.7276025 8.968375 8.9101795 9.02794175 "Cddo" 42 "Srxn1"
"Srxn1_2.44" 43 "Simu2" 0.02 0.02 0.392460685265947 0.42023245744066 0.341853471082223 0.0438965765687283 10.4898705079363 3.97291624356247 11.0385 10.9644925 11.1129 13.4441 13.3539975 13.533 8.84868 8.78997975 8.90768325 "Cddo" 43 "Srxn1"
"Srxn1_2.45" 44 "Simu2" 0.02 0.02 0.370152901942426 0.397276743532793 0.332537946813988 0.0336203145077671 10.3050714337814 3.86005628468856 10.88585 10.8104975 10.9604025 13.2528 13.1623 13.3422025 8.730845 8.671129 8.7896805 "Cddo" 44 "Srxn1"
"Srxn1_2.46" 45 "Simu2" 0.02 0.02 0.352778993304804 0.392759411819215 0.322125033916159 0.0362290072360034 10.175409196748 3.94351910651796 10.7355 10.6590975 10.8106075 13.0644 12.9730975 13.155105 8.614975 8.55416675 8.67429175 "Cddo" 45 "Srxn1"
"Srxn1_2.47" 46 "Simu2" 0.02 0.02 0.358938706105962 0.379639727685798 0.340510462137955 0.0196633922336161 9.99585254566332 3.89468758046482 10.5876 10.5101975 10.663 12.8792 12.7866975 12.970905 8.50064 8.43870975 8.560841 "Cddo" 46 "Srxn1"
"Srxn1_2.48" 47 "Simu2" 0.02 0.02 0.368824084269789 0.39167589794409 0.347923795221903 0.0219412387851922 9.91727689465256 4.08948758529308 10.44185 10.3628975 10.5186025 12.697 12.6023 12.7901 8.38832 8.3253585 8.44963125 "Cddo" 47 "Srxn1"
"Srxn1_2.49" 48 "Simu2" 0.02 0.02 0.36418741656998 0.414004746018669 0.333010283448297 0.0435960827494605 9.5187478298265 3.89506339336253 10.2985 10.2179 10.3765025 12.5179 12.4208975 12.6125025 8.27765 8.21320875 8.3407315 "Cddo" 48 "Srxn1"
"Srxn1_3.1" 0 "Simu3" 0.05 0.05 0 0 0 0 0 0 0 0 0 0 0 0 0 0 0 "Cddo" 0 "Srxn1"
"Srxn1_3.2" 1 "Simu3" 0.05 0.05 0.123086676025629 0.139310325135902 0.111036141800542 0.0145917280232366 0 0 0.0231916 0.0211461 0.0254448 0.0231916 0.0211461 0.0254448 0.0231916 0.0211461 0.0254448 "Cddo" 1 "Srxn1"
"Srxn1_3.3" 2 "Simu3" 0.05 0.05 0.695481749804334 0.759586328513882 0.602960664380015 0.082088507458393 0 0 0.0460154 0.04195778 0.050478405 0.0460154 0.04195778 0.050478405 0.0460154 0.04195778 0.050478405 "Cddo" 2 "Srxn1"
"Srxn1_3.4" 3 "Simu3" 0.05 0.05 1.02526686449678 1.18137771457539 0.843442430253208 0.170428739963174 0.0222935562386057 0.0386135720866592 0.4026985 0.3350513 0.47004215 0.501065 0.4283863 0.572607275 0.274629 0.2163223 0.3350298 "Cddo" 3 "Srxn1"
"Srxn1_3.5" 4 "Simu3" 0.05 0.05 1.10625602327016 1.24185265830866 0.866893416697365 0.207904162665808 0.314248761447724 0.325688522282483 1.538335 1.47779975 1.5982135 1.8062 1.742128 1.8694615 1.21301 1.1600595 1.26715125 "Cddo" 4 "Srxn1"
"Srxn1_3.6" 5 "Simu3" 0.05 0.05 1.15039945551478 1.31624442906871 0.97596641787588 0.170301489596782 1.15868622801335 0.741875554596036 2.6221 2.58020875 2.6617105 3.019495 2.97562825 3.0610025 2.06674 2.02888925 2.10407075 "Cddo" 5 "Srxn1"
"Srxn1_3.7" 6 "Simu3" 0.05 0.05 1.15249830200751 1.28332798971727 0.92788977177662 0.195396865818408 2.48803069605266 1.01718320310917 3.53527 3.49686 3.5751805 4.0613 4.01626 4.10751 2.84768 2.81642975 2.8797815 "Cddo" 6 "Srxn1"
"Srxn1_3.8" 7 "Simu3" 0.05 0.05 1.14244451007038 1.26939686324921 0.943757421618587 0.174268946372803 3.61469646251487 1.3424175965349 4.291795 4.232863 4.35085075 4.8999 4.8300875 4.9691325 3.46115 3.41549975 3.5069535 "Cddo" 7 "Srxn1"
"Srxn1_3.9" 8 "Simu3" 0.05 0.05 1.10164154213845 1.20758572081722 0.926493755471864 0.152790797381017 4.5661422768487 1.70713893079624 4.99881 4.92964925 5.06936075 5.68095 5.599578 5.76291425 4.05026 3.99706875 4.1056405 "Cddo" 8 "Srxn1"
"Srxn1_3.10" 9 "Simu3" 0.05 0.05 1.08816645721803 1.19989891419612 0.926165679243379 0.143623288680087 5.318017050173 2.05828223364658 5.695865 5.6235985 5.77065125 6.43986 6.354999 6.52672475 4.641775 4.58562975 4.700941 "Cddo" 9 "Srxn1"
"Srxn1_3.11" 10 "Simu3" 0.05 0.05 1.02249297452197 1.0600624408888 0.991365563008918 0.0347985676524955 5.7441679277992 2.15589440562123 6.41577 6.34222925 6.4925905 7.229365 7.14362375 7.318061 5.260895 5.20324 5.32179025 "Cddo" 10 "Srxn1"
"Srxn1_3.12" 11 "Simu3" 0.05 0.05 0.970742142594516 0.972331611952465 0.969772601196833 0.00138757595064225 6.07610782653289 2.20868846563702 7.118425 7.04379975 7.19551225 7.947965 7.86196 8.0367005 5.958065 5.89964875 6.01982275 "Cddo" 11 "Srxn1"
"Srxn1_3.13" 12 "Simu3" 0.05 0.05 0.969568016027401 1.00288200036915 0.950175974607842 0.0289801079869341 6.49449841482031 2.3232979850319 7.80743 7.73361925 7.8843235 8.62488 8.53890425 8.7132805 6.664885 6.60571875 6.727782 "Cddo" 12 "Srxn1"
"Srxn1_3.14" 13 "Simu3" 0.05 0.05 0.965358469279237 1.00610040262047 0.943645800214968 0.0353090500381898 6.87919311028342 2.52635710448885 8.51868 8.4448575 8.59561025 9.35068 9.26556675 9.4385335 7.37755 7.31824 7.44104275 "Cddo" 13 "Srxn1"
"Srxn1_3.15" 14 "Simu3" 0.05 0.05 0.919392677311935 0.952488310039426 0.879101714228114 0.0372186471462327 7.30281121344156 2.59134177356635 9.244605 9.1713085 9.32133 10.0991 10.014695 10.186105 8.103415 8.04372775 8.167462 "Cddo" 14 "Srxn1"
"Srxn1_3.16" 15 "Simu3" 0.05 0.05 0.940748087293142 0.996844451328976 0.890969456505252 0.0532194884161341 7.86716319323209 2.44139319235624 9.945035 9.87219875 10.0210025 10.8155 10.7317 10.9015 8.786065 8.72576625 8.84989 "Cddo" 15 "Srxn1"
"Srxn1_3.17" 16 "Simu3" 0.05 0.05 0.932040596258941 0.985826499428422 0.826771924371968 0.0911726168743191 8.47339355605377 2.58911628778546 10.6782 10.6063 10.7534025 11.5864 11.5041975 11.6719 9.49133 9.4312295 9.55504425 "Cddo" 16 "Srxn1"
"Srxn1_3.18" 17 "Simu3" 0.05 0.05 0.916806590014114 0.998326659494944 0.839338825357926 0.0795713436589386 9.00661179281964 2.58413789135474 11.4129 11.3418975 11.4881025 12.3578 12.2771975 12.4422025 10.1453 10.0858 10.209 "Cddo" 17 "Srxn1"
"Srxn1_3.19" 18 "Simu3" 0.05 0.05 0.91593456863929 0.977259890561783 0.832914053116781 0.0745784235951075 9.75073671712028 2.77567582856124 12.1406 12.071195 12.2148 13.1493 13.0703 13.232 10.8178 10.7585975 10.8801 "Cddo" 18 "Srxn1"
"Srxn1_3.20" 19 "Simu3" 0.05 0.05 0.885648383135745 0.960337995110153 0.826611516943096 0.0682235229127197 10.4435926141533 2.99858442735802 12.8731 12.8047975 12.9461025 13.9261 13.8487 14.0076 11.4895 11.4304 11.5506025 "Cddo" 19 "Srxn1"
"Srxn1_3.21" 20 "Simu3" 0.05 0.05 0.865805208834699 0.973646221683656 0.808232221786728 0.0934644512845479 10.8835476154006 3.11912968390203 13.5793 13.512895 13.6504025 14.69 14.614885 14.7696025 12.15855 12.1005 12.2180025 "Cddo" 20 "Srxn1"
"Srxn1_3.22" 21 "Simu3" 0.05 0.05 0.872016384575104 1.00548588705754 0.790677451696803 0.116506923360678 11.5627551525094 3.46544520137455 14.2676 14.202 14.3365 15.4706 15.397 15.5481025 12.8101 12.7531 12.8683025 "Cddo" 21 "Srxn1"
"Srxn1_3.23" 22 "Simu3" 0.05 0.05 0.811722403417316 0.896260528803656 0.756043439084423 0.0744301447322557 12.0359579012195 3.48917971996161 14.963 14.8988975 15.0307025 16.2848 16.2126 16.3602 13.4449 13.3892 13.5021025 "Cddo" 22 "Srxn1"
"Srxn1_3.24" 23 "Simu3" 0.05 0.05 0.867834978434416 0.971029934353634 0.782561348140388 0.0955038346425318 12.6618735208096 3.72132186792719 15.5955 15.5324975 15.6608 16.98415 16.9135975 17.0577 14.0427 13.9880975 14.0988 "Cddo" 23 "Srxn1"
"Srxn1_3.25" 24 "Simu3" 0.05 0.05 0.883607728171347 0.985135182399302 0.795398149512016 0.0955670433228092 13.2517272242531 3.85242124053654 16.2861 16.2248975 16.3493 17.7619 17.6931 17.8333 14.668 14.6145 14.7228 "Cddo" 24 "Srxn1"
"Srxn1_3.26" 25 "Simu3" 0.05 0.05 1.01815332024131 1.26599521653766 0.79553772338628 0.23624105877937 14.4866255470373 2.4713560084199 16.9917 16.9318 17.0537025 18.5521 18.4846975 18.6213025 15.3043 15.252595 15.3578 "Cddo" 25 "Srxn1"
"Srxn1_3.27" 26 "Simu3" 0.05 0.05 0.932149005885296 1.17426494745599 0.800305063271135 0.209955790728169 14.1535735272475 2.5483348307042 17.8387 17.7797 17.8996025 19.642 19.5754 19.7101 15.9388 15.888 15.9914 "Cddo" 26 "Srxn1"
"Srxn1_3.28" 27 "Simu3" 0.05 0.05 0.934012979736464 1.20032553280919 0.776030373130582 0.231965791891407 14.6154007671155 2.55711982640491 18.5875 18.5296925 18.6472 20.6251 20.5596 20.6927 16.5742 16.524 16.6261 "Cddo" 27 "Srxn1"
"Srxn1_3.29" 28 "Simu3" 0.05 0.05 0.949786396831141 1.17464945453072 0.815275459030052 0.1959848114986 15.1677372834819 3.05529959837449 19.33335 19.2759 19.3916025 21.6297 21.5648975 21.6967025 17.1794 17.1291975 17.2304 "Cddo" 28 "Srxn1"
"Srxn1_3.30" 29 "Simu3" 0.05 0.05 0.947298044638252 1.20520192336508 0.796287999162665 0.224437893507338 15.4730133448238 3.30729187612046 20.0911 20.0338 20.1491025 22.599 22.5337 22.665 17.8229 17.7721 17.8739025 "Cddo" 29 "Srxn1"
"Srxn1_3.31" 30 "Simu3" 0.05 0.05 0.906286755903405 1.15553636771681 0.745196927367513 0.218914879844192 15.8246178882142 3.16577887680579 20.83935 20.781 20.8976025 23.5929 23.5273 23.6591 18.43975 18.3882 18.4917 "Cddo" 30 "Srxn1"
"Srxn1_3.32" 31 "Simu3" 0.05 0.05 0.922897046633613 1.1820416451338 0.738677211672204 0.230983322684098 15.9155045846173 3.24140983092244 21.5353 21.4760975 21.5940025 24.5234 24.4566975 24.5899 18.9944 18.9423 19.0473 "Cddo" 31 "Srxn1"
"Srxn1_3.33" 32 "Simu3" 0.05 0.05 0.916879094401268 1.16058842118568 0.750882859869237 0.215625033968638 16.3451555816631 3.55063689626236 22.2435 22.1827 22.3040025 25.4738 25.4047975 25.5417 19.5369 19.4830975 19.5912 "Cddo" 32 "Srxn1"
"Srxn1_3.34" 33 "Simu3" 0.05 0.05 0.880950814353601 1.13772567737445 0.695760247124389 0.229513820797398 16.3052809810983 3.69434974099709 22.9376 22.8739 22.9998 26.39075 26.3189 26.4615025 20.0867 20.0305975 20.1427 "Cddo" 33 "Srxn1"
"Srxn1_3.35" 34 "Simu3" 0.05 0.05 0.85666563510081 1.08743053887257 0.697536224053748 0.2045803681819 16.4601698692319 3.56646482809859 23.583 23.5164 23.6482 27.2719 27.1962975 27.3446 20.5619 20.5041 20.6193025 "Cddo" 34 "Srxn1"
"Srxn1_3.36" 35 "Simu3" 0.05 0.05 0.862576716185361 1.13232211465548 0.701601631899089 0.235060140181642 16.25307362512 3.2933045074672 24.1914 24.122 24.2597025 28.0844 28.0054975 28.1608 21.0213 20.9621975 21.079105 "Cddo" 35 "Srxn1"
"Srxn1_3.37" 36 "Simu3" 0.05 0.05 0.845885255841388 1.11571864841844 0.699724073727761 0.233952950983107 16.3379937810251 3.26702616916713 24.7942 24.722195 24.8654 28.9386 28.855295 29.0199025 21.4477 21.3897 21.5042025 "Cddo" 36 "Srxn1"
"Srxn1_3.38" 37 "Simu3" 0.05 0.05 0.844350772969179 1.11828526968082 0.699684907044916 0.237359116275233 16.4274499527694 3.28792195467655 25.3503 25.2764975 25.422405 29.7627 29.6742925 29.8487 21.7872 21.7306975 21.8437 "Cddo" 37 "Srxn1"
"Srxn1_3.39" 38 "Simu3" 0.05 0.05 0.819216315962443 1.1079056534366 0.670099164636043 0.250057846844518 16.2035767454341 3.18915427159332 25.8487 25.7766 25.9191 30.5743 30.4797 30.6653 21.9754 21.9068 22.0428 "Cddo" 38 "Srxn1"
"Srxn1_3.40" 39 "Simu3" 0.05 0.05 0.819181119660819 1.09468155043283 0.676338881236295 0.238644702885481 16.3512786810253 3.06063340393368 26.1629 26.0920975 26.2344025 31.3504 31.252 31.445205 21.8809 21.7928 21.9705 "Cddo" 39 "Srxn1"
"Srxn1_3.41" 40 "Simu3" 0.05 0.05 0.796820471701449 1.0951228108712 0.641900648734356 0.258401802484918 16.4890865080032 3.16532802585254 26.2664 26.1784 26.353305 32.0609 31.9632975 32.1556 21.6707 21.569295 21.7754 "Cddo" 40 "Srxn1"
"Srxn1_3.42" 41 "Simu3" 0.05 0.05 0.797119421647267 1.10604720734269 0.612054189815712 0.269283724960519 16.5684640626164 3.55211869954839 26.0935 25.9841975 26.2036025 32.669 32.5740975 32.7606 21.3755 21.2703975 21.4833025 "Cddo" 41 "Srxn1"
"Srxn1_3.43" 42 "Simu3" 0.05 0.05 0.810851550772892 1.11975953086764 0.622298212789241 0.269686615638115 16.7474377654211 3.72059954956384 25.7972 25.6763 25.9217 33.1104 33.013295 33.2074 21.0639 20.9566975 21.1721 "Cddo" 42 "Srxn1"
"Srxn1_3.44" 43 "Simu3" 0.05 0.05 0.798475371274124 1.10078340724578 0.629760222418182 0.262394749904065 16.5989396610707 3.56710231735405 25.45425 25.3277 25.5841 33.3065 33.178495 33.430105 20.7539 20.645495 20.8636 "Cddo" 43 "Srxn1"
"Srxn1_3.45" 44 "Simu3" 0.05 0.05 0.784709389870942 1.08648338418129 0.622626532839278 0.261583648208158 16.4783483309809 3.81682997048233 25.0852 24.954795 25.2183025 33.1438 32.9841975 33.3018 20.4469 20.3361 20.5580025 "Cddo" 44 "Srxn1"
"Srxn1_3.46" 45 "Simu3" 0.05 0.05 0.788158774210806 1.10040663211534 0.613762758360229 0.271031202510151 16.2279065813579 3.54380906956134 24.7124 24.57859 24.8487 32.7729 32.5967925 32.9487025 20.144 20.0302975 20.2592 "Cddo" 45 "Srxn1"
"Srxn1_3.47" 46 "Simu3" 0.05 0.05 0.806255399963893 1.16081826896004 0.603877277357795 0.308084346903692 16.4465891145244 3.89517393456635 24.3434 24.2057975 24.4841075 32.3329 32.1506925 32.51821 19.8462 19.7282975 19.9650025 "Cddo" 46 "Srxn1"
"Srxn1_3.48" 47 "Simu3" 0.05 0.05 0.831974610423241 1.19687846080391 0.605073762421643 0.319126654725138 16.1586404792703 4.03398272856758 23.9789 23.837695 24.1243025 31.8797 31.6905925 32.0723025 19.5526 19.4302975 19.6766025 "Cddo" 47 "Srxn1"
"Srxn1_3.49" 48 "Simu3" 0.05 0.05 0.818935197011123 1.14752841624729 0.616846488904407 0.287068581534386 16.0899143506703 3.96355093957843 23.61995 23.4734975 23.7713025 31.4142 31.2208975 31.612705 19.264 19.1371975 19.3934025 "Cddo" 48 "Srxn1"
"Srxn1_4.1" 0 "Simu4" 0.1 0.1 0 0 0 0 0 0 0 0 0 0 0 0 0 0 0 "Cddo" 0 "Srxn1"
"Srxn1_4.2" 1 "Simu4" 0.1 0.1 0.0804293769511259 0.122546145407116 0 0.0696798494244331 0.00289789881776974 0.00501930798757098 0.0231916 0.0211461 0.0254448 0.0231916 0.0211461 0.0254448 0.0231916 0.0211461 0.0254448 "Cddo" 1 "Srxn1"
"Srxn1_4.3" 2 "Simu4" 0.1 0.1 0.672119729440506 0.854172714599796 0.34393043859187 0.284787043133697 0.00634360133788744 0.010987439820183 0.0460154 0.04195778 0.050478405 0.0460154 0.04195778 0.050478405 0.0460154 0.04195778 0.050478405 "Cddo" 2 "Srxn1"
"Srxn1_4.4" 3 "Simu4" 0.1 0.1 0.932818619764076 1.29186319274782 0.520778103171933 0.388264705285933 0.0498413950755344 0.0863278285909388 0.3692465 0.30367555 0.435096825 0.652803 0.57379055 0.729513025 0.07243175 0.0655760475 0.08162762 "Cddo" 3 "Srxn1"
"Srxn1_4.5" 4 "Simu4" 0.1 0.1 1.07512282209149 1.45668397585572 0.64511970261004 0.407944984567905 0.541855215143291 0.600663298949053 1.40479 1.3456095 1.4636705 2.077125 2.00829925 2.14485025 0.65405 0.639814725 0.6675563 "Cddo" 4 "Srxn1"
"Srxn1_4.6" 5 "Simu4" 0.1 0.1 1.11246565273844 1.50995600711638 0.64642479607245 0.435827852063984 1.69331089587633 1.04936998200231 2.460085 2.419269 2.4990105 3.49786 3.45123 3.5421315 1.29813 1.2834295 1.3122505 "Cddo" 5 "Srxn1"
"Srxn1_4.7" 6 "Simu4" 0.1 0.1 1.16086875574279 1.51701759196999 0.69890288877935 0.41919667208788 3.13619702975701 1.35094732956141 3.34504 3.3083 3.38314025 4.689775 4.6345 4.74458075 1.82359 1.789098 1.8539705 "Cddo" 6 "Srxn1"
"Srxn1_4.8" 7 "Simu4" 0.1 0.1 1.16123874323098 1.46927938312434 0.713545933185397 0.39674967966001 4.48081490690126 1.7284824966401 4.11077 4.05344 4.16811275 5.679875 5.59373775 5.76381025 2.29622 2.24585975 2.343611 "Cddo" 7 "Srxn1"
"Srxn1_4.9" 8 "Simu4" 0.1 0.1 1.11541187593348 1.41428941962215 0.658122819368199 0.402203477600327 5.71672318416533 2.05287996495262 4.83318 4.765549 4.90224125 6.58049 6.48131625 6.679752 2.7521 2.69558975 2.80728375 "Cddo" 8 "Srxn1"
"Srxn1_4.10" 9 "Simu4" 0.1 0.1 1.08135898232398 1.35695618528674 0.648380273713954 0.379600657738036 6.62964385580256 2.51231081843395 5.541805 5.470879 5.61544025 7.46656 7.36290975 7.57079125 3.18056 3.122789 3.23803075 "Cddo" 9 "Srxn1"
"Srxn1_4.11" 10 "Simu4" 0.1 0.1 1.06320329669985 1.2953694356083 0.658284702182183 0.351925841023956 7.28768856338937 2.62732903008328 6.25909 6.186758 6.334584 8.353655 8.249158 8.46023475 3.62144 3.5633395 3.679521 "Cddo" 10 "Srxn1"
"Srxn1_4.12" 11 "Simu4" 0.1 0.1 1.00230288538225 1.23866660789253 0.654806886540094 0.307385475724642 7.84862740935861 2.84544557630912 6.99567 6.922513 7.07187025 9.23488 9.130319 9.34189025 4.08921 4.03089925 4.14779025 "Cddo" 11 "Srxn1"
"Srxn1_4.13" 12 "Simu4" 0.1 0.1 1.00962225798352 1.20879074886527 0.685090759381968 0.283464870000887 8.24616896462484 2.62069064972767 7.711625 7.6386995 7.7879505 10.1063 10.0019975 10.2136025 4.57238 4.51446925 4.6305805 "Cddo" 12 "Srxn1"
"Srxn1_4.14" 13 "Simu4" 0.1 0.1 0.990274949661275 1.22438187728024 0.63747868331204 0.310932804828778 8.91650487956935 2.92705298668708 8.45806 8.38497975 8.53454075 10.9817 10.8779975 11.0883 5.095485 5.03790975 5.15384375 "Cddo" 13 "Srxn1"
"Srxn1_4.15" 14 "Simu4" 0.1 0.1 0.97202761218671 1.13820761526526 0.662341037974759 0.268435936145654 9.43934689753975 3.03015279240597 9.20674 9.1342985 9.2831115 11.8943 11.7915975 12.0001025 5.590155 5.53292875 5.648121 "Cddo" 14 "Srxn1"
"Srxn1_4.16" 15 "Simu4" 0.1 0.1 0.931356025244306 1.07367564627806 0.659819772199828 0.23524853797295 10.030446882199 3.21136881582286 9.955415 9.88318775 10.0312 12.7497 12.6481975 12.8541 6.117455 6.06078925 6.1751515 "Cddo" 15 "Srxn1"
"Srxn1_4.17" 16 "Simu4" 0.1 0.1 0.916792643316794 1.08227313585407 0.619245387645068 0.258224507641089 10.8185436304793 3.16257607728201 10.6792 10.6077 10.7546025 13.56125 13.4611 13.664005 6.6516 6.59510675 6.708744 "Cddo" 16 "Srxn1"
"Srxn1_4.18" 17 "Simu4" 0.1 0.1 0.910423687784278 1.10386003974363 0.613519239595972 0.261032105832394 12.0419626574148 3.8801115603064 11.3997 11.3288 11.474605 14.39235 14.2941975 14.49291 7.153495 7.0975675 7.2101005 "Cddo" 17 "Srxn1"
"Srxn1_4.19" 18 "Simu4" 0.1 0.1 0.893489613185543 1.06815951118869 0.636068911548005 0.227621051752831 12.5241380439997 3.52790387042677 12.1208 12.051795 12.1947025 15.254 15.157895 15.3532025 7.65544 7.60026875 7.7111215 "Cddo" 18 "Srxn1"
"Srxn1_4.20" 19 "Simu4" 0.1 0.1 0.919112474430427 1.06115354620886 0.673820359159133 0.213312758489261 13.5097028120684 3.94866399119594 12.8308 12.7628975 12.9036025 16.087 15.9933 16.1845025 8.182735 8.12794925 8.23806075 "Cddo" 19 "Srxn1"
"Srxn1_4.21" 20 "Simu4" 0.1 0.1 0.906493937506734 1.05462786633603 0.623063818935071 0.245541597232274 14.718779162631 4.36077353927047 13.571 13.5044 13.6419 16.9181 16.8267975 17.0132025 8.750695 8.69643 8.80540125 "Cddo" 20 "Srxn1"
"Srxn1_4.22" 21 "Simu4" 0.1 0.1 0.90938287290287 1.09638809617226 0.650082209199146 0.231769733178018 15.4790729377126 4.45889949863269 14.3003 14.2347975 14.3692025 17.7461 17.6570975 17.839 9.267845 9.21417 9.3217805 "Cddo" 21 "Srxn1"
"Srxn1_4.23" 22 "Simu4" 0.1 0.1 0.911914714124152 1.05652120963222 0.710171431038691 0.18010552921536 16.2956018491307 4.59418937403382 15.0336 14.9695975 15.1011 18.6182 18.5312 18.7086 9.813215 9.76004 9.86634025 "Cddo" 22 "Srxn1"
"Srxn1_4.24" 23 "Simu4" 0.1 0.1 0.887544329043254 1.03329678709176 0.660506634792984 0.199245054219719 17.0422471479234 4.75645265824835 15.7695 15.706895 15.835 19.44925 19.3649 19.5363 10.421 10.3678 10.4733 "Cddo" 23 "Srxn1"
"Srxn1_4.25" 24 "Simu4" 0.1 0.1 0.865960884806321 0.996324293180483 0.676076771594967 0.168216094648085 17.6654471595142 5.15097828308236 16.4787 16.4173 16.5424 20.2537 20.1712 20.338105 10.9749 10.9221 11.0273025 "Cddo" 24 "Srxn1"
"Srxn1_4.26" 25 "Simu4" 0.1 0.1 1.07109303870473 1.11452095855612 1.01971531195958 0.0479001798418641 18.5096388808892 3.75139138097148 17.1618 17.1021 17.2242 21.0158 20.9354975 21.099 11.5428 11.4911975 11.5944 "Cddo" 25 "Srxn1"
"Srxn1_4.27" 26 "Simu4" 0.1 0.1 1.03125188261616 1.11859230369244 0.906921245908005 0.110577421815056 18.7601437656273 3.92546245075258 18.0633 18.0037 18.1242 21.90335 21.8247 21.9843025 12.4792 12.4269 12.5315 "Cddo" 26 "Srxn1"
"Srxn1_4.28" 27 "Simu4" 0.1 0.1 1.04897459319279 1.11924844030508 0.921343805138117 0.110720030531261 19.6081913672941 3.63217903181121 18.9162 18.8576 18.9762 22.7905 22.713 22.8697025 13.2859 13.2336 13.3392025 "Cddo" 27 "Srxn1"
"Srxn1_4.29" 28 "Simu4" 0.1 0.1 1.09518642114332 1.21321019863357 0.873071196630201 0.192483524433777 20.8574806676129 3.94738184997589 19.78285 19.7246 19.8417 23.6719 23.5948 23.7492025 14.102 14.0493 14.1565 "Cddo" 28 "Srxn1"
"Srxn1_4.30" 29 "Simu4" 0.1 0.1 1.09941651945559 1.2214094329131 0.90136173551987 0.173051114579366 21.4993152541314 3.72733082729858 20.6933 20.6347975 20.7523025 24.6501 24.5737925 24.7274025 14.85845 14.8050975 14.9139 "Cddo" 29 "Srxn1"
"Srxn1_4.31" 30 "Simu4" 0.1 0.1 1.07486340091211 1.20223881847304 0.849479988215977 0.19573929961533 22.5238390266673 3.66034840261816 21.6002 21.540795 21.6598 25.6293 25.5532 25.7064075 15.6393 15.585 15.6955 "Cddo" 30 "Srxn1"
"Srxn1_4.32" 31 "Simu4" 0.1 0.1 1.07197731492776 1.17701579958448 0.916211232166659 0.137603497424955 23.079664969707 3.61451415866775 22.47205 22.411795 22.5325025 26.5784 26.5007975 26.6561025 16.35455 16.2994 16.411905 "Cddo" 31 "Srxn1"
"Srxn1_4.33" 32 "Simu4" 0.1 0.1 1.07494674243183 1.17789144352604 0.927858103754672 0.130731339656188 23.5019683544975 3.60834974120491 23.3323 23.2693 23.3939 27.4906 27.411095 27.5698025 17.1375 17.0805975 17.196 "Cddo" 32 "Srxn1"
"Srxn1_4.34" 33 "Simu4" 0.1 0.1 1.0704202142738 1.18233509345431 0.906153743508259 0.145342875197306 24.0012689325539 3.48289880588835 24.1867 24.121095 24.2505025 28.3943 28.311595 28.4758 17.9253 17.8669 17.9857025 "Cddo" 33 "Srxn1"
"Srxn1_4.35" 34 "Simu4" 0.1 0.1 1.04216453466815 1.13686584156399 0.888360731393948 0.134382016109937 24.5614540138256 3.94309476206917 25.026 24.9568 25.0932 29.2928 29.2070975 29.3768075 18.6787 18.6184 18.741505 "Cddo" 34 "Srxn1"
"Srxn1_4.36" 35 "Simu4" 0.1 0.1 1.05432092349094 1.19688454260862 0.824964964860239 0.200575984920282 24.8782345838302 3.71403371067532 25.8234 25.7512975 25.8937075 30.1302 30.040695 30.2181 19.4014 19.3398 19.4668025 "Cddo" 35 "Srxn1"
"Srxn1_4.37" 36 "Simu4" 0.1 0.1 1.04650370460433 1.15504292512841 0.834805562218616 0.18335570490333 25.3788973744155 3.57251568854369 26.6245 26.5484975 26.6995025 31.0257 30.9320975 31.1181025 20.0328 19.9707 20.0992025 "Cddo" 36 "Srxn1"
"Srxn1_4.38" 37 "Simu4" 0.1 0.1 1.05242064036141 1.17032282034177 0.859879619228301 0.168142685644849 25.5187443657764 4.20418828492028 27.40505 27.3239975 27.4838 31.8614 31.7627 31.9596 20.6492 20.5879 20.7137025 "Cddo" 37 "Srxn1"
"Srxn1_4.39" 38 "Simu4" 0.1 0.1 1.00803830770872 1.0920196408501 0.853043296258491 0.134386123535154 25.1313276831249 3.7559226593113 28.174 28.0879 28.256705 32.70095 32.5963975 32.8049075 21.2525 21.1924 21.3125 "Cddo" 38 "Srxn1"
"Srxn1_4.40" 39 "Simu4" 0.1 0.1 1.00608450475035 1.10238460979249 0.857475479264228 0.130565263077662 25.8067750288015 3.88679684436723 28.8481 28.7620975 28.9302 33.4217 33.3137 33.5294025 21.7334 21.6748975 21.7917025 "Cddo" 39 "Srxn1"
"Srxn1_4.41" 40 "Simu4" 0.1 0.1 1.01397696988622 1.11705978895507 0.820807706512571 0.167415649428274 26.0674152230436 4.62009192962925 29.4367 29.3541 29.5151 34.1104 34.0006 34.220205 22.0346 21.9553 22.1091025 "Cddo" 40 "Srxn1"
"Srxn1_4.42" 41 "Simu4" 0.1 0.1 1.00207478432484 1.12617534812001 0.825305533526822 0.157197818929804 26.6224865496042 4.87094429908065 29.882 29.8009975 29.9622 34.7331 34.6251975 34.8419025 21.98945 21.8851 22.0916 "Cddo" 41 "Srxn1"
"Srxn1_4.43" 42 "Simu4" 0.1 0.1 1.01628714078023 1.12241589048759 0.829237667443216 0.162479199442339 26.7018562237626 5.46941602478736 30.03035 29.9235 30.1341025 35.2 35.0898975 35.310005 21.7963 21.678895 21.9171025 "Cddo" 42 "Srxn1"
"Srxn1_4.44" 43 "Simu4" 0.1 0.1 0.986211181530822 1.08635298104753 0.796429964761147 0.164439221863998 26.9577838864884 5.12307866035043 29.9459 29.8063825 30.0849 35.3694 35.2376 35.4999 21.5287 21.4056975 21.6556025 "Cddo" 43 "Srxn1"
"Srxn1_4.45" 44 "Simu4" 0.1 0.1 0.950908716235862 1.06418098616725 0.746654202425123 0.177240348466133 26.9667501977544 5.69648561617857 29.6198 29.4659975 29.775205 35.1368 34.978 35.2958025 21.2226 21.098495 21.3487025 "Cddo" 44 "Srxn1"
"Srxn1_4.46" 45 "Simu4" 0.1 0.1 0.938207852145126 1.06969557029759 0.726617125003939 0.185035331607406 27.5580652516154 5.467993983497 29.205 29.0466875 29.3648025 34.709 34.5352975 34.8837075 20.91055 20.7864975 21.0346 "Cddo" 45 "Srxn1"
"Srxn1_4.47" 46 "Simu4" 0.1 0.1 0.95092580232846 1.08237417463046 0.744149774611405 0.181258456202213 27.5729300349828 5.92310434680092 28.7735 28.6135975 28.9362025 34.223 34.0413 34.406805 20.6009 20.4785 20.7242 "Cddo" 46 "Srxn1"
"Srxn1_4.48" 47 "Simu4" 0.1 0.1 0.925180820103643 1.05449924684281 0.730957576991178 0.171257932440908 28.2267996520858 6.07363049476748 28.34165 28.1797975 28.507805 33.7191 33.5319 33.9090075 20.2957 20.1733975 20.418915 "Cddo" 47 "Srxn1"
"Srxn1_4.49" 48 "Simu4" 0.1 0.1 0.930125193575935 1.1079593455487 0.662965932568367 0.235561065813157 28.1007880242297 6.12588601979843 27.91395 27.749485 28.08231 33.21 33.0182825 33.407305 19.9948 19.8712975 20.1201 "Cddo" 48 "Srxn1"
"Srxn1_5.1" 0 "Simu5" 0.22 0.22 0 0 0 0 0 0 0 0 0 0 0 0 0 0 0 "Cddo" 0 "Srxn1"
"Srxn1_5.2" 1 "Simu5" 0.22 0.22 0.158699882182743 0.295540441626416 0 0.148977886453468 0 0 0.0231916 0.0211461 0.0254448 0.0231916 0.0211461 0.0254448 0.0231916 0.0211461 0.0254448 "Cddo" 1 "Srxn1"
"Srxn1_5.3" 2 "Simu5" 0.22 0.22 0.966031349273209 1.22641165165992 0.528614876229455 0.381098988769283 0.00580070070334182 0.0100471083376886 0.0460154 0.04195778 0.050478405 0.0460154 0.04195778 0.050478505 0.0460154 0.04195778 0.050478405 "Cddo" 2 "Srxn1"
"Srxn1_5.4" 3 "Simu5" 0.22 0.22 1.1507365742094 1.44366156261538 0.678677298616723 0.412755436882186 0.0855001634780375 0.122241007618343 0.844929 0.7602584 0.9254769 1.30802 1.226919 1.3732405 0.184612 0.138802075 0.2370596 "Cddo" 3 "Srxn1"
"Srxn1_5.5" 4 "Simu5" 0.22 0.22 1.233185215772 1.44504065323821 0.8393074266616 0.34143416322666 0.467331062712034 0.297260549487002 2.111835 2.03648675 2.1845505 2.888725 2.81740925 2.94590125 0.9445145 0.9016287 0.99212675 "Cddo" 4 "Srxn1"
"Srxn1_5.6" 5 "Simu5" 0.22 0.22 1.27809856564932 1.55621753141879 0.807313820835535 0.409944226380137 2.04237727645882 0.950523336778062 3.311475 3.25659775 3.3618315 4.28374 4.2343175 4.32583025 1.77499 1.7454285 1.80636075 "Cddo" 5 "Srxn1"
"Srxn1_5.7" 6 "Simu5" 0.22 0.22 1.32953654270894 1.59222830528533 0.84092962507435 0.423545357294135 3.55263836543111 1.28871861693056 4.317045 4.26969 4.36739125 5.499775 5.4369495 5.56100025 2.423545 2.39683 2.45078025 "Cddo" 6 "Srxn1"
"Srxn1_5.8" 7 "Simu5" 0.22 0.22 1.38896685931578 1.67411835162813 0.842257729972002 0.473610939044516 5.07878800408942 1.5910860340438 5.18411 5.1154575 5.25324125 6.528845 6.43115 6.62122125 2.984005 2.943829 3.02516025 "Cddo" 7 "Srxn1"
"Srxn1_5.9" 8 "Simu5" 0.22 0.22 1.37626117388067 1.67030988147422 0.824329592088389 0.478328699861385 6.20071051071896 1.86538698690397 6.03929 5.9594695 6.121672 7.55131 7.43909875 7.66117175 3.5133 3.46611775 3.56319025 "Cddo" 8 "Srxn1"
"Srxn1_5.10" 9 "Simu5" 0.22 0.22 1.3280849219841 1.60839723989499 0.808780011841674 0.450205533291273 7.19093734474528 1.9940295859048 6.90788 6.82344675 6.99593225 8.59784 8.48052575 8.71434225 4.04349 3.99366925 4.0965315 "Cddo" 9 "Srxn1"
"Srxn1_5.11" 10 "Simu5" 0.22 0.22 1.26508329541001 1.55726593006659 0.747767522169508 0.449261188690347 7.96534720645758 2.32408802106099 7.78323 7.69679925 7.87340125 9.6499 9.53048775 9.76800125 4.587355 4.53633775 4.641831 "Cddo" 10 "Srxn1"
"Srxn1_5.12" 11 "Simu5" 0.22 0.22 1.24567243018632 1.50770104029318 0.780918166601604 0.403579737234622 8.41983272114211 2.22200582896889 8.65053 8.56339925 8.74161075 10.7114 10.5924975 10.8309 5.108815 5.0574675 5.16390125 "Cddo" 11 "Srxn1"
"Srxn1_5.13" 12 "Simu5" 0.22 0.22 1.22118618974192 1.46855377660263 0.779935091103178 0.383069230830778 8.73802470488672 2.14300849832955 9.536875 9.44975925 9.62862175 11.7763 11.6573 11.8961025 5.677045 5.62514875 5.73265 "Cddo" 12 "Srxn1"
"Srxn1_5.14" 13 "Simu5" 0.22 0.22 1.19242550693794 1.45976648312125 0.73547189849929 0.397637239278811 9.3437511636213 2.28642491672209 10.4315 10.3442 10.5235025 12.84355 12.7261 12.9636 6.26246 6.210358 6.318331 "Cddo" 13 "Srxn1"
"Srxn1_5.15" 14 "Simu5" 0.22 0.22 1.17576650176457 1.40128539484288 0.730006482731064 0.386048519791247 10.1492531364363 2.3045795076607 11.3252 11.2376975 11.4170025 13.9325 13.8158975 14.0522 6.823935 6.77180925 6.879802 "Cddo" 14 "Srxn1"
"Srxn1_5.16" 15 "Simu5" 0.22 0.22 1.13652887103657 1.39825775025795 0.754359609167893 0.33842372605061 10.9549818185053 2.41753836194059 12.2238 12.1366975 12.3154 14.9925 14.877095 15.1112 7.39288 7.34071775 7.44864175 "Cddo" 15 "Srxn1"
"Srxn1_5.17" 16 "Simu5" 0.22 0.22 1.11573410160616 1.35545587709775 0.755072186803122 0.317938723444396 12.0584008948876 2.78121461763979 13.1019 13.0161 13.1931 16.06875 15.9544 16.1861025 7.99373 7.94111 8.048961 "Cddo" 16 "Srxn1"
"Srxn1_5.18" 17 "Simu5" 0.22 0.22 1.13448570693699 1.33526738354098 0.771212220340122 0.315186053021798 12.9257974477583 2.99292117493442 13.9727 13.887795 14.0627025 17.119 17.0064975 17.2348025 8.60319 8.55088775 8.658034 "Cddo" 17 "Srxn1"
"Srxn1_5.19" 18 "Simu5" 0.22 0.22 1.13211371934437 1.35734096177657 0.78392412909405 0.305845582339552 13.9175490367278 3.15015151568688 14.8705 14.7867 14.9588025 18.1615 18.0502 18.2755 9.23437 9.18214725 9.28918075 "Cddo" 18 "Srxn1"
"Srxn1_5.20" 19 "Simu5" 0.22 0.22 1.12907869472308 1.31270825317956 0.778101570808213 0.304064108302281 15.2137224490829 3.45178153663227 15.7732 15.6913975 15.8605 19.23455 19.125795 19.346005 9.88283 9.83070875 9.93707075 "Cddo" 19 "Srxn1"
"Srxn1_5.21" 20 "Simu5" 0.22 0.22 1.1314472882894 1.33564059493298 0.776193894814856 0.308803359669704 16.1222005300663 3.76146153426734 16.6776 16.5973975 16.7633 20.2691 20.1630975 20.3786 10.5282 10.4763975 10.5818 "Cddo" 20 "Srxn1"
"Srxn1_5.22" 21 "Simu5" 0.22 0.22 1.09446916094747 1.3013114289746 0.764677708629546 0.288671636797195 17.1638449686973 3.83522818732409 17.5874 17.5084975 17.6712025 21.3309 21.227195 21.4384075 11.1732 11.1215975 11.226 "Cddo" 21 "Srxn1"
"Srxn1_5.23" 22 "Simu5" 0.22 0.22 1.10886781545858 1.28537148841686 0.799868606724221 0.268504305893602 18.3694396670456 4.02556487349297 18.4597 18.3828 18.5417025 22.3584 22.2576975 22.463005 11.8071 11.7561975 11.8591025 "Cddo" 22 "Srxn1"
"Srxn1_5.24" 23 "Simu5" 0.22 0.22 1.11357549791368 1.32232973552659 0.785016385033309 0.287995338951809 19.4364265822987 3.88910230686665 19.34765 19.2722 19.4277 23.36895 23.2699975 23.4702 12.4772 12.4267 12.5284 "Cddo" 23 "Srxn1"
"Srxn1_5.25" 24 "Simu5" 0.22 0.22 1.11425046444688 1.32173576146243 0.780891172513677 0.291567169441596 20.0029365616188 4.25906618836988 20.2391 20.1653 20.3168 24.4169 24.3205 24.5161025 13.1298 13.0799975 13.1802 "Cddo" 24 "Srxn1"
"Srxn1_5.26" 25 "Simu5" 0.22 0.22 1.24488783297706 1.32699682830567 1.16210734768221 0.0824467911998375 21.1626828296314 3.19341641440021 21.12785 21.055795 21.2032 25.4617 25.3672975 25.5593 13.7756 13.7265 13.8257 "Cddo" 25 "Srxn1"
"Srxn1_5.27" 26 "Simu5" 0.22 0.22 1.25771113955905 1.4210006935024 1.13822911724557 0.14638738318352 21.8942218017347 3.21172227707608 22.1541 22.0831975 22.2276025 26.5073 26.4139 26.6017075 14.8298 14.7794 14.8803 "Cddo" 26 "Srxn1"
"Srxn1_5.28" 27 "Simu5" 0.22 0.22 1.2641912941218 1.48710028147466 1.12497465535562 0.19503089289134 23.0170035775587 3.1089599073156 23.1884 23.1184975 23.2613 27.6496 27.5573975 27.7431 15.8503 15.7988975 15.9017025 "Cddo" 27 "Srxn1"
"Srxn1_5.29" 28 "Simu5" 0.22 0.22 1.31515899127127 1.5562833270051 1.15303450488366 0.212915793879007 24.36079262087 3.51344111034421 24.2225 24.1519975 24.2942 28.8567 28.7649975 28.9492075 16.8491 16.7959 16.902 "Cddo" 28 "Srxn1"
"Srxn1_5.30" 29 "Simu5" 0.22 0.22 1.33870631651887 1.55467217620039 1.2109497850336 0.188074279828421 25.5887940971956 3.67691667113119 25.3048 25.2337 25.3762 30.1308 30.0389975 30.2227025 17.8702 17.8157 17.9244025 "Cddo" 29 "Srxn1"
"Srxn1_5.31" 30 "Simu5" 0.22 0.22 1.34764697297969 1.56188765033268 1.22200485315781 0.186460068784977 27.0068648799541 4.10983265970995 26.4044 26.3318975 26.4757 31.39325 31.3007975 31.4852025 18.9464 18.8901 19.0030025 "Cddo" 30 "Srxn1"
"Srxn1_5.32" 31 "Simu5" 0.22 0.22 1.38082176210797 1.59908385912393 1.26948466484874 0.18903339360136 28.0096043364686 4.04264626304993 27.5038 27.4298975 27.5765 32.6519 32.5572925 32.7452 20.0242 19.9660975 20.0834025 "Cddo" 31 "Srxn1"
"Srxn1_5.33" 32 "Simu5" 0.22 0.22 1.3367834809934 1.52397872820319 1.19835558580373 0.168200174446446 28.5395909840319 3.93919449527389 28.62945 28.5528975 28.7042025 33.9394 33.841595 34.0348025 21.1435 21.0827 21.2057 "Cddo" 32 "Srxn1"
"Srxn1_5.34" 33 "Simu5" 0.22 0.22 1.32955855371478 1.53493443353391 1.22452293178673 0.177876222749058 29.5861002830935 3.72204396512355 29.6938 29.6141975 29.7708025 35.1293 35.0281 35.2284025 22.1711 22.1072975 22.2361025 "Cddo" 33 "Srxn1"
"Srxn1_5.35" 34 "Simu5" 0.22 0.22 1.31583860398514 1.49102123948874 1.22213098500863 0.151835852080993 30.4792452552577 3.44548692454115 30.7386 30.655695 30.8197 36.3187 36.2142925 36.422 23.2174 23.1499 23.2858 "Cddo" 34 "Srxn1"
"Srxn1_5.36" 35 "Simu5" 0.22 0.22 1.28442715747958 1.45398368245433 1.18854894821099 0.147259193905436 31.015900939213 3.17927946288453 31.7555 31.6675 31.841305 37.4449 37.3349975 37.553805 24.248 24.1777 24.3202 "Cddo" 35 "Srxn1"
"Srxn1_5.37" 36 "Simu5" 0.22 0.22 1.28529253062671 1.47187309711007 1.16413736063746 0.163968541968863 31.9676073952327 3.77777181516951 32.7242 32.629995 32.8159025 38.5161 38.400395 38.6317 25.22815 25.1543975 25.3041025 "Cddo" 36 "Srxn1"
"Srxn1_5.38" 37 "Simu5" 0.22 0.22 1.32172560056083 1.54118605459388 1.17825899071855 0.193029302670506 32.3616356397141 3.62357149705932 33.682 33.5814975 33.7789 39.59455 39.4718975 39.717005 26.1669 26.088795 26.2465025 "Cddo" 37 "Srxn1"
"Srxn1_5.39" 38 "Simu5" 0.22 0.22 1.29943698622993 1.51938891873155 1.18922922230536 0.190484102193751 33.4325530556594 3.78900155216718 34.6695 34.5616975 34.7724075 40.7385 40.6066975 40.8693025 27.1068 27.0240975 27.1902025 "Cddo" 38 "Srxn1"
"Srxn1_5.40" 39 "Simu5" 0.22 0.22 1.27437936436856 1.50650556741233 1.15133825409574 0.201148261764216 33.6027685032113 3.73261750532853 35.6139 35.4996925 35.7245025 41.84165 41.7020975 41.9815 28.0405 27.9536 28.1275 "Cddo" 39 "Srxn1"
"Srxn1_5.41" 40 "Simu5" 0.22 0.22 1.25155232480993 1.48824764337476 1.12808503881032 0.205048082045658 35.2525602968314 3.73375270479588 36.5058 36.3870975 36.6229025 42.91465 42.7650925 43.0628 28.8893 28.8011 28.976 "Cddo" 40 "Srxn1"
"Srxn1_5.42" 41 "Simu5" 0.22 0.22 1.26261778170542 1.52342948785418 1.10404474075014 0.22761908975587 36.0929480232233 3.84785943629184 37.3255 37.2036 37.4453025 43.9431 43.784695 44.1012025 29.6178 29.5342 29.6995 "Cddo" 41 "Srxn1"
"Srxn1_5.43" 42 "Simu5" 0.22 0.22 1.25138055057822 1.51466514090464 1.11416612879245 0.228079219181869 36.3574956794263 3.39071565171124 38.0733 37.9523 38.192205 44.9835 44.8185 45.1510025 30.102 30.0189975 30.1837025 "Cddo" 42 "Srxn1"
"Srxn1_5.44" 43 "Simu5" 0.22 0.22 1.25152145585525 1.50161777087537 1.08472471557576 0.22057667431811 37.7368889253443 4.81937003026697 38.6063 38.4876 38.7224 45.9543 45.784495 46.12511 30.3258 30.210995 30.43541 "Cddo" 43 "Srxn1"
"Srxn1_5.45" 44 "Simu5" 0.22 0.22 1.25645287651638 1.49294552972974 1.09982274613624 0.208374416999878 38.0206190696558 4.24577051182607 38.8285 38.6894975 38.9662125 46.7718 46.6043975 46.9399025 30.1712 30.0274975 30.3137025 "Cddo" 44 "Srxn1"
"Srxn1_5.46" 45 "Simu5" 0.22 0.22 1.25209752891239 1.50533626300878 1.07016765730368 0.226178346111639 39.1362851281872 4.10511246226706 38.71355 38.5368 38.889905 47.29845 47.127895 47.4686025 29.8648 29.703895 30.0286025 "Cddo" 45 "Srxn1"
"Srxn1_5.47" 46 "Simu5" 0.22 0.22 1.25077007701421 1.5083302072657 1.024054853063 0.243606672436412 39.5625641935957 4.66147088527925 38.3374 38.1354975 38.53891 47.4617 47.2623925 47.66041 29.45685 29.291395 29.6252025 "Cddo" 46 "Srxn1"
"Srxn1_5.48" 47 "Simu5" 0.22 0.22 1.23720008091067 1.4897344325314 1.00096918103606 0.244790154359719 40.193691821182 4.99647332453863 37.83585 37.6218975 38.0521 47.226 46.9831975 47.468405 29.0201 28.8553975 29.187505 "Cddo" 47 "Srxn1"
"Srxn1_5.49" 48 "Simu5" 0.22 0.22 1.25020067022658 1.46096852792815 1.04312075823147 0.208948295919767 40.5695658472729 5.34114707217461 37.2842 37.0662975 37.50781 46.6951 46.4278 46.9647025 28.5834 28.4166975 28.7502 "Cddo" 48 "Srxn1"
"Srxn1_6.1" 0 "Simu6" 0.46 0.46 0 0 0 0 0 0 0 0 0 0 0 0 0 0 0 "Cddo" 0 "Srxn1"
"Srxn1_6.2" 1 "Simu6" 0.46 0.46 0.38426620566679 0.431126470948916 0.349001029282547 0.0422727052261432 0.00494767727204197 0.00856962841463048 0.0231916 0.0211461 0.0254448 0.0231916 0.0211461 0.0254448 0.0231916 0.0211461 0.0254448 "Cddo" 1 "Srxn1"
"Srxn1_6.3" 2 "Simu6" 0.46 0.46 1.10207768379181 1.29110068603013 0.899776034287926 0.195999968418853 0.0102850429936083 0.0178142170229599 0.04601565 0.04195808 0.050479 0.0460163 0.04195878 0.0504802025 0.0460155 0.04195788 0.050478605 "Cddo" 2 "Srxn1"
"Srxn1_6.4" 3 "Simu6" 0.46 0.46 1.2245602000734 1.48829539657508 0.946005570246608 0.271448476948941 0.115379176343679 0.129717372453942 1.08823 1.001427 1.16639075 1.417835 1.343776 1.47319025 0.730338 0.6489025 0.809005775 "Cddo" 3 "Srxn1"
"Srxn1_6.5" 4 "Simu6" 0.46 0.46 1.38791217989553 1.5617449495532 1.18122157662844 0.192377850226156 0.871429226069853 0.485314892567839 2.4324 2.354577 2.50243225 3.04506 2.98028 3.09307125 1.774305 1.7007875 1.84650375 "Cddo" 4 "Srxn1"
"Srxn1_6.6" 5 "Simu6" 0.46 0.46 1.45098632541243 1.60452526572751 1.21447842326802 0.207838931142443 2.39575600922231 0.698399315255843 3.779095 3.7239195 3.82746125 4.551855 4.5079995 4.5907005 2.9282 2.87471625 2.97812175 "Cddo" 5 "Srxn1"
"Srxn1_6.7" 6 "Simu6" 0.46 0.46 1.51114245702158 1.70580481859637 1.23403745986278 0.246452229272012 4.01291569576665 0.761883674982982 4.917985 4.86335975 4.974422 5.80475 5.733289 5.86996 3.887995 3.84417 3.93478075 "Cddo" 6 "Srxn1"
"Srxn1_6.8" 7 "Simu6" 0.46 0.46 1.53628514405731 1.73231723925065 1.25345599586922 0.250952822079431 5.53722679090188 1.00635516293631 5.899635 5.817379 5.98221125 6.907325 6.79645975 7.009864 4.695745 4.6334385 4.75886125 "Cddo" 7 "Srxn1"
"Srxn1_6.9" 8 "Simu6" 0.46 0.46 1.49044748289453 1.70747525682381 1.20808577893818 0.256025105146557 6.52835411791042 1.18654280332552 6.841235 6.7449895 6.93907225 7.962305 7.835699 8.082682 5.468995 5.396409 5.54336075 "Cddo" 8 "Srxn1"
"Srxn1_6.10" 9 "Simu6" 0.46 0.46 1.46578071340043 1.73104674707057 1.16963696624013 0.281975726607462 7.46476276824114 1.40260002820272 7.775295 7.674629 7.87856025 9.027655 8.8964475 9.15459025 6.2314 6.15508875 6.31041175 "Cddo" 9 "Srxn1"
"Srxn1_6.11" 10 "Simu6" 0.46 0.46 1.44385078999989 1.68457400133998 1.13019027382899 0.284297761439009 8.18109568137189 1.70343473450965 8.73689 8.63448975 8.84293 10.1622 10.0298975 10.291805 7.002525 6.9246 7.083951 "Cddo" 10 "Srxn1"
"Srxn1_6.12" 11 "Simu6" 0.46 0.46 1.41461487395802 1.62357391958047 1.14636452323402 0.2440671959437 8.60670526748975 1.69357365728482 9.72647 9.6233595 9.8336715 11.3143 11.1817975 11.444705 7.77857 7.70023 7.8609905 "Cddo" 11 "Srxn1"
"Srxn1_6.13" 12 "Simu6" 0.46 0.46 1.38654430346491 1.54372311745921 1.10336862139725 0.245732432991082 9.09964811557979 1.51433663059717 10.7319 10.6281975 10.8391025 12.4633 12.3313 12.5935 8.59832 8.51957675 8.68148375 "Cddo" 12 "Srxn1"
"Srxn1_6.14" 13 "Simu6" 0.46 0.46 1.35023248085963 1.48601435624407 1.1117057196301 0.207229637205782 9.74893276265539 1.76150060929858 11.747 11.6436 11.8543 13.5826 13.451695 13.71321 9.408875 9.33008875 9.49202025 "Cddo" 13 "Srxn1"
"Srxn1_6.15" 14 "Simu6" 0.46 0.46 1.35656792761551 1.47551521362619 1.14806932165319 0.181162309052703 10.5355256821081 1.3627531124156 12.7573 12.654 12.8639025 14.6825 14.5534 14.8125 10.2488 10.1700975 10.3324 "Cddo" 14 "Srxn1"
"Srxn1_6.16" 15 "Simu6" 0.46 0.46 1.34880221723915 1.4553823805787 1.1836238294716 0.145046514796265 11.4656881073103 1.66738193476043 13.79645 13.6939 13.9030025 15.798 15.6699975 15.9261075 11.1391 11.0605 11.2232075 "Cddo" 15 "Srxn1"
"Srxn1_6.17" 16 "Simu6" 0.46 0.46 1.27293031039136 1.47616582432485 0.976833805925142 0.262298472778286 12.5385166904116 1.73082795247349 14.8462 14.7447 14.9521 16.914 16.7885975 17.0411 12.0784 11.9999 12.1617075 "Cddo" 16 "Srxn1"
"Srxn1_6.18" 17 "Simu6" 0.46 0.46 1.23259734626617 1.40295556680346 0.910960483459617 0.278709008131691 13.5614306622235 1.84470807780167 15.8382 15.738395 15.9428025 18.0661 17.9427 18.1912 12.8337 12.7561975 12.9164025 "Cddo" 17 "Srxn1"
"Srxn1_6.19" 18 "Simu6" 0.46 0.46 1.23677412640465 1.4081747547856 0.96182547891023 0.240517282571043 14.8068629469965 2.01098048461201 16.8023 16.7038 16.905005 19.1594 19.0379975 19.2823075 13.533 13.4568 13.6141 "Cddo" 18 "Srxn1"
"Srxn1_6.20" 19 "Simu6" 0.46 0.46 1.24422744260294 1.38929093700319 0.974891004669258 0.23348372395188 16.0623109192055 2.0314577204632 17.778 17.6818 17.8792025 20.267 20.1478 20.3874025 14.2887 14.2142975 14.3682025 "Cddo" 19 "Srxn1"
"Srxn1_6.21" 20 "Simu6" 0.46 0.46 1.24961619750236 1.39256750341226 1.01265951426835 0.206664651738581 17.4422687233556 2.43419785491708 18.7664 18.6725 18.866005 21.36185 21.2445 21.4807 15.0619 14.9894 15.1395025 "Cddo" 20 "Srxn1"
"Srxn1_6.22" 21 "Simu6" 0.46 0.46 1.23981998923577 1.3926978442635 0.949286872819076 0.251724155853924 19.1761709690622 2.79568589448944 19.7645 19.6723 19.8613 22.4648 22.35 22.5810025 15.8767 15.805495 15.9529025 "Cddo" 21 "Srxn1"
"Srxn1_6.23" 22 "Simu6" 0.46 0.46 1.26596668231513 1.39034498481146 1.03085304815552 0.20372861455646 20.4543831957019 2.78673346382924 20.75345 20.6639 20.8472 23.5694 23.4575925 23.6829025 16.6262 16.5567 16.7003 "Cddo" 22 "Srxn1"
"Srxn1_6.24" 23 "Simu6" 0.46 0.46 1.27035920693332 1.41206270830806 1.0072614839504 0.228075482220814 22.0971163821883 3.37387193928686 21.7696 21.6821975 21.8612 24.6704 24.5612925 24.7810025 17.4613 17.3938 17.534005 "Cddo" 23 "Srxn1"
"Srxn1_6.25" 24 "Simu6" 0.46 0.46 1.29392063999906 1.42519749874445 1.07661850443293 0.189544427530517 23.438912968752 3.63494508847154 22.7879 22.7018 22.8778 25.79335 25.686 25.9017 18.26985 18.2029 18.3402 "Cddo" 24 "Srxn1"
"Srxn1_6.26" 25 "Simu6" 0.46 0.46 1.37650918627235 1.45264424068804 1.26913954577978 0.0956566400669026 24.9358215915082 2.63373008783158 23.8285 23.7443 23.9169 26.9264 26.8213 27.0318025 19.1502 19.0851 19.2185 "Cddo" 25 "Srxn1"
"Srxn1_6.27" 26 "Simu6" 0.46 0.46 1.42225220279051 1.54220445855245 1.23368133642239 0.165311870455096 26.1243660673836 2.62157765209268 24.9543 24.8711925 25.041005 28.0848 27.981495 28.188 20.2338 20.1691975 20.301 "Cddo" 26 "Srxn1"
"Srxn1_6.28" 27 "Simu6" 0.46 0.46 1.42081492667183 1.59467459237046 1.28020603959079 0.159849392807238 27.6300285615807 2.539722450871 26.1226 26.0399 26.2073025 29.3337 29.231295 29.4356 21.2727 21.2090975 21.3389 "Cddo" 27 "Srxn1"
"Srxn1_6.29" 28 "Simu6" 0.46 0.46 1.46190839242842 1.63738183354546 1.30736576401719 0.166000679899559 29.1402960541646 2.77118952629537 27.2817 27.2 27.3655 30.6322 30.5303 30.7326025 22.3551 22.2909975 22.4204 "Cddo" 28 "Srxn1"
"Srxn1_6.30" 29 "Simu6" 0.46 0.46 1.51509156850747 1.70159453648976 1.33319486804571 0.184243024841578 31.8212303474705 3.35679099589789 28.4773 28.395785 28.5606 31.9678 31.8655 32.0671025 23.4583 23.3928 23.5237025 "Cddo" 29 "Srxn1"
"Srxn1_6.31" 30 "Simu6" 0.46 0.46 1.55120507880557 1.69589279619087 1.36378033134102 0.170130869133609 34.0873454917627 3.71555957073055 29.7218 29.6384975 29.8049 33.3639 33.2617975 33.4641025 24.5808 24.5139975 24.6465025 "Cddo" 30 "Srxn1"
"Srxn1_6.32" 31 "Simu6" 0.46 0.46 1.57071626430515 1.72870467544696 1.38682205145179 0.172407265128805 35.2696065476217 3.54348697400447 30.9949 30.9089975 31.079 34.7401 34.636295 34.841905 25.72715 25.6585 25.7937025 "Cddo" 31 "Srxn1"
"Srxn1_6.33" 32 "Simu6" 0.46 0.46 1.55212948620063 1.68773019254175 1.35838392903621 0.172200052494804 37.6081652932424 4.45516576963145 32.2777 32.188495 32.3640025 36.14035 36.0328975 36.2445025 26.8877 26.8176975 26.9562025 "Cddo" 32 "Srxn1"
"Srxn1_6.34" 33 "Simu6" 0.46 0.46 1.53442277704592 1.74784907360923 1.29090808768097 0.229951624676394 39.1672781509076 4.71299191193956 33.5256 33.4330975 33.6148 37.4795 37.3688 37.5873 28.0035 27.929995 28.0751025 "Cddo" 33 "Srxn1"
"Srxn1_6.35" 34 "Simu6" 0.46 0.46 1.52418601776326 1.75634631186246 1.28175188722161 0.23746395676287 40.2351921259505 5.20751526310114 34.7395 34.6425925 34.833305 38.872 38.7579 38.9846 29.0313 28.9542 29.1067 "Cddo" 34 "Srxn1"
"Srxn1_6.36" 35 "Simu6" 0.46 0.46 1.50709181651465 1.71526381901706 1.2358643993317 0.245841290041092 42.7140179387157 6.17234967595424 35.9279 35.8267 36.0278025 40.2574 40.1384 40.37561 30.0373 29.9557975 30.1160025 "Cddo" 35 "Srxn1"
"Srxn1_6.37" 36 "Simu6" 0.46 0.46 1.55648464585947 1.75400768344871 1.26093900496999 0.260740298942271 43.9250064467876 6.28173503142618 37.0834 36.9761 37.1887 41.58035 41.4544975 41.7051 30.9787 30.8912975 31.0627 "Cddo" 36 "Srxn1"
"Srxn1_6.38" 37 "Simu6" 0.46 0.46 1.55887868096463 1.78525318408768 1.24103259629756 0.283406597870055 45.0675255372627 5.28158772650076 38.2809 38.1665975 38.393005 42.9318 42.7972975 43.0628 31.9369 31.8436975 32.0266025 "Cddo" 37 "Srxn1"
"Srxn1_6.39" 38 "Simu6" 0.46 0.46 1.53361158051489 1.76662968910159 1.2411371267905 0.267744096095356 46.6944043400149 5.21093203765848 39.4665 39.3436 39.5860025 44.3011 44.1584975 44.44111 32.85845 32.7584925 32.9538 "Cddo" 38 "Srxn1"
"Srxn1_6.40" 39 "Simu6" 0.46 0.46 1.56846596136028 1.8003666564071 1.27046627205282 0.271063483553952 48.2729592376413 6.18056499535608 40.6072 40.4760975 40.735 45.63195 45.4807975 45.783 33.7632 33.656795 33.864305 "Cddo" 39 "Srxn1"
"Srxn1_6.41" 40 "Simu6" 0.46 0.46 1.5897962815957 1.89625685175089 1.27479507730407 0.310818904023286 49.9025226450419 6.0718613559578 41.7708 41.6317975 41.9085 46.9833 46.8204975 47.1445 34.6799 34.5698 34.7861025 "Cddo" 40 "Srxn1"
"Srxn1_6.42" 41 "Simu6" 0.46 0.46 1.61132941675186 1.90295697784046 1.31638136868606 0.293301901696936 52.6469016810259 7.27904932818283 42.94 42.7927 43.0874 48.42615 48.252895 48.5985025 35.5625 35.448695 35.6719 "Cddo" 41 "Srxn1"
"Srxn1_6.43" 42 "Simu6" 0.46 0.46 1.60566107241973 1.86272249068404 1.35141137298408 0.255667154896706 53.3473048770577 7.00590980868469 44.1083 43.9512 44.2643025 49.8551 49.6717975 50.0397 36.435 36.3215975 36.5443075 "Cddo" 42 "Srxn1"
"Srxn1_6.44" 43 "Simu6" 0.46 0.46 1.60598457678486 1.86310088299987 1.35501345244723 0.254099452413078 55.2019565101398 7.0817467377245 45.2261 45.0628875 45.3886025 51.2095 51.014995 51.4057 37.24235 37.1313975 37.3513025 "Cddo" 43 "Srxn1"
"Srxn1_6.45" 44 "Simu6" 0.46 0.46 1.61319438472907 1.85533098517585 1.35814774087579 0.248842915347716 56.1455970148648 6.95774486461796 46.2561 46.0892925 46.4176 52.5242 52.320895 52.72841 37.8202 37.6978 37.9390025 "Cddo" 44 "Srxn1"
"Srxn1_6.46" 45 "Simu6" 0.46 0.46 1.59807678638388 1.87047975076538 1.28045433040566 0.297600572887327 59.0951826418257 7.47859024175719 47.1185 46.9552 47.2793025 53.7523 53.542095 53.9612 38.04565 37.8816 38.2044 "Cddo" 45 "Srxn1"
"Srxn1_6.47" 46 "Simu6" 0.46 0.46 1.6183800830191 1.90799033163242 1.3136533301732 0.297456718450001 60.8036589793488 7.99341992353416 47.5982 47.419295 47.7724025 54.8528 54.6406975 55.061105 37.72815 37.536295 37.91831 "Cddo" 46 "Srxn1"
"Srxn1_6.48" 47 "Simu6" 0.46 0.46 1.60059362104004 1.87846427688371 1.28452532596881 0.298806231670948 62.168274293587 7.73277584335803 47.689 47.4594925 47.91081 55.7563 55.5402 55.9705025 37.292 37.0838 37.5004025 "Cddo" 47 "Srxn1"
"Srxn1_6.49" 48 "Simu6" 0.46 0.46 1.63013877999008 1.89810140575794 1.34467717112275 0.277126788090801 64.0994558695451 8.98262970222096 47.33805 47.0686975 47.60421 56.0961 55.838295 56.3429025 36.7642 36.548195 36.9812025 "Cddo" 48 "Srxn1"
