"medianM" "LCLM" "UCLM" "medianH" "LCLH" "UCLH" "medianL" "LCLL" "UCLL" "Simulation" "Chemical" "Times" "variables"
"Srxn1_1.1" 0 0 0 0 0 0 0 0 0 "Sim1" "ETA" 0 "Srxn1"
"Srxn1_1.2" 0.03545165 0.0320865025 0.038796 0.03545165 0.0320865025 0.038796 0.03545165 0.0320865025 0.038796 "Sim1" "ETA" 1 "Srxn1"
"Srxn1_1.3" 0.07344805 0.0668473125 0.08000336 0.08363085 0.07695893 0.090218055 0.0706342 0.0639961175 0.0771852125 "Sim1" "ETA" 2 "Srxn1"
"Srxn1_1.4" 0.113015 0.10333695 0.1227041 0.137986 0.127774575 0.14829515 0.1046485 0.094847295 0.114305025 "Sim1" "ETA" 3 "Srxn1"
"Srxn1_1.5" 0.1649425 0.151781425 0.17797835 0.2174725 0.201926275 0.23392775 0.142538 0.12975595 0.155330425 "Sim1" "ETA" 4 "Srxn1"
"Srxn1_1.6" 0.23526 0.2181409 0.252979125 0.353552 0.3296979 0.378828625 0.1838565 0.168021425 0.1994062 "Sim1" "ETA" 5 "Srxn1"
"Srxn1_1.7" 0.3298215 0.308593475 0.35134425 0.536014 0.507282 0.564602 0.2374965 0.218617725 0.2560676 "Sim1" "ETA" 6 "Srxn1"
"Srxn1_1.8" 0.411861 0.388264925 0.435560125 0.682533 0.653279775 0.710578725 0.286944 0.26526135 0.308193 "Sim1" "ETA" 7 "Srxn1"
"Srxn1_1.9" 0.4702575 0.444520825 0.495831475 0.796822 0.7674418 0.82573655 0.317645 0.293254525 0.3413841 "Sim1" "ETA" 8 "Srxn1"
"Srxn1_1.10" 0.5415775 0.513650975 0.5692812 0.9119535 0.88132905 0.942419325 0.3475955 0.320690825 0.37383715 "Sim1" "ETA" 9 "Srxn1"
"Srxn1_1.11" 0.674643 0.64447825 0.704373825 1.10341 1.07088925 1.13605 0.4043765 0.375103325 0.433063175 "Sim1" "ETA" 10 "Srxn1"
"Srxn1_1.12" 0.7386785 0.706574675 0.770553925 1.21034 1.1756395 1.2448205 0.4389575 0.4073308 0.470005175 "Sim1" "ETA" 11 "Srxn1"
"Srxn1_1.13" 0.795443 0.7613837 0.829353 1.312655 1.2762495 1.34891025 0.4666845 0.432820775 0.499947775 "Sim1" "ETA" 12 "Srxn1"
"Srxn1_1.14" 0.87489 0.838775475 0.910658575 1.45648 1.418138 1.49452125 0.4940095 0.457840825 0.529470175 "Sim1" "ETA" 13 "Srxn1"
"Srxn1_1.15" 0.938748 0.9005932 0.976540075 1.54926 1.50931 1.5889505 0.5296355 0.49126965 0.5672056 "Sim1" "ETA" 14 "Srxn1"
"Srxn1_1.16" 0.9949135 0.954833175 1.03445025 1.624055 1.58254975 1.6649605 0.5699945 0.5295799 0.609667625 "Sim1" "ETA" 15 "Srxn1"
"Srxn1_1.17" 1.05083 1.00881 1.09219025 1.72101 1.6778185 1.76342025 0.6041685 0.561778925 0.645965075 "Sim1" "ETA" 16 "Srxn1"
"Srxn1_1.18" 1.10427 1.0605165 1.14741275 1.77116 1.72661925 1.8148805 0.6427145 0.598198925 0.686577025 "Sim1" "ETA" 17 "Srxn1"
"Srxn1_1.19" 1.162415 1.1169295 1.2072905 1.84118 1.79529975 1.88621075 0.684839 0.638371475 0.7306481 "Sim1" "ETA" 18 "Srxn1"
"Srxn1_1.20" 1.21292 1.16549925 1.2595445 1.910275 1.863149 1.95630075 0.712319 0.664108825 0.759970275 "Sim1" "ETA" 19 "Srxn1"
"Srxn1_1.21" 1.26216 1.213165 1.310573 1.96222 1.913829 2.00967025 0.7463615 0.69619015 0.79575115 "Sim1" "ETA" 20 "Srxn1"
"Srxn1_1.22" 1.30571 1.254839 1.35578025 2.010295 1.96091675 2.05929075 0.7776435 0.725654275 0.828850675 "Sim1" "ETA" 21 "Srxn1"
"Srxn1_1.23" 1.340925 1.288319 1.39228425 2.04571 1.99529925 2.09572125 0.8032605 0.7495498 0.856184675 "Sim1" "ETA" 22 "Srxn1"
"Srxn1_1.24" 1.377235 1.3228475 1.4300105 2.099045 2.04718875 2.15030225 0.825172 0.76976725 0.87958885 "Sim1" "ETA" 23 "Srxn1"
"Srxn1_1.25" 1.410535 1.35491975 1.4648505 2.14404 2.09057975 2.19658025 0.845427 0.788316725 0.90133725 "Sim1" "ETA" 24 "Srxn1"
"Srxn1_1.26" 1.43591 1.37854975 1.4917735 2.191725 2.13671875 2.2453415 0.86192 0.803425825 0.919082325 "Sim1" "ETA" 25 "Srxn1"
"Srxn1_1.27" 1.45906 1.40029 1.51639875 2.219715 2.16295975 2.27446125 0.8806695 0.820665325 0.93923065 "Sim1" "ETA" 26 "Srxn1"
"Srxn1_1.28" 1.476215 1.41606425 1.53522025 2.23642 2.17846975 2.29243075 0.8933365 0.832041375 0.95314395 "Sim1" "ETA" 27 "Srxn1"
"Srxn1_1.29" 1.490715 1.429029 1.55085175 2.25752 2.19810975 2.31476 0.906636 0.843982825 0.96764035 "Sim1" "ETA" 28 "Srxn1"
"Srxn1_1.30" 1.503215 1.44020675 1.56486275 2.27697 2.21595 2.3357905 0.9185345 0.854772775 0.98090465 "Sim1" "ETA" 29 "Srxn1"
"Srxn1_1.31" 1.51276 1.448458 1.57556225 2.28991 2.22762925 2.35032 0.9302125 0.86534655 0.993827 "Sim1" "ETA" 30 "Srxn1"
"Srxn1_1.32" 1.51842 1.4531555 1.58233025 2.28791 2.22447875 2.34929175 0.9419665 0.875899175 1.00669075 "Sim1" "ETA" 31 "Srxn1"
"Srxn1_1.33" 1.523325 1.45694625 1.5881905 2.284095 2.219707 2.3468005 0.9545755 0.88735795 1.02032325 "Sim1" "ETA" 32 "Srxn1"
"Srxn1_2.1" 0 0 0 0 0 0 0 0 0 "Sim2" "ETA" 0 "Srxn1"
"Srxn1_2.2" 0.03545165 0.0320865025 0.038796 0.03545165 0.0320865025 0.038796 0.03545165 0.0320865025 0.038796 "Sim2" "ETA" 1 "Srxn1"
"Srxn1_2.3" 0.0724643 0.06583299 0.078988415 0.0866806 0.0799688375 0.09334288 0.06998405 0.0633647375 0.0765561 "Sim2" "ETA" 2 "Srxn1"
"Srxn1_2.4" 0.1124315 0.102756 0.122139225 0.1595745 0.14851065 0.171228075 0.103616 0.09385258 0.113309525 "Sim2" "ETA" 3 "Srxn1"
"Srxn1_2.5" 0.1662125 0.15302995 0.179344325 0.2753465 0.256062625 0.29687215 0.136378 0.12357175 0.149094325 "Sim2" "ETA" 4 "Srxn1"
"Srxn1_2.6" 0.2436515 0.226254425 0.2618023 0.4635865 0.432826075 0.496308075 0.1682715 0.1525488 0.183930775 "Sim2" "ETA" 5 "Srxn1"
"Srxn1_2.7" 0.333148 0.311533825 0.35526005 0.678963 0.643447925 0.713667575 0.199343 0.18073345 0.2178438 "Sim2" "ETA" 6 "Srxn1"
"Srxn1_2.8" 0.424538 0.400732625 0.44860585 0.87682 0.843076825 0.9088865 0.229607 0.208183525 0.250888025 "Sim2" "ETA" 7 "Srxn1"
"Srxn1_2.9" 0.5115225 0.48589695 0.53715665 1.044355 1.0121795 1.0757 0.259084 0.235044225 0.2830152 "Sim2" "ETA" 8 "Srxn1"
"Srxn1_2.10" 0.5950815 0.567109325 0.62265165 1.215525 1.18285 1.24781075 0.287797 0.261165775 0.314309175 "Sim2" "ETA" 9 "Srxn1"
"Srxn1_2.11" 0.684487 0.654420875 0.71418215 1.394285 1.35974 1.428571 0.315781 0.2865733 0.344793125 "Sim2" "ETA" 10 "Srxn1"
"Srxn1_2.12" 0.7602065 0.72816685 0.792020425 1.57504 1.5383395 1.6113105 0.3430285 0.311383 0.374397 "Sim2" "ETA" 11 "Srxn1"
"Srxn1_2.13" 0.8398265 0.805709 0.873645025 1.74156 1.7025395 1.780043 0.369539 0.3356384 0.40324905 "Sim2" "ETA" 12 "Srxn1"
"Srxn1_2.14" 0.907407 0.871413075 0.94322605 1.90382 1.8625995 1.944441 0.395369 0.3592455 0.4314 "Sim2" "ETA" 13 "Srxn1"
"Srxn1_2.15" 0.9781575 0.939979925 1.015991 2.0674 2.02425925 2.10987075 0.420519 0.382189875 0.458843 "Sim2" "ETA" 14 "Srxn1"
"Srxn1_2.16" 1.05055 1.01055925 1.09031 2.234385 2.18950975 2.278391 0.44504 0.40459795 0.485430425 "Sim2" "ETA" 15 "Srxn1"
"Srxn1_2.17" 1.114485 1.07251925 1.15580175 2.37781 2.33163975 2.42341275 0.468904 0.4264708 0.5112542 "Sim2" "ETA" 16 "Srxn1"
"Srxn1_2.18" 1.15909 1.11542925 1.20212125 2.49514 2.44783975 2.54212 0.492165 0.4476418 0.536482275 "Sim2" "ETA" 17 "Srxn1"
"Srxn1_2.19" 1.209455 1.16412 1.254143 2.61946 2.5712495 2.667531 0.5148175 0.468385425 0.561034 "Sim2" "ETA" 18 "Srxn1"
"Srxn1_2.20" 1.25441 1.207358 1.300971 2.72337 2.6741695 2.772101 0.53688 0.488646 0.5849052 "Sim2" "ETA" 19 "Srxn1"
"Srxn1_2.21" 1.297485 1.2486495 1.34559075 2.807155 2.75677925 2.856322 0.5586055 0.5088318 0.608362525 "Sim2" "ETA" 20 "Srxn1"
"Srxn1_2.22" 1.343465 1.2928875 1.39328 2.907145 2.8557695 2.95710075 0.5795295 0.527976375 0.63094195 "Sim2" "ETA" 21 "Srxn1"
"Srxn1_2.23" 1.37544 1.32317975 1.42657125 3.002855 2.9507395 3.0534 0.5998895 0.546609775 0.65310435 "Sim2" "ETA" 22 "Srxn1"
"Srxn1_2.24" 1.401665 1.347979 1.454161 3.05864 3.00574 3.11008025 0.6197405 0.56479955 0.674514225 "Sim2" "ETA" 23 "Srxn1"
"Srxn1_2.25" 1.416995 1.36168975 1.47063075 3.08562 3.03193825 3.137812 0.639113 0.582514 0.695319375 "Sim2" "ETA" 24 "Srxn1"
"Srxn1_2.26" 1.438575 1.38183675 1.49388 3.135555 3.081139 3.18825125 0.657933 0.599877 0.715417125 "Sim2" "ETA" 25 "Srxn1"
"Srxn1_2.27" 1.45447 1.396409 1.511131 3.16488 3.1098365 3.21847025 0.6763465 0.6166895 0.735139025 "Sim2" "ETA" 26 "Srxn1"
"Srxn1_2.28" 1.4684 1.4090795 1.526392 3.200445 3.144456 3.25502075 0.694249 0.633059725 0.754433025 "Sim2" "ETA" 27 "Srxn1"
"Srxn1_2.29" 1.47542 1.41476975 1.5344705 3.206115 3.14944 3.26159425 0.7116195 0.6489904 0.773057025 "Sim2" "ETA" 28 "Srxn1"
"Srxn1_2.30" 1.4812 1.41947575 1.54144175 3.22106 3.16295675 3.27763 0.728538 0.664558225 0.791211125 "Sim2" "ETA" 29 "Srxn1"
"Srxn1_2.31" 1.485925 1.42321725 1.54733125 3.22703 3.1675595 3.284741 0.74508 0.67994815 0.80887975 "Sim2" "ETA" 30 "Srxn1"
"Srxn1_2.32" 1.48924 1.4253595 1.5516705 3.228395 3.16709875 3.2872845 0.7611835 0.6948705 0.826246675 "Sim2" "ETA" 31 "Srxn1"
"Srxn1_2.33" 1.492495 1.42740975 1.55588075 3.229815 3.16711925 3.29056125 0.7768075 0.709264325 0.8430294 "Sim2" "ETA" 32 "Srxn1"
"Srxn1_3.1" 0 0 0 0 0 0 0 0 0 "Sim3" "ETA" 0 "Srxn1"
"Srxn1_3.2" 0.03545165 0.0320865025 0.038796 0.03545165 0.0320865025 0.038796 0.03545165 0.0320865025 0.038796 "Sim3" "ETA" 1 "Srxn1"
"Srxn1_3.3" 0.0731046 0.06649336 0.0796394025 0.09387915 0.0870280425 0.10067705 0.06998405 0.0633647375 0.0765561 "Sim3" "ETA" 2 "Srxn1"
"Srxn1_3.4" 0.1193015 0.109483975 0.1290113 0.185354 0.172633175 0.198756225 0.103616 0.09385258 0.113309525 "Sim3" "ETA" 3 "Srxn1"
"Srxn1_3.5" 0.2169505 0.2014878 0.23322695 0.4232795 0.393826875 0.456268775 0.136378 0.12357175 0.149094325 "Sim3" "ETA" 4 "Srxn1"
"Srxn1_3.6" 0.3925025 0.3671901 0.419173225 0.781736 0.73517675 0.829177625 0.205889 0.18981485 0.2217981 "Sim3" "ETA" 5 "Srxn1"
"Srxn1_3.7" 0.5795545 0.5489655 0.609175875 1.153125 1.104279 1.197731 0.25375 0.234553625 0.27277005 "Sim3" "ETA" 6 "Srxn1"
"Srxn1_3.8" 0.75225 0.72228585 0.78075115 1.463035 1.422049 1.4998505 0.3204015 0.298423875 0.3420305 "Sim3" "ETA" 7 "Srxn1"
"Srxn1_3.9" 0.8975265 0.868186725 0.926166325 1.764455 1.72864 1.79884275 0.362209 0.337696425 0.38636815 "Sim3" "ETA" 8 "Srxn1"
"Srxn1_3.10" 1.041655 1.01101975 1.07184 2.03586 1.9998495 2.071341 0.4153045 0.3883709 0.441820925 "Sim3" "ETA" 9 "Srxn1"
"Srxn1_3.11" 1.19684 1.16433975 1.22914175 2.33742 2.29860925 2.37603025 0.4400005 0.4107358 0.468770175 "Sim3" "ETA" 10 "Srxn1"
"Srxn1_3.12" 1.318045 1.2835 1.3521905 2.609 2.56645875 2.65144 0.4640535 0.432443625 0.49498135 "Sim3" "ETA" 11 "Srxn1"
"Srxn1_3.13" 1.46022 1.42376 1.49626175 2.89137 2.844728 2.93794 0.4981235 0.46413685 0.531260125 "Sim3" "ETA" 12 "Srxn1"
"Srxn1_3.14" 1.59917 1.5607195 1.63729175 3.148105 3.09801825 3.19773125 0.5500205 0.5137957 0.585402175 "Sim3" "ETA" 13 "Srxn1"
"Srxn1_3.15" 1.717695 1.677549 1.7576205 3.388975 3.335927 3.44120025 0.579044 0.54064995 0.6165077 "Sim3" "ETA" 14 "Srxn1"
"Srxn1_3.16" 1.83658 1.79483 1.87811 3.602775 3.54725925 3.65730125 0.617387 0.5768528 0.656813125 "Sim3" "ETA" 15 "Srxn1"
"Srxn1_3.17" 1.95068 1.9074 1.9935415 3.84341 3.785669 3.90045175 0.6400115 0.5973606 0.681386175 "Sim3" "ETA" 16 "Srxn1"
"Srxn1_3.18" 2.05382 2.00901975 2.09812 4.04984 3.9902495 4.10838225 0.679834 0.6353155 0.7231315 "Sim3" "ETA" 17 "Srxn1"
"Srxn1_3.19" 2.15118 2.10500975 2.19672025 4.240915 4.18040875 4.300341 0.7030815 0.656695575 0.7482688 "Sim3" "ETA" 18 "Srxn1"
"Srxn1_3.20" 2.232665 2.18541775 2.27919125 4.38427 4.323468 4.44371175 0.7373385 0.6890878 0.784463775 "Sim3" "ETA" 19 "Srxn1"
"Srxn1_3.21" 2.30599 2.25745775 2.35338125 4.522045 4.461189 4.5818145 0.7621915 0.71229535 0.8110205 "Sim3" "ETA" 20 "Srxn1"
"Srxn1_3.22" 2.38215 2.3324695 2.43104025 4.69804 4.63670925 4.7571505 0.784344 0.7328158 0.834790275 "Sim3" "ETA" 21 "Srxn1"
"Srxn1_3.23" 2.43309 2.3822885 2.48319275 4.819135 4.75858675 4.8777325 0.8061535 0.7528615 0.858241 "Sim3" "ETA" 22 "Srxn1"
"Srxn1_3.24" 2.501675 2.44990675 2.5530105 4.969125 4.909069 5.0274705 0.8315125 0.77652135 0.885210325 "Sim3" "ETA" 23 "Srxn1"
"Srxn1_3.25" 2.546695 2.49376 2.5988425 5.086805 5.027588 5.14464 0.8462745 0.7898643 0.901431 "Sim3" "ETA" 24 "Srxn1"
"Srxn1_3.26" 2.56782 2.5137085 2.6211005 5.13813 5.0795595 5.19520275 0.8598025 0.80189645 0.916215825 "Sim3" "ETA" 25 "Srxn1"
"Srxn1_3.27" 2.583745 2.52839 2.63773 5.17106 5.112479 5.22762175 0.872978 0.813641225 0.93059915 "Sim3" "ETA" 26 "Srxn1"
"Srxn1_3.28" 2.609855 2.55325825 2.66529175 5.22131 5.16309825 5.27686375 0.887535 0.827053675 0.946573125 "Sim3" "ETA" 27 "Srxn1"
"Srxn1_3.29" 2.62547 2.5675295 2.6817225 5.24985 5.19161 5.30565 0.9004755 0.838637875 0.960953475 "Sim3" "ETA" 28 "Srxn1"
"Srxn1_3.30" 2.638545 2.579211 2.69581 5.29126 5.23232825 5.34778 0.9125545 0.849202975 0.974505 "Sim3" "ETA" 29 "Srxn1"
"Srxn1_3.31" 2.65093 2.58982975 2.70990075 5.32206 5.261859 5.3789305 0.924585 0.859826775 0.9877716 "Sim3" "ETA" 30 "Srxn1"
"Srxn1_3.32" 2.65244 2.5898285 2.71276075 5.3316 5.27057 5.39023025 0.9369825 0.8709289 1.00126175 "Sim3" "ETA" 31 "Srxn1"
"Srxn1_3.33" 2.64698 2.583398 2.7085305 5.323615 5.2621595 5.38324025 0.948158 0.880984875 1.0135905 "Sim3" "ETA" 32 "Srxn1"
"Srxn1_4.1" 0 0 0 0 0 0 0 0 0 "Sim4" "ETA" 0 "Srxn1"
"Srxn1_4.2" 0.03545165 0.0320865025 0.038796 0.03545165 0.0320865025 0.038796 0.03545165 0.0320865025 0.038796 "Sim4" "ETA" 1 "Srxn1"
"Srxn1_4.3" 0.0723169 0.06568748 0.078841915 0.0857652 0.079048005 0.0923783175 0.06998405 0.0633647375 0.0765561 "Sim4" "ETA" 2 "Srxn1"
"Srxn1_4.4" 0.1341965 0.12405095 0.1443867 0.212596 0.198181725 0.228312 0.108589 0.09887067 0.118346075 "Sim4" "ETA" 3 "Srxn1"
"Srxn1_4.5" 0.3538315 0.32961305 0.38025315 0.6012225 0.560982975 0.644636125 0.225935 0.210090725 0.24270205 "Sim4" "ETA" 4 "Srxn1"
"Srxn1_4.6" 0.705828 0.66490425 0.746694425 1.168605 1.10896975 1.22695 0.418561 0.391914325 0.4461306 "Sim4" "ETA" 5 "Srxn1"
"Srxn1_4.7" 1.030335 0.986325075 1.07015 1.64673 1.58796 1.69848275 0.6216245 0.58997355 0.65195155 "Sim4" "ETA" 6 "Srxn1"
"Srxn1_4.8" 1.324565 1.28703975 1.3582 2.09315 2.04769975 2.13317175 0.7932115 0.762176775 0.82232855 "Sim4" "ETA" 7 "Srxn1"
"Srxn1_4.9" 1.58452 1.55072975 1.616261 2.50316 2.465539 2.54054025 0.9260515 0.895548975 0.955399875 "Sim4" "ETA" 8 "Srxn1"
"Srxn1_4.10" 1.850115 1.8162895 1.883452 2.88953 2.85033 2.92952075 1.102175 1.070998 1.13303 "Sim4" "ETA" 9 "Srxn1"
"Srxn1_4.11" 2.067715 2.03160975 2.10364 3.214165 3.17050725 3.25795275 1.21013 1.17722925 1.24279 "Sim4" "ETA" 10 "Srxn1"
"Srxn1_4.12" 2.309775 2.27029975 2.3487515 3.56894 3.520026 3.6177605 1.336855 1.30198825 1.37129 "Sim4" "ETA" 11 "Srxn1"
"Srxn1_4.13" 2.5682 2.52501 2.61077025 3.938525 3.884117 3.993322 1.46831 1.43154 1.5045005 "Sim4" "ETA" 12 "Srxn1"
"Srxn1_4.14" 2.837745 2.79082875 2.883781 4.355245 4.29478825 4.4157605 1.627125 1.58827975 1.66540025 "Sim4" "ETA" 13 "Srxn1"
"Srxn1_4.15" 3.08779 3.037678 3.13668 4.6984 4.6331 4.76343175 1.78047 1.739649 1.8207225 "Sim4" "ETA" 14 "Srxn1"
"Srxn1_4.16" 3.308265 3.255868 3.35914125 5.0135 4.944039 5.0823105 1.88161 1.83916975 1.92339075 "Sim4" "ETA" 15 "Srxn1"
"Srxn1_4.17" 3.55542 3.50091 3.60850275 5.374575 5.3011185 5.44733025 2.00211 1.9583185 2.0452315 "Sim4" "ETA" 16 "Srxn1"
"Srxn1_4.18" 3.76693 3.71077675 3.8215425 5.689115 5.61256875 5.7648235 2.12037 2.075148 2.1648835 "Sim4" "ETA" 17 "Srxn1"
"Srxn1_4.19" 3.96763 3.9101595 4.0238505 5.97727 5.89859975 6.05490175 2.221415 2.1746285 2.26723 "Sim4" "ETA" 18 "Srxn1"
"Srxn1_4.20" 4.15559 4.09707 4.21226075 6.248545 6.16848 6.3276925 2.30223 2.2545375 2.34912125 "Sim4" "ETA" 19 "Srxn1"
"Srxn1_4.21" 4.335615 4.276968 4.39262075 6.53567 6.45456575 6.6159205 2.37781 2.32907975 2.42556025 "Sim4" "ETA" 20 "Srxn1"
"Srxn1_4.22" 4.50349 4.44468 4.56060175 6.7795 6.69797975 6.8598905 2.46657 2.41656875 2.5155105 "Sim4" "ETA" 21 "Srxn1"
"Srxn1_4.23" 4.66183 4.603398 4.71902225 7.00274 6.921475 7.0826935 2.54561 2.494529 2.59595075 "Sim4" "ETA" 22 "Srxn1"
"Srxn1_4.24" 4.7896 4.73134775 4.84659 7.22388 7.143309 7.30336175 2.59242 2.54035775 2.64385175 "Sim4" "ETA" 23 "Srxn1"
"Srxn1_4.25" 4.91109 4.85280375 4.96771 7.4118 7.33269475 7.4896915 2.651405 2.5982195 2.70389075 "Sim4" "ETA" 24 "Srxn1"
"Srxn1_4.26" 5.04187 4.98364925 5.09846025 7.63299 7.555038 7.7091145 2.709665 2.65508975 2.76355875 "Sim4" "ETA" 25 "Srxn1"
"Srxn1_4.27" 5.13526 5.07681925 5.191573 7.792845 7.7163595 7.8661515 2.75283 2.6969585 2.80761025 "Sim4" "ETA" 26 "Srxn1"
"Srxn1_4.28" 5.22129 5.16306 5.278022 7.92688 7.8521095 7.99834 2.796785 2.738829 2.8532505 "Sim4" "ETA" 27 "Srxn1"
"Srxn1_4.29" 5.283765 5.224817 5.3413705 8.024425 7.95128925 8.09407125 2.835965 2.77655975 2.8944105 "Sim4" "ETA" 28 "Srxn1"
"Srxn1_4.30" 5.32996 5.26910925 5.38798025 8.10426 8.032636 8.1725905 2.86613 2.80465975 2.9259935 "Sim4" "ETA" 29 "Srxn1"
"Srxn1_4.31" 5.350985 5.28944875 5.41027075 8.149615 8.07891375 8.21767025 2.89016 2.826897 2.95209 "Sim4" "ETA" 30 "Srxn1"
"Srxn1_4.32" 5.35522 5.292599 5.41605025 8.18193 8.11065 8.24970025 2.89043 2.825758 2.9531925 "Sim4" "ETA" 31 "Srxn1"
"Srxn1_4.33" 5.361005 5.29599975 5.42312025 8.21395 8.1421855 8.28302025 2.901725 2.83529975 2.966312 "Sim4" "ETA" 32 "Srxn1"
"Srxn1_5.1" 0 0 0 0 0 0 0 0 0 "Sim5" "ETA" 0 "Srxn1"
"Srxn1_5.2" 0.03545165 0.0320865025 0.038796 0.03545165 0.0320865025 0.038796 0.03545165 0.0320865025 0.038796 "Sim5" "ETA" 1 "Srxn1"
"Srxn1_5.3" 0.0723169 0.06568748 0.078841915 0.08540115 0.0786813 0.09201474 0.06998405 0.0633647375 0.0765561 "Sim5" "ETA" 2 "Srxn1"
"Srxn1_5.4" 0.214002 0.199703 0.22980605 0.338964 0.316402 0.365044325 0.1364235 0.126224975 0.1467793 "Sim5" "ETA" 3 "Srxn1"
"Srxn1_5.5" 0.767167 0.719929375 0.816736575 1.12456 1.06073975 1.19209025 0.496152 0.4641288 0.53054305 "Sim5" "ETA" 4 "Srxn1"
"Srxn1_5.6" 1.469645 1.4023795 1.53329025 2.070725 1.98649975 2.1494215 1.002835 0.951674675 1.05209125 "Sim5" "ETA" 5 "Srxn1"
"Srxn1_5.7" 2.15524 2.0944 2.20696225 2.941755 2.869958 3.00256025 1.52877 1.47932875 1.57105075 "Sim5" "ETA" 6 "Srxn1"
"Srxn1_5.8" 2.764385 2.72205875 2.80407125 3.7076 3.659128 3.755262 1.98412 1.94714 2.01803025 "Sim5" "ETA" 7 "Srxn1"
"Srxn1_5.9" 3.3001 3.25975875 3.340781 4.34204 4.29116 4.39199075 2.4 2.3666795 2.43372025 "Sim5" "ETA" 8 "Srxn1"
"Srxn1_5.10" 3.79969 3.752466 3.8455505 4.927205 4.867299 4.98465 2.78733 2.75022975 2.8248405 "Sim5" "ETA" 9 "Srxn1"
"Srxn1_5.11" 4.246845 4.19309 4.29821025 5.47084 5.40313875 5.53619075 3.09206 3.050739 3.132771 "Sim5" "ETA" 10 "Srxn1"
"Srxn1_5.12" 4.73631 4.67519975 4.794801 6.070675 5.99404875 6.1454615 3.45112 3.40426 3.497051 "Sim5" "ETA" 11 "Srxn1"
"Srxn1_5.13" 5.27415 5.20519 5.34136225 6.7102 6.62327875 6.79474125 3.81525 3.76319 3.866254 "Sim5" "ETA" 12 "Srxn1"
"Srxn1_5.14" 5.79906 5.72221725 5.8744715 7.3429 7.246459 7.4375515 4.161655 4.10491775 4.217401 "Sim5" "ETA" 13 "Srxn1"
"Srxn1_5.15" 6.319485 6.234969 6.40240175 7.95305 7.8469485 8.05741075 4.495125 4.4338185 4.55499075 "Sim5" "ETA" 14 "Srxn1"
"Srxn1_5.16" 6.83358 6.74274925 6.92326175 8.55058 8.436959 8.6628135 4.809645 4.744808 4.87336025 "Sim5" "ETA" 15 "Srxn1"
"Srxn1_5.17" 7.327465 7.2305155 7.42302125 9.1637 9.04180975 9.2849715 5.10769 5.04013825 5.17451175 "Sim5" "ETA" 16 "Srxn1"
"Srxn1_5.18" 7.7933 7.69101175 7.89431575 9.73931 9.61032475 9.869763 5.393515 5.32328 5.46313075 "Sim5" "ETA" 17 "Srxn1"
"Srxn1_5.19" 8.280295 8.17287925 8.38659225 10.3369 10.2003 10.4746025 5.68578 5.613339 5.75763575 "Sim5" "ETA" 18 "Srxn1"
"Srxn1_5.20" 8.721485 8.6106475 8.8315635 10.8786 10.737295 11.0225025 5.990265 5.9158185 6.0640005 "Sim5" "ETA" 19 "Srxn1"
"Srxn1_5.21" 9.14274 9.02875975 9.2557015 11.4267 11.2813 11.5764 6.2207 6.1455595 6.2950905 "Sim5" "ETA" 20 "Srxn1"
"Srxn1_5.22" 9.529285 9.41423 9.6451495 11.9247 11.7763975 12.076805 6.450715 6.3749885 6.52493 "Sim5" "ETA" 21 "Srxn1"
"Srxn1_5.23" 9.870605 9.754829 9.987621 12.3676 12.2166975 12.5231025 6.624685 6.54908875 6.698661 "Sim5" "ETA" 22 "Srxn1"
"Srxn1_5.24" 10.1775 10.0622 10.2941 12.8001 12.6488 12.9563025 6.74865 6.67427 6.8212035 "Sim5" "ETA" 23 "Srxn1"
"Srxn1_5.25" 10.4647 10.350795 10.5800025 13.2147 13.0625975 13.370705 6.882875 6.81000875 6.9543855 "Sim5" "ETA" 24 "Srxn1"
"Srxn1_5.26" 10.7293 10.6171925 10.8424025 13.5755 13.4246975 13.72971 6.983565 6.9124285 7.0530305 "Sim5" "ETA" 25 "Srxn1"
"Srxn1_5.27" 10.9967 10.8866 11.106405 13.9398 13.7919975 14.091805 7.09957 7.030216 7.166723 "Sim5" "ETA" 26 "Srxn1"
"Srxn1_5.28" 11.2236 11.1166925 11.3300025 14.2644 14.1193925 14.4136025 7.175635 7.10766925 7.2414105 "Sim5" "ETA" 27 "Srxn1"
"Srxn1_5.29" 11.3993 11.294595 11.5028 14.4845 14.341595 14.6294025 7.24813 7.181 7.31207175 "Sim5" "ETA" 28 "Srxn1"
"Srxn1_5.30" 11.5457 11.4444 11.6454 14.684 14.5454 14.8234 7.282965 7.21707725 7.346 "Sim5" "ETA" 29 "Srxn1"
"Srxn1_5.31" 11.6648 11.5670975 11.7607025 14.8684 14.735 15.0030025 7.31359 7.24863675 7.37646575 "Sim5" "ETA" 30 "Srxn1"
"Srxn1_5.32" 11.7395 11.643995 11.8327025 14.9795 14.8510925 15.1103075 7.33237 7.26689975 7.395211 "Sim5" "ETA" 31 "Srxn1"
"Srxn1_5.33" 11.7868 11.6926975 11.8783025 15.0686 14.943195 15.1942 7.3402 7.2741885 7.404252 "Sim5" "ETA" 32 "Srxn1"
"Srxn1_6.1" 0 0 0 0 0 0 0 0 0 "Sim6" "ETA" 0 "Srxn1"
"Srxn1_6.2" 0.03545165 0.0320865025 0.038796 0.03545165 0.0320865025 0.038796 0.03545165 0.0320865025 0.038796 "Sim6" "ETA" 1 "Srxn1"
"Srxn1_6.3" 0.07812015 0.0715574925 0.084699975 0.1045465 0.097461745 0.111668025 0.06998405 0.0633647375 0.0765561 "Sim6" "ETA" 2 "Srxn1"
"Srxn1_6.4" 0.4730215 0.441945 0.50796415 0.6944765 0.650996625 0.743219675 0.277478 0.259147975 0.298574175 "Sim6" "ETA" 3 "Srxn1"
"Srxn1_6.5" 1.3838 1.30807 1.46319025 1.842525 1.74977825 1.939211 0.9759865 0.919180925 1.0357425 "Sim6" "ETA" 4 "Srxn1"
"Srxn1_6.6" 2.465525 2.37029725 2.55489425 3.15929 3.048489 3.26363075 1.89418 1.81685 1.96598075 "Sim6" "ETA" 5 "Srxn1"
"Srxn1_6.7" 3.50985 3.432056 3.576571 4.44937 4.3615075 4.52415025 2.74122 2.67508925 2.7971805 "Sim6" "ETA" 6 "Srxn1"
"Srxn1_6.8" 4.43352 4.38073825 4.48636 5.530795 5.467949 5.593661 3.50494 3.46027975 3.54931075 "Sim6" "ETA" 7 "Srxn1"
"Srxn1_6.9" 5.236485 5.17352725 5.29683125 6.452525 6.3731685 6.52683 4.151655 4.10159975 4.200511 "Sim6" "ETA" 8 "Srxn1"
"Srxn1_6.10" 6.003625 5.92638675 6.07543225 7.31595 7.21982825 7.40481475 4.77797 4.7172395 4.8355705 "Sim6" "ETA" 9 "Srxn1"
"Srxn1_6.11" 6.71601 6.628862 6.798191 8.15814 8.0508445 8.2593915 5.267645 5.2005565 5.330731 "Sim6" "ETA" 10 "Srxn1"
"Srxn1_6.12" 7.482645 7.38588625 7.577542 9.036165 8.91775975 9.1513825 5.831615 5.75692925 5.90365 "Sim6" "ETA" 11 "Srxn1"
"Srxn1_6.13" 8.277195 8.1677815 8.383373 9.94667 9.81490875 10.0763 6.41343 6.3300095 6.494283 "Sim6" "ETA" 12 "Srxn1"
"Srxn1_6.14" 9.067435 8.944919 9.18725075 10.8749 10.72878 11.0187025 6.98247 6.8906095 7.0721305 "Sim6" "ETA" 13 "Srxn1"
"Srxn1_6.15" 9.84197 9.707749 9.97421825 11.7886 11.62729 11.948405 7.493765 7.39488925 7.5913765 "Sim6" "ETA" 14 "Srxn1"
"Srxn1_6.16" 10.5918 10.4475975 10.7360075 12.65905 12.4851975 12.8335 8.00756 7.90181825 8.11335175 "Sim6" "ETA" 15 "Srxn1"
"Srxn1_6.17" 11.3071 11.153395 11.46281 13.4915 13.3062 13.6800225 8.470995 8.35950825 8.582661 "Sim6" "ETA" 16 "Srxn1"
"Srxn1_6.18" 11.9885 11.8260875 12.1545025 14.30305 14.1069 14.50431 8.917995 8.80154875 9.0357835 "Sim6" "ETA" 17 "Srxn1"
"Srxn1_6.19" 12.6579 12.4865 12.833005 15.11665 14.9091975 15.3298 9.31672 9.19652725 9.43893425 "Sim6" "ETA" 18 "Srxn1"
"Srxn1_6.20" 13.3214 13.144 13.5044 15.8878 15.672695 16.111605 9.755725 9.63161475 9.88176375 "Sim6" "ETA" 19 "Srxn1"
"Srxn1_6.21" 13.9334 13.7506925 14.1232075 16.61535 16.3923825 16.8478025 10.125 9.9984755 10.2535025 "Sim6" "ETA" 20 "Srxn1"
"Srxn1_6.22" 14.5377 14.3497975 14.7323025 17.3362 17.1059925 17.57751 10.5264 10.3978 10.6569 "Sim6" "ETA" 21 "Srxn1"
"Srxn1_6.23" 15.0838 14.89208 15.2824075 18.0059 17.769495 18.2543 10.8629 10.7335925 10.9941 "Sim6" "ETA" 22 "Srxn1"
"Srxn1_6.24" 15.6152 15.4208975 15.8170025 18.6265 18.3863 18.87821 11.19515 11.0657975 11.3277025 "Sim6" "ETA" 23 "Srxn1"
"Srxn1_6.25" 16.0746 15.8802975 16.2785125 19.18725 18.9456975 19.441605 11.4708 11.3429975 11.6029 "Sim6" "ETA" 24 "Srxn1"
"Srxn1_6.26" 16.52715 16.3334975 16.7323025 19.77875 19.536 20.0363 11.6973 11.5716975 11.825605 "Sim6" "ETA" 25 "Srxn1"
"Srxn1_6.27" 16.92625 16.7347975 17.13 20.2685 20.0273925 20.526 11.9208 11.7974 12.0466025 "Sim6" "ETA" 26 "Srxn1"
"Srxn1_6.28" 17.2893 17.0998975 17.488605 20.7389 20.4984 20.9940175 12.0922 11.9718925 12.2146075 "Sim6" "ETA" 27 "Srxn1"
"Srxn1_6.29" 17.58015 17.3947875 17.7745025 21.1028 20.8643875 21.3566025 12.2414 12.1249 12.3604 "Sim6" "ETA" 28 "Srxn1"
"Srxn1_6.30" 17.8301 17.647795 18.0182025 21.4183 21.18349 21.6661125 12.3687 12.2563 12.4829025 "Sim6" "ETA" 29 "Srxn1"
"Srxn1_6.31" 18.0501 17.8739 18.233705 21.7311 21.50426 21.972 12.4619 12.3525 12.5726 "Sim6" "ETA" 30 "Srxn1"
"Srxn1_6.32" 18.2429 18.0719 18.4191 22.0017 21.78009 22.236405 12.5322 12.4254975 12.6389 "Sim6" "ETA" 31 "Srxn1"
"Srxn1_6.33" 18.3671 18.2002975 18.53731 22.1539 21.9363975 22.3788025 12.57365 12.4692 12.6766 "Sim6" "ETA" 32 "Srxn1"
