Simulation {
NRF2_spline= NDoses(49, 0, 0, 0.049, 0.271, 0.309, 0.312, 0.241, 0.286, 0.249, 0.234, 0.276, 0.282, 0.275, 0.283, 0.271, 0.271, 0.244, 0.255, 0.292, 0.285, 0.288, 0.308, 0.286, 0.303, 0.298, 0.354, 0.171, 0.083, 0.075, 0.078, 0.06, 0.085, 0.092, 0.068, 0.076, 0.078, 0.084, 0.068, 0.087, 0.075, 0.117, 0.117, 0.095, 0.094, 0.074, 0.077, 0.084, 0.087, 0.057, 0, 1, 2, 3, 4, 5, 6, 7, 8, 9, 10, 11, 12, 13, 14, 15, 16, 17, 18, 19, 20, 21, 22, 23, 24, 25, 26, 27, 28, 29, 30, 31, 32, 33, 34, 35, 36, 37, 38, 39, 40, 41, 42, 
43, 44, 45, 46, 47, 48);
Print (Srxn1, 0, 1, 2, 3, 4, 5, 6, 7, 8, 9, 10, 11, 12, 13, 14, 15, 16, 17, 18, 19, 20, 21, 22, 23, 24, 25, 26, 27, 28, 29,
         30, 31, 32, 33, 34, 35, 36, 37, 38, 39, 40, 41, 42, 43, 44, 45, 46, 47, 48);
}
Simulation {
NRF2_spline= NDoses(49, 0, 0, 0.219, 0.497, 0.552, 0.587, 0.53, 0.497, 0.505, 0.495, 0.417, 0.431, 0.442, 0.421, 0.432, 0.417, 0.382, 0.386, 0.374, 0.397, 0.384, 0.365, 0.34, 0.36, 0.345, 0.357, 0.235, 0.141, 0.136, 0.147, 0.111, 0.103, 0.089, 0.107, 0.066, 0.084, 0.049, 0.073, 0.087, 0.098, 0.069, 0.065, 0.087, 0.063, 0.073, 0.078, 0.077, 0.094, 0.054, 0, 1, 2, 3, 4, 5, 6, 7, 8, 9, 10, 11, 12, 13, 14, 15, 16, 17, 18, 19, 20, 21, 22, 23, 24, 25, 26, 27, 28, 29, 30, 31, 32, 33, 34, 35, 36, 37, 38, 39, 40, 41, 42, 43, 
44, 45, 46, 47, 48);
Print (Srxn1, 0, 1, 2, 3, 4, 5, 6, 7, 8, 9, 10, 11, 12, 13, 14, 15, 16, 17, 18, 19, 20, 21, 22, 23, 24, 25, 26, 27, 28, 29,
         30, 31, 32, 33, 34, 35, 36, 37, 38, 39, 40, 41, 42, 43, 44, 45, 46, 47, 48);
}
Simulation {
NRF2_spline= NDoses(49, 0, 0.031, 0.548, 0.97, 1.052, 0.982, 0.935, 1.03, 0.98, 0.906, 0.887, 0.884, 0.84, 0.81, 0.768, 0.741, 0.76, 0.744, 0.754, 0.803, 0.775, 0.745, 0.717, 0.684, 0.701, 0.577, 0.384, 0.314, 0.331, 0.331, 0.27, 0.283, 0.285, 0.281, 0.273, 0.295, 0.308, 0.276, 0.303, 0.294, 0.288, 0.282, 0.285, 0.288, 0.295, 0.294, 0.287, 0.265, 0.302, 0, 1, 2, 3, 4, 5, 6, 7, 8, 9, 10, 11, 12, 13, 14, 15, 16, 17, 18, 19, 20, 21, 22, 23, 24, 25, 26, 27, 28, 29, 30, 31, 32, 33, 34, 35, 36, 37, 38, 39, 40, 41, 42, 43, 
44, 45, 46, 47, 48);
Print (Srxn1, 0, 1, 2, 3, 4, 5, 6, 7, 8, 9, 10, 11, 12, 13, 14, 15, 16, 17, 18, 19, 20, 21, 22, 23, 24, 25, 26, 27, 28, 29,
         30, 31, 32, 33, 34, 35, 36, 37, 38, 39, 40, 41, 42, 43, 44, 45, 46, 47, 48);
}
Simulation {
NRF2_spline= NDoses(49, 0, 0, 0.701, 1.091, 1.179, 1.256, 1.243, 1.283, 1.284, 1.214, 1.134, 1.1, 1.075, 1.051, 1.025, 1.004, 0.991, 0.988, 1.002, 1.037, 1.018, 0.988, 0.975, 0.996, 0.959, 0.741, 0.426, 0.406, 0.458, 0.454, 0.402, 0.394, 0.427, 0.395, 0.404, 0.398, 0.394, 0.392, 0.383, 0.37, 0.38, 0.377, 0.36, 0.375, 0.362, 0.35, 0.35, 0.353, 0.353, 0, 1, 2, 3, 4, 5, 6, 7, 8, 9, 10, 11, 12, 13, 14, 15, 16, 17, 18, 19, 20, 21, 22, 23, 24, 25, 26, 27, 28, 29, 30, 31, 32, 33, 34, 35, 36, 37, 38, 39, 40, 41, 42, 43, 44, 
45, 46, 47, 48);
Print (Srxn1, 0, 1, 2, 3, 4, 5, 6, 7, 8, 9, 10, 11, 12, 13, 14, 15, 16, 17, 18, 19, 20, 21, 22, 23, 24, 25, 26, 27, 28, 29,
         30, 31, 32, 33, 34, 35, 36, 37, 38, 39, 40, 41, 42, 43, 44, 45, 46, 47, 48);
}
Simulation {
NRF2_spline= NDoses(49, 0, 0.009, 0.834, 1.034, 1.223, 1.24, 1.159, 1.211, 1.22, 1.179, 1.098, 1.035, 1.067, 1.058, 1.025, 0.999, 0.996, 0.958, 1.01, 1.02, 1.051, 1.094, 1.055, 0.999, 1.023, 1.027, 0.601, 0.532, 0.625, 0.653, 0.635, 0.634, 0.622, 0.623, 0.585, 0.573, 0.546, 0.557, 0.578, 0.575, 0.547, 0.546, 0.547, 0.557, 0.525, 0.529, 0.498, 0.49, 0.488, 0, 1, 2, 3, 4, 5, 6, 7, 8, 9, 10, 11, 12, 13, 14, 15, 16, 17, 18, 19, 20, 21, 22, 23, 24, 25, 26, 27, 28, 29, 30, 31, 32, 33, 34, 35, 36, 37, 38, 39, 40, 41, 42, 
43, 44, 45, 46, 47, 48);
Print (Srxn1, 0, 1, 2, 3, 4, 5, 6, 7, 8, 9, 10, 11, 12, 13, 14, 15, 16, 17, 18, 19, 20, 21, 22, 23, 24, 25, 26, 27, 28, 29,
         30, 31, 32, 33, 34, 35, 36, 37, 38, 39, 40, 41, 42, 43, 44, 45, 46, 47, 48);
}
Simulation {
NRF2_spline= NDoses(49, 0, 0.153, 0.983, 1.134, 1.243, 1.398, 1.517, 1.502, 1.444, 1.447, 1.344, 1.389, 1.227, 1.245, 1.193, 1.168, 1.153, 1.164, 1.145, 1.157, 1.166, 1.141, 1.173, 1.172, 1.199, 0.913, 0.665, 0.63, 0.698, 0.744, 0.683, 0.738, 0.75, 0.748, 0.711, 0.727, 0.773, 0.748, 0.749, 0.734, 0.739, 0.767, 0.748, 0.731, 0.723, 0.726, 0.695, 0.694, 0.685, 0, 1, 2, 3, 4, 5, 6, 7, 8, 9, 10, 11, 12, 13, 14, 15, 16, 17, 18, 19, 20, 21, 22, 23, 24, 25, 26, 27, 28, 29, 30, 31, 32, 33, 34, 35, 36, 37, 38, 39, 40, 41, 
42, 43, 44, 45, 46, 47, 48);
Print (Srxn1, 0, 1, 2, 3, 4, 5, 6, 7, 8, 9, 10, 11, 12, 13, 14, 15, 16, 17, 18, 19, 20, 21, 22, 23, 24, 25, 26, 27, 28, 29,
         30, 31, 32, 33, 34, 35, 36, 37, 38, 39, 40, 41, 42, 43, 44, 45, 46, 47, 48);
}
Simulation {
NRF2_spline= NDoses(49, 0, 0, 0, 0, 0, 0, 0, 0, 0, 0, 0, 0, 0, 0, 0, 0, 0, 0, 0, 0, 0, 0, 0, 0, 0, 0, 0, 0, 0.095, 0.05, 0.058, 0.053, 0.05, 0.04, 0.025, 0.034, 0.034, 0.049, 0.029, 0.057, 0.102, 0.058, 0.043, 0.016, 0.069, 0.028, 0.016, 0.02, 0.001, 0, 1, 2, 3, 4, 5, 6, 7, 8, 9, 10, 11, 12, 13, 14, 15, 16, 17, 18, 19, 20, 21, 22, 23, 24, 25, 26, 27, 28, 29, 30, 31, 32, 33, 34, 35, 36, 37, 38, 39, 40, 41, 42, 43, 44, 45, 46, 47, 48);
Print (Srxn1, 0, 1, 2, 3, 4, 5, 6, 7, 8, 9, 10, 11, 12, 13, 14, 15, 16, 17, 18, 19, 20, 21, 22, 23, 24, 25, 26, 27, 28, 29,
         30, 31, 32, 33, 34, 35, 36, 37, 38, 39, 40, 41, 42, 43, 44, 45, 46, 47, 48);
}
Simulation {
NRF2_spline= NDoses(49, 0, 0, 0, 0.243, 0.25, 0.218, 0.164, 0.171, 0.165, 0.155, 0.171, 0.178, 0.149, 0.179, 0.192, 0.179, 0.163, 0.164, 0.149, 0.178, 0.15, 0.161, 0.156, 0.162, 0.159, 0.129, 0.018, 0.06, 0.101, 0.167, 0.151, 0.15, 0.142, 0.1, 0.125, 0.101, 0.088, 0.079, 0.085, 0.066, 0.071, 0.067, 0.085, 0.058, 0.073, 0.051, 0.064, 0.061, 0.043, 0, 1, 2, 3, 4, 5, 6, 7, 8, 9, 10, 11, 12, 13, 14, 15, 16, 17, 18, 19, 20, 21, 22, 23, 24, 25, 26, 27, 28, 29, 30, 31, 32, 33, 34, 35, 36, 37, 38, 39, 40, 41, 42, 43, 44, 
45, 46, 47, 48);
Print (Srxn1, 0, 1, 2, 3, 4, 5, 6, 7, 8, 9, 10, 11, 12, 13, 14, 15, 16, 17, 18, 19, 20, 21, 22, 23, 24, 25, 26, 27, 28, 29,
         30, 31, 32, 33, 34, 35, 36, 37, 38, 39, 40, 41, 42, 43, 44, 45, 46, 47, 48);
}
Simulation {
NRF2_spline= NDoses(49, 0, 0, 0.053, 0.227, 0.258, 0.302, 0.294, 0.3, 0.307, 0.256, 0.268, 0.267, 0.196, 0.2, 0.285, 0.257, 0.236, 0.28, 0.278, 0.299, 0.288, 0.298, 0.295, 0.273, 0.286, 0.356, 0.208, 0.261, 0.313, 0.319, 0.308, 0.309, 0.342, 0.276, 0.281, 0.267, 0.284, 0.265, 0.294, 0.267, 0.264, 0.248, 0.249, 0.274, 0.255, 0.293, 0.301, 0.249, 0.223, 0, 1, 2, 3, 4, 5, 6, 7, 8, 9, 10, 11, 12, 13, 14, 15, 16, 17, 18, 19, 20, 21, 22, 23, 24, 25, 26, 27, 28, 29, 30, 31, 32, 33, 34, 35, 36, 37, 38, 39, 40, 41, 42, 43, 
44, 45, 46, 47, 48);
Print (Srxn1, 0, 1, 2, 3, 4, 5, 6, 7, 8, 9, 10, 11, 12, 13, 14, 15, 16, 17, 18, 19, 20, 21, 22, 23, 24, 25, 26, 27, 28, 29,
         30, 31, 32, 33, 34, 35, 36, 37, 38, 39, 40, 41, 42, 43, 44, 45, 46, 47, 48);
}
Simulation {
NRF2_spline= NDoses(49, 0, 0, 0.286, 0.524, 0.567, 0.614, 0.61, 0.622, 0.647, 0.527, 0.549, 0.561, 0.524, 0.533, 0.528, 0.548, 0.518, 0.545, 0.535, 0.512, 0.499, 0.528, 0.497, 0.528, 0.492, 0.533, 0.262, 0.28, 0.374, 0.396, 0.354, 0.359, 0.366, 0.293, 0.331, 0.32, 0.274, 0.24, 0.251, 0.262, 0.259, 0.262, 0.24, 0.215, 0.178, 0.303, 0.328, 0.284, 0.296, 0, 1, 2, 3, 4, 5, 6, 7, 8, 9, 10, 11, 12, 13, 14, 15, 16, 17, 18, 19, 20, 21, 22, 23, 24, 25, 26, 27, 28, 29, 30, 31, 32, 33, 34, 35, 36, 37, 38, 39, 40, 41, 42, 43, 
44, 45, 46, 47, 48);
Print (Srxn1, 0, 1, 2, 3, 4, 5, 6, 7, 8, 9, 10, 11, 12, 13, 14, 15, 16, 17, 18, 19, 20, 21, 22, 23, 24, 25, 26, 27, 28, 29,
         30, 31, 32, 33, 34, 35, 36, 37, 38, 39, 40, 41, 42, 43, 44, 45, 46, 47, 48);
}
Simulation {
NRF2_spline= NDoses(49, 0, 0, 0.273, 0.575, 0.684, 0.663, 0.666, 0.729, 0.723, 0.687, 0.686, 0.7, 0.641, 0.65, 0.603, 0.641, 0.636, 0.616, 0.592, 0.585, 0.603, 0.591, 0.649, 0.669, 0.713, 0.819, 0.34, 0.296, 0.312, 0.337, 0.293, 0.298, 0.293, 0.249, 0.265, 0.28, 0.247, 0.259, 0.245, 0.272, 0.287, 0.267, 0.287, 0.276, 0.263, 0.255, 0.277, 0.257, 0.273, 0, 1, 2, 3, 4, 5, 6, 7, 8, 9, 10, 11, 12, 13, 14, 15, 16, 17, 18, 19, 20, 21, 22, 23, 24, 25, 26, 27, 28, 29, 30, 31, 32, 33, 34, 35, 36, 37, 38, 39, 40, 41, 42, 43, 
44, 45, 46, 47, 48);
Print (Srxn1, 0, 1, 2, 3, 4, 5, 6, 7, 8, 9, 10, 11, 12, 13, 14, 15, 16, 17, 18, 19, 20, 21, 22, 23, 24, 25, 26, 27, 28, 29,
         30, 31, 32, 33, 34, 35, 36, 37, 38, 39, 40, 41, 42, 43, 44, 45, 46, 47, 48);
}
Simulation {
NRF2_spline= NDoses(49, 0, 0, 0.293, 0.491, 0.598, 0.651, 0.639, 0.728, 0.68, 0.609, 0.644, 0.615, 0.554, 0.606, 0.567, 0.568, 0.608, 0.615, 0.646, 0.628, 0.671, 0.646, 0.672, 0.676, 0.688, 0.968, 0.448, 0.223, 0.356, 0.422, 0.397, 0.386, 0.447, 0.432, 0.446, 0.432, 0.409, 0.424, 0.43, 0.433, 0.423, 0.403, 0.402, 0.4, 0.373, 0.384, 0.414, 0.372, 0.354, 0, 1, 2, 3, 4, 5, 6, 7, 8, 9, 10, 11, 12, 13, 14, 15, 16, 17, 18, 19, 20, 21, 22, 23, 24, 25, 26, 27, 28, 29, 30, 31, 32, 33, 34, 35, 36, 37, 38, 39, 40, 41, 42, 43, 
44, 45, 46, 47, 48);
Print (Srxn1, 0, 1, 2, 3, 4, 5, 6, 7, 8, 9, 10, 11, 12, 13, 14, 15, 16, 17, 18, 19, 20, 21, 22, 23, 24, 25, 26, 27, 28, 29,
         30, 31, 32, 33, 34, 35, 36, 37, 38, 39, 40, 41, 42, 43, 44, 45, 46, 47, 48);
}
Simulation {
NRF2_spline= NDoses(49, 0, 0, 0.336, 0.614, 0.697, 0.817, 0.798, 0.837, 0.872, 0.89, 0.886, 0.857, 0.846, 0.818, 0.796, 0.792, 0.79, 0.78, 0.746, 0.791, 0.776, 0.817, 0.833, 0.842, 0.881, 0.996, 0.591, 0.396, 0.493, 0.551, 0.538, 0.518, 0.515, 0.502, 0.542, 0.536, 0.476, 0.514, 0.5, 0.525, 0.558, 0.552, 0.519, 0.522, 0.543, 0.501, 0.517, 0.516, 0.479, 0, 1, 2, 3, 4, 5, 6, 7, 8, 9, 10, 11, 12, 13, 14, 15, 16, 17, 18, 19, 20, 21, 22, 23, 24, 25, 26, 27, 28, 29, 30, 31, 32, 33, 34, 35, 36, 37, 38, 39, 40, 41, 42, 43, 
44, 45, 46, 47, 48);
Print (Srxn1, 0, 1, 2, 3, 4, 5, 6, 7, 8, 9, 10, 11, 12, 13, 14, 15, 16, 17, 18, 19, 20, 21, 22, 23, 24, 25, 26, 27, 28, 29,
         30, 31, 32, 33, 34, 35, 36, 37, 38, 39, 40, 41, 42, 43, 44, 45, 46, 47, 48);
}
Simulation {
NRF2_spline= NDoses(49, 0, 0, 0, 0, 0, 0, 0, 0, 0, 0, 0, 0, 0, 0, 0, 0, 0, 0, 0, 0, 0, 0, 0, 0, 0, 0, 0, 0.229, 0.381, 0.408, 0.368, 0.37, 0.361, 0.335, 0.292, 0.307, 0.314, 0.314, 0.306, 0.317, 0.302, 0.315, 0.303, 0.253, 0.266, 0.245, 0.258, 0.254, 0.22, 0, 1, 2, 3, 4, 5, 6, 7, 8, 9, 10, 11, 12, 13, 14, 15, 16, 17, 18, 19, 20, 21, 22, 23, 24, 25, 26, 27, 28, 29, 30, 31, 32, 33, 34, 35, 36, 37, 38, 39, 40, 41, 42, 43, 44, 45, 46, 47, 48);
Print (Srxn1, 0, 1, 2, 3, 4, 5, 6, 7, 8, 9, 10, 11, 12, 13, 14, 15, 16, 17, 18, 19, 20, 21, 22, 23, 24, 25, 26, 27, 28, 29,
         30, 31, 32, 33, 34, 35, 36, 37, 38, 39, 40, 41, 42, 43, 44, 45, 46, 47, 48);
}
Simulation {
NRF2_spline= NDoses(49, 0, 0, 0.001, 0.233, 0.219, 0.196, 0.203, 0.214, 0.172, 0.158, 0.201, 0.163, 0.167, 0.161, 0.181, 0.177, 0.141, 0.136, 0.159, 0.192, 0.166, 0.19, 0.143, 0.078, 0.066, 0.105, 0.136, 0.269, 0.425, 0.475, 0.487, 0.449, 0.418, 0.394, 0.394, 0.355, 0.343, 0.356, 0.365, 0.371, 0.315, 0.293, 0.252, 0.246, 0.212, 0.223, 0.251, 0.209, 0.193, 0, 1, 2, 3, 4, 5, 6, 7, 8, 9, 10, 11, 12, 13, 14, 15, 16, 17, 18, 19, 20, 21, 22, 23, 24, 25, 26, 27, 28, 29, 30, 31, 32, 33, 34, 35, 36, 37, 38, 39, 40, 41, 42, 
43, 44, 45, 46, 47, 48);
Print (Srxn1, 0, 1, 2, 3, 4, 5, 6, 7, 8, 9, 10, 11, 12, 13, 14, 15, 16, 17, 18, 19, 20, 21, 22, 23, 24, 25, 26, 27, 28, 29,
         30, 31, 32, 33, 34, 35, 36, 37, 38, 39, 40, 41, 42, 43, 44, 45, 46, 47, 48);
}
Simulation {
NRF2_spline= NDoses(49, 0, 0, 0, 0.231, 0.307, 0.259, 0.242, 0.271, 0.199, 0.16, 0.174, 0.187, 0.212, 0.181, 0.18, 0.189, 0.178, 0.172, 0.162, 0.149, 0.152, 0.173, 0.172, 0.148, 0.14, 0.268, 0.206, 0.274, 0.379, 0.4, 0.373, 0.389, 0.365, 0.31, 0.309, 0.292, 0.278, 0.261, 0.249, 0.247, 0.228, 0.214, 0.212, 0.205, 0.221, 0.205, 0.204, 0.183, 0.139, 0, 1, 2, 3, 4, 5, 6, 7, 8, 9, 10, 11, 12, 13, 14, 15, 16, 17, 18, 19, 20, 21, 22, 23, 24, 25, 26, 27, 28, 29, 30, 31, 32, 33, 34, 35, 36, 37, 38, 39, 40, 41, 42, 43, 44, 
45, 46, 47, 48);
Print (Srxn1, 0, 1, 2, 3, 4, 5, 6, 7, 8, 9, 10, 11, 12, 13, 14, 15, 16, 17, 18, 19, 20, 21, 22, 23, 24, 25, 26, 27, 28, 29,
         30, 31, 32, 33, 34, 35, 36, 37, 38, 39, 40, 41, 42, 43, 44, 45, 46, 47, 48);
}
Simulation {
NRF2_spline= NDoses(49, 0, 0, 0.098, 0.308, 0.397, 0.4, 0.428, 0.421, 0.414, 0.446, 0.43, 0.393, 0.419, 0.413, 0.369, 0.413, 0.397, 0.379, 0.402, 0.386, 0.404, 0.439, 0.469, 0.471, 0.465, 0.522, 0.351, 0.403, 0.468, 0.503, 0.514, 0.496, 0.507, 0.48, 0.509, 0.478, 0.474, 0.443, 0.495, 0.464, 0.458, 0.444, 0.43, 0.409, 0.433, 0.434, 0.426, 0.422, 0.399, 0, 1, 2, 3, 4, 5, 6, 7, 8, 9, 10, 11, 12, 13, 14, 15, 16, 17, 18, 19, 20, 21, 22, 23, 24, 25, 26, 27, 28, 29, 30, 31, 32, 33, 34, 35, 36, 37, 38, 39, 40, 41, 42, 43, 
44, 45, 46, 47, 48);
Print (Srxn1, 0, 1, 2, 3, 4, 5, 6, 7, 8, 9, 10, 11, 12, 13, 14, 15, 16, 17, 18, 19, 20, 21, 22, 23, 24, 25, 26, 27, 28, 29,
         30, 31, 32, 33, 34, 35, 36, 37, 38, 39, 40, 41, 42, 43, 44, 45, 46, 47, 48);
}
Simulation {
NRF2_spline= NDoses(49, 0, 0, 0.382, 0.602, 0.692, 0.768, 0.777, 0.793, 0.741, 0.76, 0.736, 0.73, 0.684, 0.689, 0.722, 0.723, 0.708, 0.71, 0.685, 0.699, 0.712, 0.662, 0.683, 0.648, 0.677, 0.664, 0.374, 0.357, 0.439, 0.441, 0.405, 0.451, 0.435, 0.425, 0.409, 0.431, 0.418, 0.393, 0.363, 0.375, 0.4, 0.421, 0.42, 0.398, 0.401, 0.433, 0.396, 0.414, 0.384, 0, 1, 2, 3, 4, 5, 6, 7, 8, 9, 10, 11, 12, 13, 14, 15, 16, 17, 18, 19, 20, 21, 22, 23, 24, 25, 26, 27, 28, 29, 30, 31, 32, 33, 34, 35, 36, 37, 38, 39, 40, 41, 42, 43, 
44, 45, 46, 47, 48);
Print (Srxn1, 0, 1, 2, 3, 4, 5, 6, 7, 8, 9, 10, 11, 12, 13, 14, 15, 16, 17, 18, 19, 20, 21, 22, 23, 24, 25, 26, 27, 28, 29,
         30, 31, 32, 33, 34, 35, 36, 37, 38, 39, 40, 41, 42, 43, 44, 45, 46, 47, 48);
}
Simulation {
NRF2_spline= NDoses(49, 0, 0, 0.342, 0.586, 0.674, 0.749, 0.759, 0.816, 0.746, 0.703, 0.741, 0.658, 0.659, 0.636, 0.655, 0.685, 0.664, 0.649, 0.677, 0.662, 0.695, 0.663, 0.719, 0.709, 0.712, 0.929, 0.47, 0.388, 0.448, 0.499, 0.46, 0.478, 0.54, 0.517, 0.5, 0.496, 0.5, 0.508, 0.515, 0.474, 0.473, 0.436, 0.408, 0.424, 0.416, 0.408, 0.403, 0.452, 0.509, 0, 1, 2, 3, 4, 5, 6, 7, 8, 9, 10, 11, 12, 13, 14, 15, 16, 17, 18, 19, 20, 21, 22, 23, 24, 25, 26, 27, 28, 29, 30, 31, 32, 33, 34, 35, 36, 37, 38, 39, 40, 41, 42, 43, 44, 
45, 46, 47, 48);
Print (Srxn1, 0, 1, 2, 3, 4, 5, 6, 7, 8, 9, 10, 11, 12, 13, 14, 15, 16, 17, 18, 19, 20, 21, 22, 23, 24, 25, 26, 27, 28, 29,
         30, 31, 32, 33, 34, 35, 36, 37, 38, 39, 40, 41, 42, 43, 44, 45, 46, 47, 48);
}
Simulation {
NRF2_spline= NDoses(49, 0, 0, 0.464, 0.829, 0.907, 0.995, 0.944, 0.972, 1.068, 1.043, 1.085, 0.963, 1.015, 0.943, 0.966, 0.985, 0.92, 0.934, 0.936, 1.016, 1.026, 1.016, 0.999, 1.011, 1.034, 0.987, 0.677, 0.54, 0.579, 0.622, 0.61, 0.624, 0.645, 0.586, 0.626, 0.59, 0.594, 0.602, 0.621, 0.635, 0.652, 0.618, 0.622, 0.633, 0.658, 0.668, 0.688, 0.637, 0.619, 0, 1, 2, 3, 4, 5, 6, 7, 8, 9, 10, 11, 12, 13, 14, 15, 16, 17, 18, 19, 20, 21, 22, 23, 24, 25, 26, 27, 28, 29, 30, 31, 32, 33, 34, 35, 36, 37, 38, 39, 40, 41, 42, 43, 
44, 45, 46, 47, 48);
Print (Srxn1, 0, 1, 2, 3, 4, 5, 6, 7, 8, 9, 10, 11, 12, 13, 14, 15, 16, 17, 18, 19, 20, 21, 22, 23, 24, 25, 26, 27, 28, 29,
         30, 31, 32, 33, 34, 35, 36, 37, 38, 39, 40, 41, 42, 43, 44, 45, 46, 47, 48);
}
Simulation {
NRF2_spline= NDoses(49, 0, 0, 0, 0, 0, 0, 0, 0, 0, 0, 0, 0, 0, 0, 0, 0, 0, 0, 0, 0, 0, 0, 0, 0, 0, 0, 0.141, 0.449, 0.638, 0.687, 0.687, 0.665, 0.62, 0.579, 0.582, 0.539, 0.589, 0.546, 0.596, 0.566, 0.545, 0.532, 0.529, 0.526, 0.515, 0.523, 0.467, 0.439, 0.482, 0, 1, 2, 3, 4, 5, 6, 7, 8, 9, 10, 11, 12, 13, 14, 15, 16, 17, 18, 19, 20, 21, 22, 23, 24, 25, 26, 27, 28, 29, 30, 31, 32, 33, 34, 35, 36, 37, 38, 39, 40, 41, 42, 43, 44, 45, 46, 47, 48);
Print (Srxn1, 0, 1, 2, 3, 4, 5, 6, 7, 8, 9, 10, 11, 12, 13, 14, 15, 16, 17, 18, 19, 20, 21, 22, 23, 24, 25, 26, 27, 28, 29,
         30, 31, 32, 33, 34, 35, 36, 37, 38, 39, 40, 41, 42, 43, 44, 45, 46, 47, 48);
}
Simulation {
NRF2_spline= NDoses(49, 0, 0, 0.087, 0.265, 0.345, 0.337, 0.303, 0.355, 0.342, 0.364, 0.364, 0.334, 0.314, 0.365, 0.32, 0.367, 0.383, 0.348, 0.327, 0.296, 0.24, 0.208, 0.199, 0.188, 0.193, 0.229, 0.429, 0.686, 0.844, 0.845, 0.872, 0.847, 0.824, 0.738, 0.745, 0.721, 0.664, 0.648, 0.647, 0.632, 0.673, 0.66, 0.674, 0.637, 0.632, 0.615, 0.616, 0.662, 0.603, 0, 1, 2, 3, 4, 5, 6, 7, 8, 9, 10, 11, 12, 13, 14, 15, 16, 17, 18, 19, 20, 21, 22, 23, 24, 25, 26, 27, 28, 29, 30, 31, 32, 33, 34, 35, 36, 37, 38, 39, 40, 41, 42, 43, 
44, 45, 46, 47, 48);
Print (Srxn1, 0, 1, 2, 3, 4, 5, 6, 7, 8, 9, 10, 11, 12, 13, 14, 15, 16, 17, 18, 19, 20, 21, 22, 23, 24, 25, 26, 27, 28, 29,
         30, 31, 32, 33, 34, 35, 36, 37, 38, 39, 40, 41, 42, 43, 44, 45, 46, 47, 48);
}
Simulation {
NRF2_spline= NDoses(49, 0, 0, 0.133, 0.311, 0.371, 0.325, 0.39, 0.399, 0.351, 0.338, 0.364, 0.366, 0.357, 0.364, 0.315, 0.385, 0.329, 0.36, 0.386, 0.353, 0.357, 0.362, 0.39, 0.34, 0.356, 0.336, 0.513, 0.711, 0.86, 0.889, 0.868, 0.859, 0.806, 0.718, 0.663, 0.632, 0.594, 0.616, 0.588, 0.572, 0.622, 0.598, 0.529, 0.531, 0.495, 0.482, 0.514, 0.503, 0.521, 0, 1, 2, 3, 4, 5, 6, 7, 8, 9, 10, 11, 12, 13, 14, 15, 16, 17, 18, 19, 20, 21, 22, 23, 24, 25, 26, 27, 28, 29, 30, 31, 32, 33, 34, 35, 36, 37, 38, 39, 40, 41, 42, 43, 
44, 45, 46, 47, 48);
Print (Srxn1, 0, 1, 2, 3, 4, 5, 6, 7, 8, 9, 10, 11, 12, 13, 14, 15, 16, 17, 18, 19, 20, 21, 22, 23, 24, 25, 26, 27, 28, 29,
         30, 31, 32, 33, 34, 35, 36, 37, 38, 39, 40, 41, 42, 43, 44, 45, 46, 47, 48);
}
Simulation {
NRF2_spline= NDoses(49, 0, 0, 0.421, 0.675, 0.728, 0.701, 0.704, 0.746, 0.711, 0.686, 0.66, 0.637, 0.608, 0.586, 0.584, 0.563, 0.543, 0.583, 0.58, 0.566, 0.557, 0.587, 0.54, 0.551, 0.601, 0.49, 0.466, 0.553, 0.686, 0.743, 0.749, 0.741, 0.769, 0.703, 0.748, 0.685, 0.643, 0.618, 0.645, 0.636, 0.64, 0.604, 0.599, 0.595, 0.599, 0.546, 0.542, 0.539, 0.467, 0, 1, 2, 3, 4, 5, 6, 7, 8, 9, 10, 11, 12, 13, 14, 15, 16, 17, 18, 19, 20, 21, 22, 23, 24, 25, 26, 27, 28, 29, 30, 31, 32, 33, 34, 35, 36, 37, 38, 39, 40, 41, 42, 43, 
44, 45, 46, 47, 48);
Print (Srxn1, 0, 1, 2, 3, 4, 5, 6, 7, 8, 9, 10, 11, 12, 13, 14, 15, 16, 17, 18, 19, 20, 21, 22, 23, 24, 25, 26, 27, 28, 29,
         30, 31, 32, 33, 34, 35, 36, 37, 38, 39, 40, 41, 42, 43, 44, 45, 46, 47, 48);
}
Simulation {
NRF2_spline= NDoses(49, 0, 0, 0.421, 0.605, 0.726, 0.74, 0.741, 0.76, 0.742, 0.716, 0.717, 0.643, 0.587, 0.645, 0.639, 0.644, 0.651, 0.674, 0.679, 0.621, 0.677, 0.652, 0.689, 0.691, 0.669, 0.717, 0.562, 0.586, 0.757, 0.794, 0.759, 0.734, 0.716, 0.692, 0.706, 0.683, 0.673, 0.731, 0.744, 0.741, 0.73, 0.695, 0.679, 0.714, 0.642, 0.568, 0.578, 0.582, 0.57, 0, 1, 2, 3, 4, 5, 6, 7, 8, 9, 10, 11, 12, 13, 14, 15, 16, 17, 18, 19, 20, 21, 22, 23, 24, 25, 26, 27, 28, 29, 30, 31, 32, 33, 34, 35, 36, 37, 38, 39, 40, 41, 42, 43, 
44, 45, 46, 47, 48);
Print (Srxn1, 0, 1, 2, 3, 4, 5, 6, 7, 8, 9, 10, 11, 12, 13, 14, 15, 16, 17, 18, 19, 20, 21, 22, 23, 24, 25, 26, 27, 28, 29,
         30, 31, 32, 33, 34, 35, 36, 37, 38, 39, 40, 41, 42, 43, 44, 45, 46, 47, 48);
}
Simulation {
NRF2_spline= NDoses(49, 0, 0, 0.465, 0.727, 0.729, 0.779, 0.964, 0.912, 0.88, 0.868, 0.884, 0.799, 0.701, 0.723, 0.679, 0.66, 0.7, 0.644, 0.726, 0.707, 0.729, 0.715, 0.709, 0.733, 0.764, 0.974, 0.598, 0.651, 0.824, 0.868, 0.775, 0.79, 0.825, 0.765, 0.738, 0.735, 0.73, 0.753, 0.768, 0.745, 0.772, 0.749, 0.704, 0.646, 0.649, 0.634, 0.603, 0.541, 0.535, 0, 1, 2, 3, 4, 5, 6, 7, 8, 9, 10, 11, 12, 13, 14, 15, 16, 17, 18, 19, 20, 21, 22, 23, 24, 25, 26, 27, 28, 29, 30, 31, 32, 33, 34, 35, 36, 37, 38, 39, 40, 41, 42, 43, 
44, 45, 46, 47, 48);
Print (Srxn1, 0, 1, 2, 3, 4, 5, 6, 7, 8, 9, 10, 11, 12, 13, 14, 15, 16, 17, 18, 19, 20, 21, 22, 23, 24, 25, 26, 27, 28, 29,
         30, 31, 32, 33, 34, 35, 36, 37, 38, 39, 40, 41, 42, 43, 44, 45, 46, 47, 48);
}
Simulation {
NRF2_spline= NDoses(49, 0, 0, 0.647, 0.862, 0.968, 1.059, 1.127, 1.115, 1.166, 1.138, 1.148, 1.074, 1.049, 1.017, 1.006, 0.999, 0.96, 0.946, 0.968, 0.937, 1.027, 1.042, 1.023, 1.014, 1.037, 1.07, 0.788, 0.719, 0.863, 0.906, 0.921, 0.944, 0.955, 0.981, 1.02, 1.05, 1.028, 1.087, 1.011, 1.05, 1.085, 1.075, 1.063, 1.047, 1.005, 1.012, 1.033, 0.985, 0.958, 0, 1, 2, 3, 4, 5, 6, 7, 8, 9, 10, 11, 12, 13, 14, 15, 16, 17, 18, 19, 20, 21, 22, 23, 24, 25, 26, 27, 28, 29, 30, 31, 32, 33, 34, 35, 36, 37, 38, 39, 40, 41, 42, 43, 
44, 45, 46, 47, 48);
Print (Srxn1, 0, 1, 2, 3, 4, 5, 6, 7, 8, 9, 10, 11, 12, 13, 14, 15, 16, 17, 18, 19, 20, 21, 22, 23, 24, 25, 26, 27, 28, 29,
         30, 31, 32, 33, 34, 35, 36, 37, 38, 39, 40, 41, 42, 43, 44, 45, 46, 47, 48);
}
Simulation {
NRF2_spline= NDoses(49, 0, 0, 0, 0, 0, 0, 0, 0, 0, 0, 0, 0, 0, 0, 0, 0, 0, 0, 0, 0, 0, 0, 0, 0, 0, 0, 0.405, 0.74, 0.961, 0.988, 1.078, 1.091, 1.043, 1.038, 0.967, 0.896, 0.865, 0.848, 0.761, 0.732, 0.683, 0.692, 0.644, 0.63, 0.645, 0.615, 0.631, 0.595, 0.58, 0, 1, 2, 3, 4, 5, 6, 7, 8, 9, 10, 11, 12, 13, 14, 15, 16, 17, 18, 19, 20, 21, 22, 23, 24, 25, 26, 27, 28, 29, 30, 31, 32, 33, 34, 35, 36, 37, 38, 39, 40, 41, 42, 43, 44, 45, 46, 47, 48);
Print (Srxn1, 0, 1, 2, 3, 4, 5, 6, 7, 8, 9, 10, 11, 12, 13, 14, 15, 16, 17, 18, 19, 20, 21, 22, 23, 24, 25, 26, 27, 28, 29,
         30, 31, 32, 33, 34, 35, 36, 37, 38, 39, 40, 41, 42, 43, 44, 45, 46, 47, 48);
}
Simulation {
NRF2_spline= NDoses(49, 0, 0, 0.03, 0.203, 0.216, 0.214, 0.247, 0.232, 0.271, 0.269, 0.222, 0.265, 0.229, 0.283, 0.268, 0.219, 0.271, 0.241, 0.28, 0.204, 0.199, 0.227, 0.227, 0.172, 0.224, 0.17, 0.485, 0.773, 1.021, 1.131, 1.11, 1.123, 1.121, 1.015, 0.979, 1.017, 0.97, 0.955, 0.915, 0.922, 0.905, 0.843, 0.871, 0.819, 0.819, 0.82, 0.807, 0.788, 0.736, 0, 1, 2, 3, 4, 5, 6, 7, 8, 9, 10, 11, 12, 13, 14, 15, 16, 17, 18, 19, 20, 21, 22, 23, 24, 25, 26, 27, 28, 29, 30, 31, 32, 33, 34, 35, 36, 37, 38, 39, 40, 41, 42, 43, 
44, 45, 46, 47, 48);
Print (Srxn1, 0, 1, 2, 3, 4, 5, 6, 7, 8, 9, 10, 11, 12, 13, 14, 15, 16, 17, 18, 19, 20, 21, 22, 23, 24, 25, 26, 27, 28, 29,
         30, 31, 32, 33, 34, 35, 36, 37, 38, 39, 40, 41, 42, 43, 44, 45, 46, 47, 48);
}
Simulation {
NRF2_spline= NDoses(49, 0, 0, 0.235, 0.436, 0.435, 0.407, 0.436, 0.435, 0.447, 0.429, 0.379, 0.428, 0.413, 0.448, 0.445, 0.452, 0.436, 0.397, 0.343, 0.409, 0.402, 0.366, 0.375, 0.4, 0.411, 0.351, 0.598, 0.924, 1.087, 1.146, 1.135, 1.168, 1.095, 0.961, 0.895, 0.882, 0.81, 0.766, 0.818, 0.823, 0.737, 0.736, 0.744, 0.669, 0.707, 0.651, 0.618, 0.623, 0.608, 0, 1, 2, 3, 4, 5, 6, 7, 8, 9, 10, 11, 12, 13, 14, 15, 16, 17, 18, 19, 20, 21, 22, 23, 24, 25, 26, 27, 28, 29, 30, 31, 32, 33, 34, 35, 36, 37, 38, 39, 40, 41, 42, 43, 
44, 45, 46, 47, 48);
Print (Srxn1, 0, 1, 2, 3, 4, 5, 6, 7, 8, 9, 10, 11, 12, 13, 14, 15, 16, 17, 18, 19, 20, 21, 22, 23, 24, 25, 26, 27, 28, 29,
         30, 31, 32, 33, 34, 35, 36, 37, 38, 39, 40, 41, 42, 43, 44, 45, 46, 47, 48);
}
Simulation {
NRF2_spline= NDoses(49, 0, 0, 0.627, 0.866, 0.892, 0.885, 0.867, 0.872, 0.958, 0.867, 0.938, 0.925, 0.933, 0.898, 0.89, 0.868, 0.864, 0.84, 0.894, 0.836, 0.836, 0.825, 0.849, 0.859, 0.845, 0.601, 0.752, 1.05, 1.256, 1.401, 1.345, 1.346, 1.285, 1.249, 1.198, 1.068, 0.997, 0.97, 0.925, 0.902, 0.891, 0.842, 0.851, 0.823, 0.812, 0.78, 0.752, 0.753, 0.709, 0, 1, 2, 3, 4, 5, 6, 7, 8, 9, 10, 11, 12, 13, 14, 15, 16, 17, 18, 19, 20, 21, 22, 23, 24, 25, 26, 27, 28, 29, 30, 31, 32, 33, 34, 35, 36, 37, 38, 39, 40, 41, 42, 43, 
44, 45, 46, 47, 48);
Print (Srxn1, 0, 1, 2, 3, 4, 5, 6, 7, 8, 9, 10, 11, 12, 13, 14, 15, 16, 17, 18, 19, 20, 21, 22, 23, 24, 25, 26, 27, 28, 29,
         30, 31, 32, 33, 34, 35, 36, 37, 38, 39, 40, 41, 42, 43, 44, 45, 46, 47, 48);
}
Simulation {
NRF2_spline= NDoses(49, 0, 0, 0.576, 0.773, 0.883, 0.888, 0.874, 0.879, 0.913, 0.841, 0.846, 0.836, 0.747, 0.74, 0.73, 0.732, 0.717, 0.691, 0.783, 0.704, 0.69, 0.7, 0.759, 0.668, 0.654, 0.849, 0.784, 1.01, 1.27, 1.334, 1.257, 1.223, 1.265, 1.226, 1.139, 1.109, 1.101, 1.105, 1.085, 1.031, 1.044, 0.976, 0.829, 0.848, 0.88, 0.837, 0.827, 0.865, 0.843, 0, 1, 2, 3, 4, 5, 6, 7, 8, 9, 10, 11, 12, 13, 14, 15, 16, 17, 18, 19, 20, 21, 22, 23, 24, 25, 26, 27, 28, 29, 30, 31, 32, 33, 34, 35, 36, 37, 38, 39, 40, 41, 42, 43, 44, 
45, 46, 47, 48);
Print (Srxn1, 0, 1, 2, 3, 4, 5, 6, 7, 8, 9, 10, 11, 12, 13, 14, 15, 16, 17, 18, 19, 20, 21, 22, 23, 24, 25, 26, 27, 28, 29,
         30, 31, 32, 33, 34, 35, 36, 37, 38, 39, 40, 41, 42, 43, 44, 45, 46, 47, 48);
}
Simulation {
NRF2_spline= NDoses(49, 0, 0.067, 0.734, 0.992, 1.085, 1.122, 1.127, 1.122, 1.172, 1.129, 1.172, 1.109, 1.075, 1.072, 1, 1.04, 1.044, 1.036, 1.051, 0.945, 1.049, 1.053, 1.018, 1.059, 1.077, 1.12, 0.973, 1.094, 1.292, 1.373, 1.261, 1.237, 1.217, 1.177, 1.214, 1.175, 1.108, 1.124, 1.181, 1.162, 1.131, 1.065, 1.098, 1.086, 1.106, 1.061, 1.119, 1.029, 1.027, 0, 1, 2, 3, 4, 5, 6, 7, 8, 9, 10, 11, 12, 13, 14, 15, 16, 17, 18, 19, 20, 21, 22, 23, 24, 25, 26, 27, 28, 29, 30, 31, 32, 33, 34, 35, 36, 37, 38, 39, 40, 41, 42, 
43, 44, 45, 46, 47, 48);
Print (Srxn1, 0, 1, 2, 3, 4, 5, 6, 7, 8, 9, 10, 11, 12, 13, 14, 15, 16, 17, 18, 19, 20, 21, 22, 23, 24, 25, 26, 27, 28, 29,
         30, 31, 32, 33, 34, 35, 36, 37, 38, 39, 40, 41, 42, 43, 44, 45, 46, 47, 48);
}
Simulation {
NRF2_spline= NDoses(49, 0, 0, 0.659, 0.943, 0.958, 1.038, 1.083, 1.092, 1.052, 1.087, 1.055, 1, 0.965, 0.98, 0.989, 0.97, 0.97, 0.932, 0.975, 0.895, 0.942, 0.971, 1.035, 1.029, 1.064, 1.072, 0.881, 0.806, 1.019, 1.099, 1.09, 1.09, 1.102, 1.085, 1.096, 1.098, 1.091, 1.081, 1.08, 1.075, 1.118, 1.084, 1.066, 1.067, 1.068, 1.01, 0.978, 1.002, 0.986, 0, 1, 2, 3, 4, 5, 6, 7, 8, 9, 10, 11, 12, 13, 14, 15, 16, 17, 18, 19, 20, 21, 22, 23, 24, 25, 26, 27, 28, 29, 30, 31, 32, 33, 34, 35, 36, 37, 38, 39, 40, 41, 42, 43, 44, 45, 
46, 47, 48);
Print (Srxn1, 0, 1, 2, 3, 4, 5, 6, 7, 8, 9, 10, 11, 12, 13, 14, 15, 16, 17, 18, 19, 20, 21, 22, 23, 24, 25, 26, 27, 28, 29,
         30, 31, 32, 33, 34, 35, 36, 37, 38, 39, 40, 41, 42, 43, 44, 45, 46, 47, 48);
}
Simulation {
NRF2_spline= NDoses(49, 0, 0, 0, 0, 0, 0, 0, 0, 0, 0, 0, 0, 0, 0, 0, 0, 0, 0, 0, 0, 0, 0, 0, 0, 0, 0, 0.467, 0.851, 1.096, 1.161, 1.226, 1.278, 1.251, 1.228, 1.15, 1.131, 1.11, 1.087, 1.098, 1.074, 1.032, 1.045, 1.055, 0.964, 1.005, 1.05, 1.05, 1.024, 1.024, 0, 1, 2, 3, 4, 5, 6, 7, 8, 9, 10, 11, 12, 13, 14, 15, 16, 17, 18, 19, 20, 21, 22, 23, 24, 25, 26, 27, 28, 29, 30, 31, 32, 33, 34, 35, 36, 37, 38, 39, 40, 41, 42, 43, 44, 45, 46, 47, 48);
Print (Srxn1, 0, 1, 2, 3, 4, 5, 6, 7, 8, 9, 10, 11, 12, 13, 14, 15, 16, 17, 18, 19, 20, 21, 22, 23, 24, 25, 26, 27, 28, 29,
         30, 31, 32, 33, 34, 35, 36, 37, 38, 39, 40, 41, 42, 43, 44, 45, 46, 47, 48);
}
Simulation {
NRF2_spline= NDoses(49, 0, 0, 0.198, 0.362, 0.355, 0.338, 0.316, 0.379, 0.333, 0.327, 0.344, 0.327, 0.323, 0.328, 0.327, 0.352, 0.341, 0.325, 0.322, 0.329, 0.297, 0.297, 0.334, 0.332, 0.338, 0.19, 0.802, 1.111, 1.358, 1.463, 1.476, 1.551, 1.502, 1.447, 1.354, 1.304, 1.331, 1.266, 1.308, 1.24, 1.241, 1.128, 1.067, 1.082, 1.078, 1.104, 1.114, 1.041, 1.003, 0, 1, 2, 3, 4, 5, 6, 7, 8, 9, 10, 11, 12, 13, 14, 15, 16, 17, 18, 19, 20, 21, 22, 23, 24, 25, 26, 27, 28, 29, 30, 31, 32, 33, 34, 35, 36, 37, 38, 39, 40, 41, 42, 
43, 44, 45, 46, 47, 48);
Print (Srxn1, 0, 1, 2, 3, 4, 5, 6, 7, 8, 9, 10, 11, 12, 13, 14, 15, 16, 17, 18, 19, 20, 21, 22, 23, 24, 25, 26, 27, 28, 29,
         30, 31, 32, 33, 34, 35, 36, 37, 38, 39, 40, 41, 42, 43, 44, 45, 46, 47, 48);
}
Simulation {
NRF2_spline= NDoses(49, 0, 0, 0.432, 0.659, 0.606, 0.631, 0.588, 0.594, 0.555, 0.539, 0.524, 0.496, 0.574, 0.481, 0.491, 0.509, 0.54, 0.506, 0.446, 0.445, 0.448, 0.46, 0.426, 0.428, 0.418, 0.276, 0.739, 0.983, 1.222, 1.327, 1.378, 1.42, 1.472, 1.413, 1.382, 1.364, 1.309, 1.235, 1.226, 1.313, 1.281, 1.239, 1.215, 1.242, 1.21, 1.145, 1.231, 1.172, 1.199, 0, 1, 2, 3, 4, 5, 6, 7, 8, 9, 10, 11, 12, 13, 14, 15, 16, 17, 18, 19, 20, 21, 22, 23, 24, 25, 26, 27, 28, 29, 30, 31, 32, 33, 34, 35, 36, 37, 38, 39, 40, 41, 42, 43, 
44, 45, 46, 47, 48);
Print (Srxn1, 0, 1, 2, 3, 4, 5, 6, 7, 8, 9, 10, 11, 12, 13, 14, 15, 16, 17, 18, 19, 20, 21, 22, 23, 24, 25, 26, 27, 28, 29,
         30, 31, 32, 33, 34, 35, 36, 37, 38, 39, 40, 41, 42, 43, 44, 45, 46, 47, 48);
}
Simulation {
NRF2_spline= NDoses(49, 0, 0.015, 0.656, 0.919, 0.953, 0.933, 0.911, 0.882, 0.865, 0.81, 0.785, 0.754, 0.799, 0.69, 0.679, 0.668, 0.648, 0.653, 0.615, 0.621, 0.58, 0.597, 0.592, 0.639, 0.593, 0.422, 0.808, 0.974, 1.196, 1.232, 1.288, 1.289, 1.266, 1.246, 1.279, 1.23, 1.196, 1.14, 1.072, 1.069, 1.041, 1.068, 1.067, 1.042, 1.012, 0.971, 0.935, 0.95, 0.936, 0, 1, 2, 3, 4, 5, 6, 7, 8, 9, 10, 11, 12, 13, 14, 15, 16, 17, 18, 19, 20, 21, 22, 23, 24, 25, 26, 27, 28, 29, 30, 31, 32, 33, 34, 35, 36, 37, 38, 39, 40, 41, 42, 
43, 44, 45, 46, 47, 48);
Print (Srxn1, 0, 1, 2, 3, 4, 5, 6, 7, 8, 9, 10, 11, 12, 13, 14, 15, 16, 17, 18, 19, 20, 21, 22, 23, 24, 25, 26, 27, 28, 29,
         30, 31, 32, 33, 34, 35, 36, 37, 38, 39, 40, 41, 42, 43, 44, 45, 46, 47, 48);
}
Simulation {
NRF2_spline= NDoses(49, 0, 0, 0.72, 0.976, 1.073, 1.107, 1.112, 1.118, 1.123, 1.091, 0.979, 0.973, 1.001, 0.956, 0.903, 0.937, 0.851, 0.884, 0.929, 0.919, 0.951, 0.9, 0.94, 0.902, 0.866, 0.528, 0.567, 0.734, 0.92, 1.04, 1.023, 1.087, 1.066, 0.987, 0.967, 0.988, 0.968, 0.951, 0.943, 0.972, 0.842, 0.887, 0.872, 0.947, 0.877, 0.903, 0.834, 0.834, 0.927, 0, 1, 2, 3, 4, 5, 6, 7, 8, 9, 10, 11, 12, 13, 14, 15, 16, 17, 18, 19, 20, 21, 22, 23, 24, 25, 26, 27, 28, 29, 30, 31, 32, 33, 34, 35, 36, 37, 38, 39, 40, 41, 42, 43, 
44, 45, 46, 47, 48);
Print (Srxn1, 0, 1, 2, 3, 4, 5, 6, 7, 8, 9, 10, 11, 12, 13, 14, 15, 16, 17, 18, 19, 20, 21, 22, 23, 24, 25, 26, 27, 28, 29,
         30, 31, 32, 33, 34, 35, 36, 37, 38, 39, 40, 41, 42, 43, 44, 45, 46, 47, 48);
}
Simulation {
NRF2_spline= NDoses(49, 0, 0.013, 0.768, 1.088, 1.185, 1.249, 1.264, 1.262, 1.273, 1.186, 1.161, 1.177, 1.115, 1.111, 1.169, 1.122, 1.109, 1.055, 1.053, 1.07, 1.07, 1.055, 1.105, 1.056, 1.074, 0.946, 1.026, 1.057, 1.31, 1.341, 1.283, 1.384, 1.355, 1.285, 1.283, 1.273, 1.306, 1.289, 1.313, 1.259, 1.265, 1.264, 1.311, 1.299, 1.193, 1.207, 1.135, 1.135, 1.132, 0, 1, 2, 3, 4, 5, 6, 7, 8, 9, 10, 11, 12, 13, 14, 15, 16, 17, 18, 19, 20, 21, 22, 23, 24, 25, 26, 27, 28, 29, 30, 31, 32, 33, 34, 35, 36, 37, 38, 39, 40, 41, 42, 
43, 44, 45, 46, 47, 48);
Print (Srxn1, 0, 1, 2, 3, 4, 5, 6, 7, 8, 9, 10, 11, 12, 13, 14, 15, 16, 17, 18, 19, 20, 21, 22, 23, 24, 25, 26, 27, 28, 29,
         30, 31, 32, 33, 34, 35, 36, 37, 38, 39, 40, 41, 42, 43, 44, 45, 46, 47, 48);
}
Simulation {
NRF2_spline= NDoses(49, 0, 0, 0.595, 0.751, 0.845, 0.955, 0.956, 0.958, 0.933, 0.908, 0.928, 0.88, 0.842, 0.82, 0.854, 0.824, 0.808, 0.795, 0.775, 0.782, 0.827, 0.829, 0.864, 0.894, 0.852, 0.567, 0.517, 0.489, 0.646, 0.723, 0.751, 0.734, 0.777, 0.746, 0.744, 0.748, 0.721, 0.685, 0.771, 0.8, 0.819, 0.833, 0.794, 0.774, 0.762, 0.777, 0.806, 0.76, 0.768, 0, 1, 2, 3, 4, 5, 6, 7, 8, 9, 10, 11, 12, 13, 14, 15, 16, 17, 18, 19, 20, 21, 22, 23, 24, 25, 26, 27, 28, 29, 30, 31, 32, 33, 34, 35, 36, 37, 38, 39, 40, 41, 42, 43, 
44, 45, 46, 47, 48);
Print (Srxn1, 0, 1, 2, 3, 4, 5, 6, 7, 8, 9, 10, 11, 12, 13, 14, 15, 16, 17, 18, 19, 20, 21, 22, 23, 24, 25, 26, 27, 28, 29,
         30, 31, 32, 33, 34, 35, 36, 37, 38, 39, 40, 41, 42, 43, 44, 45, 46, 47, 48);
}
Simulation {
NRF2_spline= NDoses(49, 0, 0, 0, 0, 0, 0, 0, 0, 0, 0, 0, 0, 0, 0, 0, 0, 0, 0, 0, 0, 0, 0, 0, 0, 0, 0, 0.703, 0.945, 1.153, 1.277, 1.344, 1.393, 1.378, 1.352, 1.339, 1.33, 1.378, 1.328, 1.315, 1.273, 1.299, 1.284, 1.298, 1.299, 1.279, 1.277, 1.308, 1.26, 1.262, 0, 1, 2, 3, 4, 5, 6, 7, 8, 9, 10, 11, 12, 13, 14, 15, 16, 17, 18, 19, 20, 21, 22, 23, 24, 25, 26, 27, 28, 29, 30, 31, 32, 33, 34, 35, 36, 37, 38, 39, 40, 41, 42, 43, 44, 45, 46, 47, 48);
Print (Srxn1, 0, 1, 2, 3, 4, 5, 6, 7, 8, 9, 10, 11, 12, 13, 14, 15, 16, 17, 18, 19, 20, 21, 22, 23, 24, 25, 26, 27, 28, 29,
         30, 31, 32, 33, 34, 35, 36, 37, 38, 39, 40, 41, 42, 43, 44, 45, 46, 47, 48);
}
Simulation {
NRF2_spline= NDoses(49, 0, 0, 0.269, 0.404, 0.384, 0.336, 0.328, 0.317, 0.275, 0.267, 0.274, 0.243, 0.266, 0.255, 0.289, 0.304, 0.334, 0.282, 0.251, 0.268, 0.241, 0.237, 0.227, 0.223, 0.206, 0.272, 0.93, 1.124, 1.345, 1.435, 1.479, 1.499, 1.513, 1.466, 1.424, 1.454, 1.448, 1.423, 1.423, 1.415, 1.427, 1.426, 1.398, 1.437, 1.36, 1.343, 1.306, 1.33, 1.308, 0, 1, 2, 3, 4, 5, 6, 7, 8, 9, 10, 11, 12, 13, 14, 15, 16, 17, 18, 19, 20, 21, 22, 23, 24, 25, 26, 27, 28, 29, 30, 31, 32, 33, 34, 35, 36, 37, 38, 39, 40, 41, 42, 43, 
44, 45, 46, 47, 48);
Print (Srxn1, 0, 1, 2, 3, 4, 5, 6, 7, 8, 9, 10, 11, 12, 13, 14, 15, 16, 17, 18, 19, 20, 21, 22, 23, 24, 25, 26, 27, 28, 29,
         30, 31, 32, 33, 34, 35, 36, 37, 38, 39, 40, 41, 42, 43, 44, 45, 46, 47, 48);
}
Simulation {
NRF2_spline= NDoses(49, 0, 0, 0.406, 0.572, 0.612, 0.54, 0.551, 0.553, 0.527, 0.529, 0.513, 0.492, 0.48, 0.445, 0.444, 0.43, 0.434, 0.41, 0.41, 0.42, 0.401, 0.409, 0.401, 0.353, 0.356, 0.296, 0.853, 1.057, 1.303, 1.401, 1.401, 1.44, 1.442, 1.413, 1.417, 1.398, 1.355, 1.38, 1.394, 1.386, 1.384, 1.319, 1.285, 1.261, 1.18, 1.179, 1.2, 1.226, 1.263, 0, 1, 2, 3, 4, 5, 6, 7, 8, 9, 10, 11, 12, 13, 14, 15, 16, 17, 18, 19, 20, 21, 22, 23, 24, 25, 26, 27, 28, 29, 30, 31, 32, 33, 34, 35, 36, 37, 38, 39, 40, 41, 42, 43, 44, 45, 
46, 47, 48);
Print (Srxn1, 0, 1, 2, 3, 4, 5, 6, 7, 8, 9, 10, 11, 12, 13, 14, 15, 16, 17, 18, 19, 20, 21, 22, 23, 24, 25, 26, 27, 28, 29,
         30, 31, 32, 33, 34, 35, 36, 37, 38, 39, 40, 41, 42, 43, 44, 45, 46, 47, 48);
}
Simulation {
NRF2_spline= NDoses(49, 0, 0, 0.571, 0.817, 0.903, 0.894, 0.943, 0.91, 0.911, 0.873, 0.877, 0.895, 0.818, 0.832, 0.792, 0.761, 0.799, 0.73, 0.728, 0.783, 0.756, 0.734, 0.688, 0.695, 0.697, 0.601, 1.045, 1.181, 1.385, 1.513, 1.559, 1.619, 1.608, 1.565, 1.554, 1.572, 1.559, 1.504, 1.536, 1.513, 1.486, 1.511, 1.444, 1.481, 1.438, 1.471, 1.484, 1.477, 1.458, 0, 1, 2, 3, 4, 5, 6, 7, 8, 9, 10, 11, 12, 13, 14, 15, 16, 17, 18, 19, 20, 21, 22, 23, 24, 25, 26, 27, 28, 29, 30, 31, 32, 33, 34, 35, 36, 37, 38, 39, 40, 41, 42, 
43, 44, 45, 46, 47, 48);
Print (Srxn1, 0, 1, 2, 3, 4, 5, 6, 7, 8, 9, 10, 11, 12, 13, 14, 15, 16, 17, 18, 19, 20, 21, 22, 23, 24, 25, 26, 27, 28, 29,
         30, 31, 32, 33, 34, 35, 36, 37, 38, 39, 40, 41, 42, 43, 44, 45, 46, 47, 48);
}
Simulation {
NRF2_spline= NDoses(49, 0, 0.169, 0.91, 1.111, 1.285, 1.317, 1.36, 1.417, 1.422, 1.434, 1.311, 1.221, 1.2, 1.11, 1.158, 1.176, 1.133, 1.041, 1.015, 1.072, 1.026, 1.003, 0.968, 0.956, 0.934, 0.793, 1.075, 1.233, 1.415, 1.484, 1.557, 1.6, 1.668, 1.645, 1.577, 1.55, 1.586, 1.608, 1.625, 1.561, 1.511, 1.473, 1.444, 1.516, 1.478, 1.469, 1.511, 1.467, 1.492, 0, 1, 2, 3, 4, 5, 6, 7, 8, 9, 10, 11, 12, 13, 14, 15, 16, 17, 18, 19, 20, 21, 22, 23, 24, 25, 26, 27, 28, 29, 30, 31, 32, 33, 34, 35, 36, 37, 38, 39, 40, 41, 42, 43, 
44, 45, 46, 47, 48);
Print (Srxn1, 0, 1, 2, 3, 4, 5, 6, 7, 8, 9, 10, 11, 12, 13, 14, 15, 16, 17, 18, 19, 20, 21, 22, 23, 24, 25, 26, 27, 28, 29,
         30, 31, 32, 33, 34, 35, 36, 37, 38, 39, 40, 41, 42, 43, 44, 45, 46, 47, 48);
}
Simulation {
NRF2_spline= NDoses(49, 0, 0.111, 0.875, 1.062, 1.181, 1.265, 1.296, 1.318, 1.244, 1.245, 1.256, 1.15, 1.057, 1.033, 1.034, 1.081, 0.995, 1.024, 1.071, 1.025, 1.118, 1.126, 1.124, 1.098, 1.116, 1.044, 1.127, 1.135, 1.397, 1.559, 1.561, 1.601, 1.655, 1.625, 1.558, 1.509, 1.457, 1.52, 1.503, 1.451, 1.359, 1.403, 1.397, 1.364, 1.433, 1.352, 1.318, 1.253, 1.294, 0, 1, 2, 3, 4, 5, 6, 7, 8, 9, 10, 11, 12, 13, 14, 15, 16, 17, 18, 19, 20, 21, 22, 23, 24, 25, 26, 27, 28, 29, 30, 31, 32, 33, 34, 35, 36, 37, 38, 39, 40, 41, 
42, 43, 44, 45, 46, 47, 48);
Print (Srxn1, 0, 1, 2, 3, 4, 5, 6, 7, 8, 9, 10, 11, 12, 13, 14, 15, 16, 17, 18, 19, 20, 21, 22, 23, 24, 25, 26, 27, 28, 29,
         30, 31, 32, 33, 34, 35, 36, 37, 38, 39, 40, 41, 42, 43, 44, 45, 46, 47, 48);
}
Simulation {
NRF2_spline= NDoses(49, 0, 0.039, 0.789, 0.957, 1.094, 1.131, 1.206, 1.145, 1.212, 1.194, 1.114, 1.136, 1.091, 1.05, 1.063, 1.14, 1.1, 1.055, 1.015, 1.033, 1.041, 1.018, 1.053, 1.033, 1.089, 0.958, 0.986, 0.9, 1.138, 1.351, 1.337, 1.4, 1.425, 1.415, 1.426, 1.428, 1.377, 1.4, 1.433, 1.394, 1.371, 1.387, 1.351, 1.351, 1.359, 1.354, 1.378, 1.41, 1.434, 0, 1, 2, 3, 4, 5, 6, 7, 8, 9, 10, 11, 12, 13, 14, 15, 16, 17, 18, 19, 20, 21, 22, 23, 24, 25, 26, 27, 28, 29, 30, 31, 32, 33, 34, 35, 36, 37, 38, 39, 40, 41, 42, 43, 44, 
45, 46, 47, 48);
Print (Srxn1, 0, 1, 2, 3, 4, 5, 6, 7, 8, 9, 10, 11, 12, 13, 14, 15, 16, 17, 18, 19, 20, 21, 22, 23, 24, 25, 26, 27, 28, 29,
         30, 31, 32, 33, 34, 35, 36, 37, 38, 39, 40, 41, 42, 43, 44, 45, 46, 47, 48);
}
