Simulation {
NRF2_spline= NDoses(49, 0, 0, 0, 0, 0, 0, 0, 0, 0, 0, 0, 0, 0, 0, 0, 0, 0, 0, 0, 0, 0, 0, 0, 0, 0, 0, 0, 0, 0, 0, 0, 0, 0, 0, 0, 0, 0, 0, 0, 0, 0, 0, 0, 0, 0, 0, 0, 0, 0, 0, 1, 2, 3, 4, 5, 6, 7, 8, 9, 10, 11, 12, 13, 14, 15, 16, 17, 18, 19, 20, 21, 22, 23, 24, 25, 26, 27, 28, 29, 30, 31, 32, 33, 34, 35, 36, 37, 38, 39, 40, 41, 42, 43, 44, 45, 46, 47, 48);
Print (Srxn1, 0, 1, 2, 3, 4, 5, 6, 7, 8, 9, 10, 11, 12, 13, 14, 15, 16, 17, 18, 19, 20, 21, 22, 23, 24, 25, 26, 27, 28, 29,
         30, 31, 32, 33, 34, 35, 36, 37, 38, 39, 40, 41, 42, 43, 44, 45, 46, 47, 48);
}
Simulation {
NRF2_spline= NDoses(49, 0, 0, 0, 0, 0, 0, 0, 0, 0, 0, 0, 0, 0, 0, 0, 0, 0, 0, 0, 0, 0, 0, 0, 0, 0, 0, 0, 0, 0, 0, 0, 0, 0, 0, 0, 0, 0, 0, 0, 0, 0, 0, 0, 0, 0, 0, 0, 0, 0, 0, 1, 2, 3, 4, 5, 6, 7, 8, 9, 10, 11, 12, 13, 14, 15, 16, 17, 18, 19, 20, 21, 22, 23, 24, 25, 26, 27, 28, 29, 30, 31, 32, 33, 34, 35, 36, 37, 38, 39, 40, 41, 42, 43, 44, 45, 46, 47, 48);
Print (Srxn1, 0, 1, 2, 3, 4, 5, 6, 7, 8, 9, 10, 11, 12, 13, 14, 15, 16, 17, 18, 19, 20, 21, 22, 23, 24, 25, 26, 27, 28, 29,
         30, 31, 32, 33, 34, 35, 36, 37, 38, 39, 40, 41, 42, 43, 44, 45, 46, 47, 48);
}
Simulation {
NRF2_spline= NDoses(49, 0, 0, 0, 0, 0.038, 0.039, 0.025, 0.028, 0.015, 0.008, 0.004, 0, 0, 0, 0.017, 0.017, 0.002, 0.007, 0.002, 0, 0, 0.018, 0.009, 0.005, 0.031, 0, 0, 0, 0, 0, 0, 0, 0, 0, 0, 0, 0, 0, 0, 0, 0, 0, 0, 0, 0, 0, 0, 0, 0, 0, 1, 2, 3, 4, 5, 6, 7, 8, 9, 10, 11, 12, 13, 14, 15, 16, 17, 18, 19, 20, 21, 22, 23, 24, 25, 26, 27, 28, 29, 30, 31, 32, 33, 34, 35, 36, 37, 38, 39, 40, 41, 42, 43, 44, 45, 46, 47, 48);
Print (Srxn1, 0, 1, 2, 3, 4, 5, 6, 7, 8, 9, 10, 11, 12, 13, 14, 15, 16, 17, 18, 19, 20, 21, 22, 23, 24, 25, 26, 27, 28, 29,
         30, 31, 32, 33, 34, 35, 36, 37, 38, 39, 40, 41, 42, 43, 44, 45, 46, 47, 48);
}
Simulation {
NRF2_spline= NDoses(49, 0, 0, 0, 0.16, 0.248, 0.271, 0.249, 0.295, 0.327, 0.3, 0.29, 0.253, 0.257, 0.23, 0.278, 0.272, 0.257, 0.251, 0.232, 0.268, 0.259, 0.231, 0.211, 0.202, 0.206, 0.097, 0.098, 0.068, 0.064, 0.051, 0.058, 0.051, 0.034, 0.04, 0.048, 0.024, 0.032, 0, 0.022, 0.036, 0.06, 0.028, 0.033, 0.018, 0.029, 0.011, 0.002, 0.001, 0, 0, 1, 2, 3, 4, 5, 6, 7, 8, 9, 10, 11, 12, 13, 14, 15, 16, 17, 18, 19, 20, 21, 22, 23, 24, 25, 26, 27, 28, 29, 30, 31, 32, 33, 34, 35, 36, 37, 38, 39, 40, 41, 42, 43, 44, 45, 46, 47, 
48);
Print (Srxn1, 0, 1, 2, 3, 4, 5, 6, 7, 8, 9, 10, 11, 12, 13, 14, 15, 16, 17, 18, 19, 20, 21, 22, 23, 24, 25, 26, 27, 28, 29,
         30, 31, 32, 33, 34, 35, 36, 37, 38, 39, 40, 41, 42, 43, 44, 45, 46, 47, 48);
}
Simulation {
NRF2_spline= NDoses(49, 0, 0, 0.195, 0.465, 0.678, 0.595, 0.58, 0.564, 0.503, 0.57, 0.541, 0.559, 0.575, 0.53, 0.575, 0.521, 0.503, 0.503, 0.463, 0.497, 0.46, 0.478, 0.455, 0.431, 0.417, 0.258, 0.255, 0.21, 0.205, 0.218, 0.175, 0.182, 0.163, 0.153, 0.161, 0.141, 0.152, 0.142, 0.138, 0.151, 0.142, 0.13, 0.133, 0.138, 0.123, 0.117, 0.085, 0.096, 0.103, 0, 1, 2, 3, 4, 5, 6, 7, 8, 9, 10, 11, 12, 13, 14, 15, 16, 17, 18, 19, 20, 21, 22, 23, 24, 25, 26, 27, 28, 29, 30, 31, 32, 33, 34, 35, 36, 37, 38, 39, 40, 41, 42, 43, 
44, 45, 46, 47, 48);
Print (Srxn1, 0, 1, 2, 3, 4, 5, 6, 7, 8, 9, 10, 11, 12, 13, 14, 15, 16, 17, 18, 19, 20, 21, 22, 23, 24, 25, 26, 27, 28, 29,
         30, 31, 32, 33, 34, 35, 36, 37, 38, 39, 40, 41, 42, 43, 44, 45, 46, 47, 48);
}
Simulation {
NRF2_spline= NDoses(49, 0, 0, 0.444, 0.82, 1.074, 0.991, 0.967, 0.969, 0.966, 0.879, 0.825, 0.816, 0.828, 0.817, 0.802, 0.801, 0.764, 0.788, 0.748, 0.808, 0.763, 0.723, 0.686, 0.725, 0.738, 0.489, 0.452, 0.416, 0.372, 0.334, 0.281, 0.254, 0.216, 0.232, 0.251, 0.195, 0.184, 0.185, 0.152, 0.197, 0.201, 0.192, 0.21, 0.194, 0.196, 0.186, 0.192, 0.15, 0.132, 0, 1, 2, 3, 4, 5, 6, 7, 8, 9, 10, 11, 12, 13, 14, 15, 16, 17, 18, 19, 20, 21, 22, 23, 24, 25, 26, 27, 28, 29, 30, 31, 32, 33, 34, 35, 36, 37, 38, 39, 40, 41, 42, 43, 
44, 45, 46, 47, 48);
Print (Srxn1, 0, 1, 2, 3, 4, 5, 6, 7, 8, 9, 10, 11, 12, 13, 14, 15, 16, 17, 18, 19, 20, 21, 22, 23, 24, 25, 26, 27, 28, 29,
         30, 31, 32, 33, 34, 35, 36, 37, 38, 39, 40, 41, 42, 43, 44, 45, 46, 47, 48);
}
Simulation {
NRF2_spline= NDoses(49, 0, 0, 0, 0, 0, 0, 0, 0, 0, 0, 0, 0, 0, 0, 0, 0, 0, 0, 0, 0, 0, 0, 0, 0, 0, 0, 0, 0, 0, 0, 0, 0, 0, 0, 0, 0, 0, 0, 0, 0, 0, 0, 0, 0, 0, 0, 0, 0, 0, 0, 1, 2, 3, 4, 5, 6, 7, 8, 9, 10, 11, 12, 13, 14, 15, 16, 17, 18, 19, 20, 21, 22, 23, 24, 25, 26, 27, 28, 29, 30, 31, 32, 33, 34, 35, 36, 37, 38, 39, 40, 41, 42, 43, 44, 45, 46, 47, 48);
Print (Srxn1, 0, 1, 2, 3, 4, 5, 6, 7, 8, 9, 10, 11, 12, 13, 14, 15, 16, 17, 18, 19, 20, 21, 22, 23, 24, 25, 26, 27, 28, 29,
         30, 31, 32, 33, 34, 35, 36, 37, 38, 39, 40, 41, 42, 43, 44, 45, 46, 47, 48);
}
Simulation {
NRF2_spline= NDoses(49, 0, 0, 0, 0, 0, 0, 0, 0, 0, 0, 0, 0, 0, 0, 0, 0, 0, 0, 0, 0, 0, 0, 0, 0, 0, 0, 0, 0, 0, 0, 0, 0, 0, 0, 0, 0, 0, 0, 0, 0, 0, 0, 0, 0, 0, 0, 0, 0, 0, 0, 1, 2, 3, 4, 5, 6, 7, 8, 9, 10, 11, 12, 13, 14, 15, 16, 17, 18, 19, 20, 21, 22, 23, 24, 25, 26, 27, 28, 29, 30, 31, 32, 33, 34, 35, 36, 37, 38, 39, 40, 41, 42, 43, 44, 45, 46, 47, 48);
Print (Srxn1, 0, 1, 2, 3, 4, 5, 6, 7, 8, 9, 10, 11, 12, 13, 14, 15, 16, 17, 18, 19, 20, 21, 22, 23, 24, 25, 26, 27, 28, 29,
         30, 31, 32, 33, 34, 35, 36, 37, 38, 39, 40, 41, 42, 43, 44, 45, 46, 47, 48);
}
Simulation {
NRF2_spline= NDoses(49, 0, 0, 0, 0, 0, 0, 0, 0, 0, 0, 0, 0, 0, 0, 0, 0, 0, 0, 0, 0, 0, 0, 0, 0, 0, 0, 0, 0, 0, 0, 0, 0, 0, 0, 0, 0, 0, 0, 0, 0, 0, 0, 0, 0, 0, 0, 0, 0, 0, 0, 1, 2, 3, 4, 5, 6, 7, 8, 9, 10, 11, 12, 13, 14, 15, 16, 17, 18, 19, 20, 21, 22, 23, 24, 25, 26, 27, 28, 29, 30, 31, 32, 33, 34, 35, 36, 37, 38, 39, 40, 41, 42, 43, 44, 45, 46, 47, 48);
Print (Srxn1, 0, 1, 2, 3, 4, 5, 6, 7, 8, 9, 10, 11, 12, 13, 14, 15, 16, 17, 18, 19, 20, 21, 22, 23, 24, 25, 26, 27, 28, 29,
         30, 31, 32, 33, 34, 35, 36, 37, 38, 39, 40, 41, 42, 43, 44, 45, 46, 47, 48);
}
Simulation {
NRF2_spline= NDoses(49, 0, 0, 0, 0, 0, 0, 0, 0, 0, 0, 0, 0, 0, 0, 0, 0, 0, 0, 0, 0, 0, 0, 0, 0, 0, 0, 0, 0, 0, 0, 0, 0, 0, 0, 0, 0, 0, 0.033, 0.05, 0.048, 0.057, 0.085, 0.05, 0.115, 0.076, 0.029, 0.042, 0, 0.015, 0, 1, 2, 3, 4, 5, 6, 7, 8, 9, 10, 11, 12, 13, 14, 15, 16, 17, 18, 19, 20, 21, 22, 23, 24, 25, 26, 27, 28, 29, 30, 31, 32, 33, 34, 35, 36, 37, 38, 39, 40, 41, 42, 43, 44, 45, 46, 47, 48);
Print (Srxn1, 0, 1, 2, 3, 4, 5, 6, 7, 8, 9, 10, 11, 12, 13, 14, 15, 16, 17, 18, 19, 20, 21, 22, 23, 24, 25, 26, 27, 28, 29,
         30, 31, 32, 33, 34, 35, 36, 37, 38, 39, 40, 41, 42, 43, 44, 45, 46, 47, 48);
}
Simulation {
NRF2_spline= NDoses(49, 0, 0, 0, 0, 0, 0.053, 0, 0, 0, 0, 0, 0, 0, 0, 0, 0, 0, 0, 0, 0, 0, 0, 0.012, 0, 0.024, 0.068, 0, 0, 0, 0.036, 0.027, 0.032, 0.058, 0.045, 0.036, 0.046, 0.011, 0.05, 0.014, 0.01, 0.02, 0.028, 0.006, 0.028, 0.025, 0.018, 0.047, 0.039, 0.028, 0, 1, 2, 3, 4, 5, 6, 7, 8, 9, 10, 11, 12, 13, 14, 15, 16, 17, 18, 19, 20, 21, 22, 23, 24, 25, 26, 27, 28, 29, 30, 31, 32, 33, 34, 35, 36, 37, 38, 39, 40, 41, 42, 43, 44, 45, 46, 47, 48);
Print (Srxn1, 0, 1, 2, 3, 4, 5, 6, 7, 8, 9, 10, 11, 12, 13, 14, 15, 16, 17, 18, 19, 20, 21, 22, 23, 24, 25, 26, 27, 28, 29,
         30, 31, 32, 33, 34, 35, 36, 37, 38, 39, 40, 41, 42, 43, 44, 45, 46, 47, 48);
}
Simulation {
NRF2_spline= NDoses(49, 0, 0, 0, 0.011, 0.085, 0.131, 0.087, 0.111, 0.077, 0.087, 0.074, 0.1, 0.1, 0.13, 0.108, 0.151, 0.144, 0.167, 0.175, 0.163, 0.17, 0.157, 0.166, 0.141, 0.148, 0.204, 0.036, 0, 0.029, 0.019, 0.089, 0.066, 0.099, 0.134, 0.17, 0.186, 0.162, 0.169, 0.149, 0.151, 0.155, 0.156, 0.141, 0.168, 0.151, 0.164, 0.151, 0.161, 0.154, 0, 1, 2, 3, 4, 5, 6, 7, 8, 9, 10, 11, 12, 13, 14, 15, 16, 17, 18, 19, 20, 21, 22, 23, 24, 25, 26, 27, 28, 29, 30, 31, 32, 33, 34, 35, 36, 37, 38, 39, 40, 41, 42, 43, 44, 45, 46, 
47, 48);
Print (Srxn1, 0, 1, 2, 3, 4, 5, 6, 7, 8, 9, 10, 11, 12, 13, 14, 15, 16, 17, 18, 19, 20, 21, 22, 23, 24, 25, 26, 27, 28, 29,
         30, 31, 32, 33, 34, 35, 36, 37, 38, 39, 40, 41, 42, 43, 44, 45, 46, 47, 48);
}
Simulation {
NRF2_spline= NDoses(49, 0, 0, 0.013, 0.292, 0.451, 0.463, 0.426, 0.426, 0.41, 0.383, 0.367, 0.338, 0.316, 0.332, 0.345, 0.305, 0.301, 0.332, 0.366, 0.393, 0.409, 0.413, 0.423, 0.381, 0.41, 0.632, 0.298, 0.208, 0.191, 0.187, 0.114, 0.129, 0.143, 0.114, 0.14, 0.138, 0.14, 0.198, 0.155, 0.201, 0.178, 0.187, 0.172, 0.16, 0.188, 0.18, 0.225, 0.245, 0.231, 0, 1, 2, 3, 4, 5, 6, 7, 8, 9, 10, 11, 12, 13, 14, 15, 16, 17, 18, 19, 20, 21, 22, 23, 24, 25, 26, 27, 28, 29, 30, 31, 32, 33, 34, 35, 36, 37, 38, 39, 40, 41, 42, 43, 
44, 45, 46, 47, 48);
Print (Srxn1, 0, 1, 2, 3, 4, 5, 6, 7, 8, 9, 10, 11, 12, 13, 14, 15, 16, 17, 18, 19, 20, 21, 22, 23, 24, 25, 26, 27, 28, 29,
         30, 31, 32, 33, 34, 35, 36, 37, 38, 39, 40, 41, 42, 43, 44, 45, 46, 47, 48);
}
Simulation {
NRF2_spline= NDoses(49, 0, 0, 0, 0, 0, 0, 0, 0, 0, 0, 0, 0, 0, 0, 0, 0, 0, 0, 0, 0, 0, 0, 0, 0, 0, 0, 0, 0, 0.007, 0.014, 0.016, 0.017, 0.01, 0.017, 0.03, 0.052, 0.054, 0.077, 0.03, 0.041, 0.035, 0.041, 0.032, 0.029, 0.038, 0.043, 0.041, 0.042, 0.055, 0, 1, 2, 3, 4, 5, 6, 7, 8, 9, 10, 11, 12, 13, 14, 15, 16, 17, 18, 19, 20, 21, 22, 23, 24, 25, 26, 27, 28, 29, 30, 31, 32, 33, 34, 35, 36, 37, 38, 39, 40, 41, 42, 43, 44, 45, 46, 47, 48);
Print (Srxn1, 0, 1, 2, 3, 4, 5, 6, 7, 8, 9, 10, 11, 12, 13, 14, 15, 16, 17, 18, 19, 20, 21, 22, 23, 24, 25, 26, 27, 28, 29,
         30, 31, 32, 33, 34, 35, 36, 37, 38, 39, 40, 41, 42, 43, 44, 45, 46, 47, 48);
}
Simulation {
NRF2_spline= NDoses(49, 0, 0, 0, 0, 0, 0, 0, 0, 0, 0, 0, 0, 0, 0, 0, 0, 0, 0, 0, 0, 0, 0, 0, 0, 0, 0, 0, 0, 0, 0, 0, 0, 0, 0, 0, 0, 0, 0, 0, 0, 0, 0, 0, 0, 0, 0, 0, 0, 0, 0, 1, 2, 3, 4, 5, 6, 7, 8, 9, 10, 11, 12, 13, 14, 15, 16, 17, 18, 19, 20, 21, 22, 23, 24, 25, 26, 27, 28, 29, 30, 31, 32, 33, 34, 35, 36, 37, 38, 39, 40, 41, 42, 43, 44, 45, 46, 47, 48);
Print (Srxn1, 0, 1, 2, 3, 4, 5, 6, 7, 8, 9, 10, 11, 12, 13, 14, 15, 16, 17, 18, 19, 20, 21, 22, 23, 24, 25, 26, 27, 28, 29,
         30, 31, 32, 33, 34, 35, 36, 37, 38, 39, 40, 41, 42, 43, 44, 45, 46, 47, 48);
}
Simulation {
NRF2_spline= NDoses(49, 0, 0, 0, 0, 0, 0, 0, 0, 0, 0, 0, 0, 0, 0, 0, 0, 0, 0, 0, 0, 0, 0, 0, 0, 0, 0, 0, 0, 0, 0, 0, 0, 0.003, 0.006, 0.013, 0.018, 0.037, 0, 0, 0, 0, 0, 0, 0, 0, 0, 0, 0, 0, 0, 1, 2, 3, 4, 5, 6, 7, 8, 9, 10, 11, 12, 13, 14, 15, 16, 17, 18, 19, 20, 21, 22, 23, 24, 25, 26, 27, 28, 29, 30, 31, 32, 33, 34, 35, 36, 37, 38, 39, 40, 41, 42, 43, 44, 45, 46, 47, 48);
Print (Srxn1, 0, 1, 2, 3, 4, 5, 6, 7, 8, 9, 10, 11, 12, 13, 14, 15, 16, 17, 18, 19, 20, 21, 22, 23, 24, 25, 26, 27, 28, 29,
         30, 31, 32, 33, 34, 35, 36, 37, 38, 39, 40, 41, 42, 43, 44, 45, 46, 47, 48);
}
Simulation {
NRF2_spline= NDoses(49, 0, 0, 0, 0.013, 0.054, 0.027, 0.01, 0.02, 0, 0.005, 0.009, 0.018, 0.03, 0.003, 0.035, 0.023, 0.002, 0, 0, 0, 0.004, 0.005, 0, 0, 0, 0, 0, 0, 0, 0, 0, 0, 0, 0, 0, 0, 0, 0.01, 0, 0.012, 0.033, 0.009, 0, 0, 0, 0, 0, 0, 0, 0, 1, 2, 3, 4, 5, 6, 7, 8, 9, 10, 11, 12, 13, 14, 15, 16, 17, 18, 19, 20, 21, 22, 23, 24, 25, 26, 27, 28, 29, 30, 31, 32, 33, 34, 35, 36, 37, 38, 39, 40, 41, 42, 43, 44, 45, 46, 47, 48);
Print (Srxn1, 0, 1, 2, 3, 4, 5, 6, 7, 8, 9, 10, 11, 12, 13, 14, 15, 16, 17, 18, 19, 20, 21, 22, 23, 24, 25, 26, 27, 28, 29,
         30, 31, 32, 33, 34, 35, 36, 37, 38, 39, 40, 41, 42, 43, 44, 45, 46, 47, 48);
}
Simulation {
NRF2_spline= NDoses(49, 0, 0, 0, 0, 0.05, 0.052, 0.03, 0.028, 0, 0, 0, 0.018, 0, 0, 0.012, 0.01, 0, 0, 0, 0, 0, 0, 0, 0, 0, 0, 0, 0, 0, 0, 0, 0, 0, 0, 0, 0, 0, 0, 0, 0.015, 0.013, 0, 0, 0, 0, 0, 0, 0, 0, 0, 1, 2, 3, 4, 5, 6, 7, 8, 9, 10, 11, 12, 13, 14, 15, 16, 17, 18, 19, 20, 21, 22, 23, 24, 25, 26, 27, 28, 29, 30, 31, 32, 33, 34, 35, 36, 37, 38, 39, 40, 41, 42, 43, 44, 45, 46, 47, 48);
Print (Srxn1, 0, 1, 2, 3, 4, 5, 6, 7, 8, 9, 10, 11, 12, 13, 14, 15, 16, 17, 18, 19, 20, 21, 22, 23, 24, 25, 26, 27, 28, 29,
         30, 31, 32, 33, 34, 35, 36, 37, 38, 39, 40, 41, 42, 43, 44, 45, 46, 47, 48);
}
Simulation {
NRF2_spline= NDoses(49, 0, 0, 0, 0.082, 0.252, 0.292, 0.264, 0.291, 0.295, 0.233, 0.267, 0.198, 0.189, 0.192, 0.174, 0.2, 0.263, 0.221, 0.227, 0.216, 0.18, 0.217, 0.233, 0.226, 0.207, 0.215, 0.103, 0.071, 0.046, 0.06, 0.021, 0.039, 0.035, 0.042, 0.031, 0.072, 0.051, 0.038, 0.006, 0.032, 0.069, 0.054, 0.063, 0.079, 0.098, 0.087, 0.103, 0.107, 0.061, 0, 1, 2, 3, 4, 5, 6, 7, 8, 9, 10, 11, 12, 13, 14, 15, 16, 17, 18, 19, 20, 21, 22, 23, 24, 25, 26, 27, 28, 29, 30, 31, 32, 33, 34, 35, 36, 37, 38, 39, 40, 41, 42, 43, 44, 
45, 46, 47, 48);
Print (Srxn1, 0, 1, 2, 3, 4, 5, 6, 7, 8, 9, 10, 11, 12, 13, 14, 15, 16, 17, 18, 19, 20, 21, 22, 23, 24, 25, 26, 27, 28, 29,
         30, 31, 32, 33, 34, 35, 36, 37, 38, 39, 40, 41, 42, 43, 44, 45, 46, 47, 48);
}
Simulation {
NRF2_spline= NDoses(49, 0, 0, 0.16, 0.487, 0.628, 0.644, 0.669, 0.618, 0.605, 0.566, 0.598, 0.571, 0.496, 0.56, 0.51, 0.546, 0.517, 0.5, 0.491, 0.496, 0.55, 0.498, 0.578, 0.558, 0.635, 0.615, 0.38, 0.35, 0.331, 0.309, 0.28, 0.251, 0.246, 0.236, 0.22, 0.2, 0.18, 0.214, 0.18, 0.216, 0.262, 0.222, 0.243, 0.261, 0.248, 0.242, 0.212, 0.238, 0.252, 0, 1, 2, 3, 4, 5, 6, 7, 8, 9, 10, 11, 12, 13, 14, 15, 16, 17, 18, 19, 20, 21, 22, 23, 24, 25, 26, 27, 28, 29, 30, 31, 32, 33, 34, 35, 36, 37, 38, 39, 40, 41, 42, 43, 44, 45, 
46, 47, 48);
Print (Srxn1, 0, 1, 2, 3, 4, 5, 6, 7, 8, 9, 10, 11, 12, 13, 14, 15, 16, 17, 18, 19, 20, 21, 22, 23, 24, 25, 26, 27, 28, 29,
         30, 31, 32, 33, 34, 35, 36, 37, 38, 39, 40, 41, 42, 43, 44, 45, 46, 47, 48);
}
Simulation {
NRF2_spline= NDoses(49, 0, 0, 0, 0, 0, 0, 0, 0, 0, 0, 0, 0, 0, 0, 0, 0, 0, 0, 0, 0, 0, 0, 0, 0, 0, 0, 0, 0, 0, 0.024, 0.014, 0.096, 0.07, 0.066, 0.035, 0.055, 0.054, 0.037, 0.028, 0.064, 0.072, 0.05, 0.086, 0.071, 0.066, 0.07, 0.058, 0.045, 0.05, 0, 1, 2, 3, 4, 5, 6, 7, 8, 9, 10, 11, 12, 13, 14, 15, 16, 17, 18, 19, 20, 21, 22, 23, 24, 25, 26, 27, 28, 29, 30, 31, 32, 33, 34, 35, 36, 37, 38, 39, 40, 41, 42, 43, 44, 45, 46, 47, 48);
Print (Srxn1, 0, 1, 2, 3, 4, 5, 6, 7, 8, 9, 10, 11, 12, 13, 14, 15, 16, 17, 18, 19, 20, 21, 22, 23, 24, 25, 26, 27, 28, 29,
         30, 31, 32, 33, 34, 35, 36, 37, 38, 39, 40, 41, 42, 43, 44, 45, 46, 47, 48);
}
Simulation {
NRF2_spline= NDoses(49, 0, 0, 0, 0, 0, 0, 0, 0, 0, 0, 0, 0, 0, 0, 0, 0, 0, 0, 0, 0, 0, 0, 0, 0, 0, 0, 0, 0, 0.011, 0.046, 0.057, 0.051, 0.05, 0.048, 0.047, 0.067, 0.029, 0.042, 0.003, 0.044, 0.025, 0.04, 0.001, 0.05, 0.034, 0.037, 0.054, 0.023, 0.03, 0, 1, 2, 3, 4, 5, 6, 7, 8, 9, 10, 11, 12, 13, 14, 15, 16, 17, 18, 19, 20, 21, 22, 23, 24, 25, 26, 27, 28, 29, 30, 31, 32, 33, 34, 35, 36, 37, 38, 39, 40, 41, 42, 43, 44, 45, 46, 47, 48);
Print (Srxn1, 0, 1, 2, 3, 4, 5, 6, 7, 8, 9, 10, 11, 12, 13, 14, 15, 16, 17, 18, 19, 20, 21, 22, 23, 24, 25, 26, 27, 28, 29,
         30, 31, 32, 33, 34, 35, 36, 37, 38, 39, 40, 41, 42, 43, 44, 45, 46, 47, 48);
}
Simulation {
NRF2_spline= NDoses(49, 0, 0, 0, 0, 0, 0, 0, 0, 0, 0, 0, 0, 0, 0, 0, 0, 0, 0, 0, 0, 0, 0, 0, 0, 0, 0, 0, 0, 0.008, 0.022, 0.059, 0.065, 0.118, 0.087, 0.092, 0.086, 0.078, 0.081, 0.111, 0.12, 0.126, 0.112, 0.07, 0.09, 0.071, 0.047, 0.033, 0.036, 0.044, 0, 1, 2, 3, 4, 5, 6, 7, 8, 9, 10, 11, 12, 13, 14, 15, 16, 17, 18, 19, 20, 21, 22, 23, 24, 25, 26, 27, 28, 29, 30, 31, 32, 33, 34, 35, 36, 37, 38, 39, 40, 41, 42, 43, 44, 45, 46, 47, 48);
Print (Srxn1, 0, 1, 2, 3, 4, 5, 6, 7, 8, 9, 10, 11, 12, 13, 14, 15, 16, 17, 18, 19, 20, 21, 22, 23, 24, 25, 26, 27, 28, 29,
         30, 31, 32, 33, 34, 35, 36, 37, 38, 39, 40, 41, 42, 43, 44, 45, 46, 47, 48);
}
Simulation {
NRF2_spline= NDoses(49, 0, 0, 0, 0.051, 0.019, 0.077, 0.059, 0.046, 0.035, 0.057, 0.051, 0.047, 0.045, 0.069, 0.121, 0.113, 0.119, 0.091, 0.076, 0.073, 0.067, 0.085, 0.104, 0.102, 0.1, 0, 0, 0, 0.014, 0.026, 0.008, 0.058, 0.059, 0.058, 0.065, 0.066, 0.08, 0.073, 0.096, 0.082, 0.086, 0.093, 0.105, 0.111, 0.096, 0.086, 0.093, 0.096, 0.103, 0, 1, 2, 3, 4, 5, 6, 7, 8, 9, 10, 11, 12, 13, 14, 15, 16, 17, 18, 19, 20, 21, 22, 23, 24, 25, 26, 27, 28, 29, 30, 31, 32, 33, 34, 35, 36, 37, 38, 39, 40, 41, 42, 43, 44, 45, 46, 47, 
48);
Print (Srxn1, 0, 1, 2, 3, 4, 5, 6, 7, 8, 9, 10, 11, 12, 13, 14, 15, 16, 17, 18, 19, 20, 21, 22, 23, 24, 25, 26, 27, 28, 29,
         30, 31, 32, 33, 34, 35, 36, 37, 38, 39, 40, 41, 42, 43, 44, 45, 46, 47, 48);
}
Simulation {
NRF2_spline= NDoses(49, 0, 0, 0, 0.115, 0.185, 0.223, 0.187, 0.216, 0.186, 0.175, 0.187, 0.246, 0.216, 0.203, 0.228, 0.195, 0.176, 0.199, 0.176, 0.189, 0.185, 0.165, 0.134, 0.121, 0.115, 0.081, 0.071, 0.087, 0.174, 0.159, 0.159, 0.153, 0.127, 0.155, 0.179, 0.182, 0.18, 0.169, 0.162, 0.141, 0.162, 0.152, 0.175, 0.171, 0.171, 0.125, 0.142, 0.134, 0.112, 0, 1, 2, 3, 4, 5, 6, 7, 8, 9, 10, 11, 12, 13, 14, 15, 16, 17, 18, 19, 20, 21, 22, 23, 24, 25, 26, 27, 28, 29, 30, 31, 32, 33, 34, 35, 36, 37, 38, 39, 40, 41, 42, 43, 
44, 45, 46, 47, 48);
Print (Srxn1, 0, 1, 2, 3, 4, 5, 6, 7, 8, 9, 10, 11, 12, 13, 14, 15, 16, 17, 18, 19, 20, 21, 22, 23, 24, 25, 26, 27, 28, 29,
         30, 31, 32, 33, 34, 35, 36, 37, 38, 39, 40, 41, 42, 43, 44, 45, 46, 47, 48);
}
Simulation {
NRF2_spline= NDoses(49, 0, 0, 0.067, 0.327, 0.581, 0.66, 0.6, 0.605, 0.546, 0.495, 0.514, 0.439, 0.424, 0.398, 0.426, 0.423, 0.42, 0.405, 0.37, 0.398, 0.388, 0.413, 0.381, 0.419, 0.396, 0.322, 0.237, 0.279, 0.305, 0.305, 0.304, 0.362, 0.305, 0.385, 0.375, 0.367, 0.313, 0.308, 0.293, 0.304, 0.326, 0.331, 0.326, 0.317, 0.33, 0.315, 0.313, 0.319, 0.305, 0, 1, 2, 3, 4, 5, 6, 7, 8, 9, 10, 11, 12, 13, 14, 15, 16, 17, 18, 19, 20, 21, 22, 23, 24, 25, 26, 27, 28, 29, 30, 31, 32, 33, 34, 35, 36, 37, 38, 39, 40, 41, 42, 43, 
44, 45, 46, 47, 48);
Print (Srxn1, 0, 1, 2, 3, 4, 5, 6, 7, 8, 9, 10, 11, 12, 13, 14, 15, 16, 17, 18, 19, 20, 21, 22, 23, 24, 25, 26, 27, 28, 29,
         30, 31, 32, 33, 34, 35, 36, 37, 38, 39, 40, 41, 42, 43, 44, 45, 46, 47, 48);
}
Simulation {
NRF2_spline= NDoses(49, 0, 0, 0.105, 0.464, 0.594, 0.603, 0.565, 0.562, 0.553, 0.553, 0.479, 0.532, 0.525, 0.5, 0.511, 0.501, 0.478, 0.484, 0.494, 0.492, 0.462, 0.458, 0.545, 0.535, 0.527, 0.657, 0.439, 0.385, 0.425, 0.41, 0.383, 0.377, 0.344, 0.39, 0.398, 0.381, 0.365, 0.355, 0.336, 0.299, 0.351, 0.338, 0.332, 0.319, 0.299, 0.235, 0.204, 0.206, 0.186, 0, 1, 2, 3, 4, 5, 6, 7, 8, 9, 10, 11, 12, 13, 14, 15, 16, 17, 18, 19, 20, 21, 22, 23, 24, 25, 26, 27, 28, 29, 30, 31, 32, 33, 34, 35, 36, 37, 38, 39, 40, 41, 42, 43, 
44, 45, 46, 47, 48);
Print (Srxn1, 0, 1, 2, 3, 4, 5, 6, 7, 8, 9, 10, 11, 12, 13, 14, 15, 16, 17, 18, 19, 20, 21, 22, 23, 24, 25, 26, 27, 28, 29,
         30, 31, 32, 33, 34, 35, 36, 37, 38, 39, 40, 41, 42, 43, 44, 45, 46, 47, 48);
}
Simulation {
NRF2_spline= NDoses(49, 0, 0, 0, 0, 0, 0, 0, 0, 0, 0, 0, 0, 0, 0, 0, 0, 0, 0, 0, 0, 0, 0, 0, 0, 0, 0, 0, 0.05, 0.143, 0.16, 0.153, 0.167, 0.144, 0.125, 0.169, 0.178, 0.146, 0.139, 0.15, 0.162, 0.162, 0.157, 0.159, 0.155, 0.145, 0.119, 0.12, 0.126, 0.096, 0, 1, 2, 3, 4, 5, 6, 7, 8, 9, 10, 11, 12, 13, 14, 15, 16, 17, 18, 19, 20, 21, 22, 23, 24, 25, 26, 27, 28, 29, 30, 31, 32, 33, 34, 35, 36, 37, 38, 39, 40, 41, 42, 43, 44, 45, 46, 47, 48);
Print (Srxn1, 0, 1, 2, 3, 4, 5, 6, 7, 8, 9, 10, 11, 12, 13, 14, 15, 16, 17, 18, 19, 20, 21, 22, 23, 24, 25, 26, 27, 28, 29,
         30, 31, 32, 33, 34, 35, 36, 37, 38, 39, 40, 41, 42, 43, 44, 45, 46, 47, 48);
}
Simulation {
NRF2_spline= NDoses(49, 0, 0, 0, 0, 0, 0, 0, 0, 0, 0, 0, 0, 0, 0, 0, 0, 0, 0, 0, 0, 0, 0, 0, 0, 0, 0, 0, 0.122, 0.211, 0.241, 0.221, 0.259, 0.25, 0.266, 0.239, 0.297, 0.272, 0.253, 0.285, 0.266, 0.249, 0.271, 0.259, 0.242, 0.225, 0.216, 0.251, 0.219, 0.22, 0, 1, 2, 3, 4, 5, 6, 7, 8, 9, 10, 11, 12, 13, 14, 15, 16, 17, 18, 19, 20, 21, 22, 23, 24, 25, 26, 27, 28, 29, 30, 31, 32, 33, 34, 35, 36, 37, 38, 39, 40, 41, 42, 43, 44, 45, 46, 47, 48);
Print (Srxn1, 0, 1, 2, 3, 4, 5, 6, 7, 8, 9, 10, 11, 12, 13, 14, 15, 16, 17, 18, 19, 20, 21, 22, 23, 24, 25, 26, 27, 28, 29,
         30, 31, 32, 33, 34, 35, 36, 37, 38, 39, 40, 41, 42, 43, 44, 45, 46, 47, 48);
}
Simulation {
NRF2_spline= NDoses(49, 0, 0, 0, 0, 0, 0, 0, 0, 0, 0.013, 0, 0, 0, 0, 0, 0, 0, 0, 0, 0, 0, 0, 0, 0, 0, 0, 0, 0.071, 0.141, 0.159, 0.162, 0.209, 0.206, 0.209, 0.186, 0.208, 0.178, 0.181, 0.206, 0.192, 0.182, 0.186, 0.168, 0.149, 0.135, 0.145, 0.175, 0.162, 0.141, 0, 1, 2, 3, 4, 5, 6, 7, 8, 9, 10, 11, 12, 13, 14, 15, 16, 17, 18, 19, 20, 21, 22, 23, 24, 25, 26, 27, 28, 29, 30, 31, 32, 33, 34, 35, 36, 37, 38, 39, 40, 41, 42, 43, 44, 45, 46, 47, 48);
Print (Srxn1, 0, 1, 2, 3, 4, 5, 6, 7, 8, 9, 10, 11, 12, 13, 14, 15, 16, 17, 18, 19, 20, 21, 22, 23, 24, 25, 26, 27, 28, 29,
         30, 31, 32, 33, 34, 35, 36, 37, 38, 39, 40, 41, 42, 43, 44, 45, 46, 47, 48);
}
Simulation {
NRF2_spline= NDoses(49, 0, 0, 0, 0, 0.016, 0.011, 0, 0.009, 0.019, 0, 0.043, 0.006, 0.014, 0, 0.036, 0.006, 0.003, 0, 0, 0, 0, 0, 0, 0.005, 0, 0, 0.006, 0.111, 0.195, 0.243, 0.218, 0.203, 0.242, 0.253, 0.239, 0.243, 0.275, 0.3, 0.254, 0.244, 0.233, 0.249, 0.239, 0.226, 0.218, 0.197, 0.2, 0.184, 0.176, 0, 1, 2, 3, 4, 5, 6, 7, 8, 9, 10, 11, 12, 13, 14, 15, 16, 17, 18, 19, 20, 21, 22, 23, 24, 25, 26, 27, 28, 29, 30, 31, 32, 33, 34, 35, 36, 37, 38, 39, 40, 41, 42, 43, 44, 45, 46, 47, 48);
Print (Srxn1, 0, 1, 2, 3, 4, 5, 6, 7, 8, 9, 10, 11, 12, 13, 14, 15, 16, 17, 18, 19, 20, 21, 22, 23, 24, 25, 26, 27, 28, 29,
         30, 31, 32, 33, 34, 35, 36, 37, 38, 39, 40, 41, 42, 43, 44, 45, 46, 47, 48);
}
Simulation {
NRF2_spline= NDoses(49, 0, 0, 0.016, 0.174, 0.215, 0.231, 0.278, 0.256, 0.198, 0.198, 0.254, 0.233, 0.252, 0.231, 0.22, 0.18, 0.195, 0.183, 0.179, 0.217, 0.225, 0.206, 0.173, 0.117, 0.118, 0.033, 0.045, 0.128, 0.186, 0.204, 0.183, 0.224, 0.198, 0.208, 0.208, 0.219, 0.211, 0.22, 0.221, 0.228, 0.21, 0.203, 0.164, 0.131, 0.141, 0.15, 0.148, 0.135, 0.139, 0, 1, 2, 3, 4, 5, 6, 7, 8, 9, 10, 11, 12, 13, 14, 15, 16, 17, 18, 19, 20, 21, 22, 23, 24, 25, 26, 27, 28, 29, 30, 31, 32, 33, 34, 35, 36, 37, 38, 39, 40, 41, 42, 43, 
44, 45, 46, 47, 48);
Print (Srxn1, 0, 1, 2, 3, 4, 5, 6, 7, 8, 9, 10, 11, 12, 13, 14, 15, 16, 17, 18, 19, 20, 21, 22, 23, 24, 25, 26, 27, 28, 29,
         30, 31, 32, 33, 34, 35, 36, 37, 38, 39, 40, 41, 42, 43, 44, 45, 46, 47, 48);
}
Simulation {
NRF2_spline= NDoses(49, 0, 0, 0.162, 0.433, 0.568, 0.53, 0.514, 0.563, 0.516, 0.515, 0.504, 0.454, 0.48, 0.46, 0.475, 0.478, 0.472, 0.473, 0.417, 0.422, 0.414, 0.401, 0.436, 0.4, 0.396, 0.265, 0.282, 0.361, 0.419, 0.437, 0.396, 0.392, 0.379, 0.38, 0.397, 0.386, 0.372, 0.34, 0.326, 0.33, 0.312, 0.318, 0.3, 0.304, 0.303, 0.307, 0.281, 0.308, 0.323, 0, 1, 2, 3, 4, 5, 6, 7, 8, 9, 10, 11, 12, 13, 14, 15, 16, 17, 18, 19, 20, 21, 22, 23, 24, 25, 26, 27, 28, 29, 30, 31, 32, 33, 34, 35, 36, 37, 38, 39, 40, 41, 42, 43, 44, 
45, 46, 47, 48);
Print (Srxn1, 0, 1, 2, 3, 4, 5, 6, 7, 8, 9, 10, 11, 12, 13, 14, 15, 16, 17, 18, 19, 20, 21, 22, 23, 24, 25, 26, 27, 28, 29,
         30, 31, 32, 33, 34, 35, 36, 37, 38, 39, 40, 41, 42, 43, 44, 45, 46, 47, 48);
}
Simulation {
NRF2_spline= NDoses(49, 0, 0, 0.445, 0.934, 1.18, 1.139, 1.09, 1.05, 1.01, 0.981, 0.908, 0.941, 0.954, 0.919, 0.938, 0.916, 0.854, 0.887, 0.914, 0.847, 0.926, 0.938, 0.914, 0.82, 0.786, 0.53, 0.408, 0.427, 0.481, 0.487, 0.469, 0.441, 0.46, 0.434, 0.444, 0.371, 0.396, 0.363, 0.379, 0.347, 0.294, 0.335, 0.307, 0.325, 0.305, 0.268, 0.291, 0.257, 0.261, 0, 1, 2, 3, 4, 5, 6, 7, 8, 9, 10, 11, 12, 13, 14, 15, 16, 17, 18, 19, 20, 21, 22, 23, 24, 25, 26, 27, 28, 29, 30, 31, 32, 33, 34, 35, 36, 37, 38, 39, 40, 41, 42, 43, 44, 
45, 46, 47, 48);
Print (Srxn1, 0, 1, 2, 3, 4, 5, 6, 7, 8, 9, 10, 11, 12, 13, 14, 15, 16, 17, 18, 19, 20, 21, 22, 23, 24, 25, 26, 27, 28, 29,
         30, 31, 32, 33, 34, 35, 36, 37, 38, 39, 40, 41, 42, 43, 44, 45, 46, 47, 48);
}
Simulation {
NRF2_spline= NDoses(49, 0, 0, 0, 0, 0, 0, 0, 0, 0, 0, 0, 0, 0, 0, 0, 0, 0, 0, 0, 0, 0, 0, 0, 0, 0, 0, 0.045, 0.287, 0.442, 0.432, 0.481, 0.48, 0.433, 0.418, 0.445, 0.426, 0.392, 0.381, 0.359, 0.365, 0.377, 0.372, 0.334, 0.34, 0.363, 0.333, 0.387, 0.358, 0.345, 0, 1, 2, 3, 4, 5, 6, 7, 8, 9, 10, 11, 12, 13, 14, 15, 16, 17, 18, 19, 20, 21, 22, 23, 24, 25, 26, 27, 28, 29, 30, 31, 32, 33, 34, 35, 36, 37, 38, 39, 40, 41, 42, 43, 44, 45, 46, 47, 48);
Print (Srxn1, 0, 1, 2, 3, 4, 5, 6, 7, 8, 9, 10, 11, 12, 13, 14, 15, 16, 17, 18, 19, 20, 21, 22, 23, 24, 25, 26, 27, 28, 29,
         30, 31, 32, 33, 34, 35, 36, 37, 38, 39, 40, 41, 42, 43, 44, 45, 46, 47, 48);
}
Simulation {
NRF2_spline= NDoses(49, 0, 0, 0, 0, 0, 0, 0, 0, 0, 0, 0, 0.007, 0, 0, 0.027, 0, 0.002, 0, 0, 0.015, 0, 0, 0, 0, 0, 0, 0.082, 0.444, 0.594, 0.627, 0.594, 0.55, 0.548, 0.564, 0.497, 0.497, 0.475, 0.511, 0.463, 0.453, 0.449, 0.434, 0.377, 0.338, 0.323, 0.272, 0.277, 0.227, 0.247, 0, 1, 2, 3, 4, 5, 6, 7, 8, 9, 10, 11, 12, 13, 14, 15, 16, 17, 18, 19, 20, 21, 22, 23, 24, 25, 26, 27, 28, 29, 30, 31, 32, 33, 34, 35, 36, 37, 38, 39, 40, 41, 42, 43, 44, 45, 46, 47, 48);
Print (Srxn1, 0, 1, 2, 3, 4, 5, 6, 7, 8, 9, 10, 11, 12, 13, 14, 15, 16, 17, 18, 19, 20, 21, 22, 23, 24, 25, 26, 27, 28, 29,
         30, 31, 32, 33, 34, 35, 36, 37, 38, 39, 40, 41, 42, 43, 44, 45, 46, 47, 48);
}
Simulation {
NRF2_spline= NDoses(49, 0, 0, 0, 0, 0, 0.01, 0.017, 0.007, 0.023, 0, 0.028, 0, 0.012, 0, 0.021, 0.002, 0.049, 0.013, 0.013, 0.015, 0, 0, 0, 0, 0, 0, 0.078, 0.358, 0.497, 0.484, 0.545, 0.531, 0.538, 0.531, 0.538, 0.474, 0.48, 0.49, 0.496, 0.487, 0.486, 0.427, 0.355, 0.335, 0.296, 0.255, 0.269, 0.264, 0.243, 0, 1, 2, 3, 4, 5, 6, 7, 8, 9, 10, 11, 12, 13, 14, 15, 16, 17, 18, 19, 20, 21, 22, 23, 24, 25, 26, 27, 28, 29, 30, 31, 32, 33, 34, 35, 36, 37, 38, 39, 40, 41, 42, 43, 44, 45, 46, 47, 48);
Print (Srxn1, 0, 1, 2, 3, 4, 5, 6, 7, 8, 9, 10, 11, 12, 13, 14, 15, 16, 17, 18, 19, 20, 21, 22, 23, 24, 25, 26, 27, 28, 29,
         30, 31, 32, 33, 34, 35, 36, 37, 38, 39, 40, 41, 42, 43, 44, 45, 46, 47, 48);
}
Simulation {
NRF2_spline= NDoses(49, 0, 0, 0.019, 0.087, 0.119, 0.079, 0.059, 0.074, 0.065, 0.09, 0.074, 0.082, 0.062, 0.037, 0.097, 0.084, 0.074, 0.08, 0.069, 0.072, 0.057, 0.053, 0.083, 0.065, 0.046, 0, 0.113, 0.3, 0.425, 0.458, 0.465, 0.561, 0.562, 0.485, 0.489, 0.457, 0.415, 0.428, 0.406, 0.368, 0.415, 0.41, 0.446, 0.413, 0.408, 0.383, 0.383, 0.367, 0.379, 0, 1, 2, 3, 4, 5, 6, 7, 8, 9, 10, 11, 12, 13, 14, 15, 16, 17, 18, 19, 20, 21, 22, 23, 24, 25, 26, 27, 28, 29, 30, 31, 32, 33, 34, 35, 36, 37, 38, 39, 40, 41, 42, 43, 44, 
45, 46, 47, 48);
Print (Srxn1, 0, 1, 2, 3, 4, 5, 6, 7, 8, 9, 10, 11, 12, 13, 14, 15, 16, 17, 18, 19, 20, 21, 22, 23, 24, 25, 26, 27, 28, 29,
         30, 31, 32, 33, 34, 35, 36, 37, 38, 39, 40, 41, 42, 43, 44, 45, 46, 47, 48);
}
Simulation {
NRF2_spline= NDoses(49, 0, 0, 0.085, 0.242, 0.274, 0.294, 0.254, 0.285, 0.232, 0.233, 0.232, 0.217, 0.229, 0.203, 0.213, 0.204, 0.181, 0.205, 0.177, 0.224, 0.167, 0.193, 0.203, 0.194, 0.179, 0.039, 0.147, 0.383, 0.451, 0.448, 0.429, 0.487, 0.512, 0.499, 0.459, 0.455, 0.441, 0.438, 0.432, 0.448, 0.459, 0.457, 0.429, 0.357, 0.342, 0.311, 0.346, 0.282, 0.226, 0, 1, 2, 3, 4, 5, 6, 7, 8, 9, 10, 11, 12, 13, 14, 15, 16, 17, 18, 19, 20, 21, 22, 23, 24, 25, 26, 27, 28, 29, 30, 31, 32, 33, 34, 35, 36, 37, 38, 39, 40, 41, 42, 
43, 44, 45, 46, 47, 48);
Print (Srxn1, 0, 1, 2, 3, 4, 5, 6, 7, 8, 9, 10, 11, 12, 13, 14, 15, 16, 17, 18, 19, 20, 21, 22, 23, 24, 25, 26, 27, 28, 29,
         30, 31, 32, 33, 34, 35, 36, 37, 38, 39, 40, 41, 42, 43, 44, 45, 46, 47, 48);
}
Simulation {
NRF2_spline= NDoses(49, 0, 0.015, 0.361, 0.643, 0.793, 0.734, 0.703, 0.747, 0.69, 0.673, 0.676, 0.612, 0.589, 0.554, 0.618, 0.642, 0.615, 0.592, 0.549, 0.611, 0.562, 0.591, 0.544, 0.551, 0.543, 0.358, 0.425, 0.499, 0.597, 0.618, 0.574, 0.603, 0.568, 0.556, 0.563, 0.552, 0.537, 0.566, 0.529, 0.517, 0.519, 0.519, 0.486, 0.503, 0.514, 0.528, 0.493, 0.508, 0.478, 0, 1, 2, 3, 4, 5, 6, 7, 8, 9, 10, 11, 12, 13, 14, 15, 16, 17, 18, 19, 20, 21, 22, 23, 24, 25, 26, 27, 28, 29, 30, 31, 32, 33, 34, 35, 36, 37, 38, 39, 40, 41, 
42, 43, 44, 45, 46, 47, 48);
Print (Srxn1, 0, 1, 2, 3, 4, 5, 6, 7, 8, 9, 10, 11, 12, 13, 14, 15, 16, 17, 18, 19, 20, 21, 22, 23, 24, 25, 26, 27, 28, 29,
         30, 31, 32, 33, 34, 35, 36, 37, 38, 39, 40, 41, 42, 43, 44, 45, 46, 47, 48);
}
Simulation {
NRF2_spline= NDoses(49, 0, 0, 0.328, 0.906, 1.022, 0.989, 0.953, 0.962, 0.91, 0.932, 0.851, 0.824, 0.794, 0.79, 0.78, 0.811, 0.819, 0.821, 0.786, 0.786, 0.899, 0.827, 0.907, 0.824, 0.765, 0.61, 0.593, 0.686, 0.743, 0.762, 0.739, 0.71, 0.753, 0.793, 0.735, 0.753, 0.708, 0.675, 0.66, 0.611, 0.55, 0.572, 0.566, 0.531, 0.607, 0.588, 0.54, 0.495, 0.517, 0, 1, 2, 3, 4, 5, 6, 7, 8, 9, 10, 11, 12, 13, 14, 15, 16, 17, 18, 19, 20, 21, 22, 23, 24, 25, 26, 27, 28, 29, 30, 31, 32, 33, 34, 35, 36, 37, 38, 39, 40, 41, 42, 43, 44, 
45, 46, 47, 48);
Print (Srxn1, 0, 1, 2, 3, 4, 5, 6, 7, 8, 9, 10, 11, 12, 13, 14, 15, 16, 17, 18, 19, 20, 21, 22, 23, 24, 25, 26, 27, 28, 29,
         30, 31, 32, 33, 34, 35, 36, 37, 38, 39, 40, 41, 42, 43, 44, 45, 46, 47, 48);
}
Simulation {
NRF2_spline= NDoses(49, 0, 0, 0, 0, 0, 0, 0, 0, 0, 0, 0, 0, 0, 0, 0, 0, 0, 0, 0, 0, 0, 0, 0, 0, 0, 0, 0.355, 0.869, 1.082, 1.041, 1.059, 1.092, 1.071, 0.992, 0.986, 0.937, 0.901, 0.919, 0.91, 0.903, 0.85, 0.855, 0.813, 0.776, 0.745, 0.798, 0.746, 0.684, 0.66, 0, 1, 2, 3, 4, 5, 6, 7, 8, 9, 10, 11, 12, 13, 14, 15, 16, 17, 18, 19, 20, 21, 22, 23, 24, 25, 26, 27, 28, 29, 30, 31, 32, 33, 34, 35, 36, 37, 38, 39, 40, 41, 42, 43, 44, 45, 46, 47, 48);
Print (Srxn1, 0, 1, 2, 3, 4, 5, 6, 7, 8, 9, 10, 11, 12, 13, 14, 15, 16, 17, 18, 19, 20, 21, 22, 23, 24, 25, 26, 27, 28, 29,
         30, 31, 32, 33, 34, 35, 36, 37, 38, 39, 40, 41, 42, 43, 44, 45, 46, 47, 48);
}
Simulation {
NRF2_spline= NDoses(49, 0, 0, 0, 0, 0, 0, 0, 0, 0, 0, 0, 0.007, 0, 0, 0, 0, 0, 0.019, 0.022, 0, 0, 0, 0, 0, 0, 0, 0.376, 0.828, 1.011, 1.052, 1.072, 1.103, 1.049, 1.038, 0.967, 0.988, 0.964, 0.971, 0.89, 0.908, 0.88, 0.911, 0.866, 0.823, 0.786, 0.767, 0.746, 0.713, 0.745, 0, 1, 2, 3, 4, 5, 6, 7, 8, 9, 10, 11, 12, 13, 14, 15, 16, 17, 18, 19, 20, 21, 22, 23, 24, 25, 26, 27, 28, 29, 30, 31, 32, 33, 34, 35, 36, 37, 38, 39, 40, 41, 42, 43, 44, 45, 46, 47, 48);
Print (Srxn1, 0, 1, 2, 3, 4, 5, 6, 7, 8, 9, 10, 11, 12, 13, 14, 15, 16, 17, 18, 19, 20, 21, 22, 23, 24, 25, 26, 27, 28, 29,
         30, 31, 32, 33, 34, 35, 36, 37, 38, 39, 40, 41, 42, 43, 44, 45, 46, 47, 48);
}
Simulation {
NRF2_spline= NDoses(49, 0, 0, 0, 0, 0, 0, 0, 0, 0, 0, 0, 0, 0, 0, 0, 0, 0, 0, 0, 0, 0, 0, 0, 0, 0, 0, 0.265, 0.694, 0.87, 0.832, 0.839, 0.898, 0.85, 0.8, 0.805, 0.782, 0.716, 0.751, 0.75, 0.745, 0.744, 0.654, 0.569, 0.529, 0.519, 0.528, 0.507, 0.497, 0.494, 0, 1, 2, 3, 4, 5, 6, 7, 8, 9, 10, 11, 12, 13, 14, 15, 16, 17, 18, 19, 20, 21, 22, 23, 24, 25, 26, 27, 28, 29, 30, 31, 32, 33, 34, 35, 36, 37, 38, 39, 40, 41, 42, 43, 44, 45, 46, 47, 48);
Print (Srxn1, 0, 1, 2, 3, 4, 5, 6, 7, 8, 9, 10, 11, 12, 13, 14, 15, 16, 17, 18, 19, 20, 21, 22, 23, 24, 25, 26, 27, 28, 29,
         30, 31, 32, 33, 34, 35, 36, 37, 38, 39, 40, 41, 42, 43, 44, 45, 46, 47, 48);
}
Simulation {
NRF2_spline= NDoses(49, 0, 0, 0.017, 0.128, 0.148, 0.126, 0.119, 0.131, 0.113, 0.098, 0.089, 0.079, 0.087, 0.075, 0.095, 0.09, 0.074, 0.06, 0.065, 0.1, 0.058, 0.074, 0.083, 0.063, 0.063, 0.018, 0.369, 0.861, 1.03, 1.059, 1.047, 1.078, 1.037, 1.032, 0.997, 0.969, 0.972, 0.95, 0.93, 0.938, 0.907, 0.914, 0.885, 0.882, 0.897, 0.871, 0.87, 0.883, 0.853, 0, 1, 2, 3, 4, 5, 6, 7, 8, 9, 10, 11, 12, 13, 14, 15, 16, 17, 18, 19, 20, 21, 22, 23, 24, 25, 26, 27, 28, 29, 30, 31, 32, 33, 34, 35, 36, 37, 38, 39, 40, 41, 42, 43, 44, 
45, 46, 47, 48);
Print (Srxn1, 0, 1, 2, 3, 4, 5, 6, 7, 8, 9, 10, 11, 12, 13, 14, 15, 16, 17, 18, 19, 20, 21, 22, 23, 24, 25, 26, 27, 28, 29,
         30, 31, 32, 33, 34, 35, 36, 37, 38, 39, 40, 41, 42, 43, 44, 45, 46, 47, 48);
}
Simulation {
NRF2_spline= NDoses(49, 0, 0, 0.024, 0.21, 0.257, 0.285, 0.283, 0.341, 0.289, 0.321, 0.272, 0.288, 0.274, 0.267, 0.272, 0.221, 0.218, 0.196, 0.224, 0.196, 0.201, 0.18, 0.151, 0.172, 0.215, 0.055, 0.417, 0.727, 0.929, 0.931, 0.892, 0.977, 0.925, 0.941, 0.893, 0.86, 0.839, 0.824, 0.814, 0.839, 0.844, 0.815, 0.823, 0.812, 0.767, 0.758, 0.728, 0.735, 0.732, 0, 1, 2, 3, 4, 5, 6, 7, 8, 9, 10, 11, 12, 13, 14, 15, 16, 17, 18, 19, 20, 21, 22, 23, 24, 25, 26, 27, 28, 29, 30, 31, 32, 33, 34, 35, 36, 37, 38, 39, 40, 41, 42, 43, 
44, 45, 46, 47, 48);
Print (Srxn1, 0, 1, 2, 3, 4, 5, 6, 7, 8, 9, 10, 11, 12, 13, 14, 15, 16, 17, 18, 19, 20, 21, 22, 23, 24, 25, 26, 27, 28, 29,
         30, 31, 32, 33, 34, 35, 36, 37, 38, 39, 40, 41, 42, 43, 44, 45, 46, 47, 48);
}
Simulation {
NRF2_spline= NDoses(49, 0, 0.017, 0.218, 0.465, 0.613, 0.526, 0.537, 0.565, 0.489, 0.466, 0.496, 0.52, 0.501, 0.531, 0.48, 0.478, 0.409, 0.434, 0.457, 0.461, 0.465, 0.436, 0.441, 0.444, 0.449, 0.228, 0.434, 0.686, 0.813, 0.831, 0.831, 0.827, 0.849, 0.84, 0.834, 0.813, 0.841, 0.793, 0.787, 0.768, 0.814, 0.806, 0.821, 0.777, 0.813, 0.785, 0.768, 0.76, 0.779, 0, 1, 2, 3, 4, 5, 6, 7, 8, 9, 10, 11, 12, 13, 14, 15, 16, 17, 18, 19, 20, 21, 22, 23, 24, 25, 26, 27, 28, 29, 30, 31, 32, 33, 34, 35, 36, 37, 38, 39, 40, 41, 42, 
43, 44, 45, 46, 47, 48);
Print (Srxn1, 0, 1, 2, 3, 4, 5, 6, 7, 8, 9, 10, 11, 12, 13, 14, 15, 16, 17, 18, 19, 20, 21, 22, 23, 24, 25, 26, 27, 28, 29,
         30, 31, 32, 33, 34, 35, 36, 37, 38, 39, 40, 41, 42, 43, 44, 45, 46, 47, 48);
}
Simulation {
NRF2_spline= NDoses(49, 0, 0.106, 0.507, 0.862, 0.995, 0.945, 0.931, 0.964, 0.929, 0.886, 0.881, 0.888, 0.796, 0.803, 0.82, 0.846, 0.853, 0.897, 0.851, 0.88, 0.874, 0.906, 0.906, 0.916, 0.924, 0.658, 0.735, 0.924, 1.062, 1.061, 0.997, 1.041, 0.985, 0.962, 0.949, 0.87, 0.916, 0.885, 0.817, 0.794, 0.828, 0.827, 0.787, 0.809, 0.771, 0.797, 0.752, 0.757, 0.742, 0, 1, 2, 3, 4, 5, 6, 7, 8, 9, 10, 11, 12, 13, 14, 15, 16, 17, 18, 19, 20, 21, 22, 23, 24, 25, 26, 27, 28, 29, 30, 31, 32, 33, 34, 35, 36, 37, 38, 39, 40, 41, 42, 
43, 44, 45, 46, 47, 48);
Print (Srxn1, 0, 1, 2, 3, 4, 5, 6, 7, 8, 9, 10, 11, 12, 13, 14, 15, 16, 17, 18, 19, 20, 21, 22, 23, 24, 25, 26, 27, 28, 29,
         30, 31, 32, 33, 34, 35, 36, 37, 38, 39, 40, 41, 42, 43, 44, 45, 46, 47, 48);
}
