Simulation {
NRF2_spline= NDoses(33, 0, 0, 0, 0.196, 0.259, 0.272, 0.268, 0.236, 0.271, 0.233, 0, 0, 0, 0, 0, 0, 0.001, 0, 0, 0, 0, 0, 0, 0, 0, 0, 0, 0, 0, 0, 0, 0, 0, 0, 1, 2, 3, 4, 5, 6, 7, 8, 9, 10, 11, 12, 13, 14, 15, 16, 17, 18, 19, 20, 21, 22, 23, 24, 25, 26, 27, 28, 29, 30, 31, 32);
Print (Srxn1,0,1,2,3,4,5,6,7,8,9,10,11,12,13,14,15,16,17,18,19,20,21,22,23,24,25,26,27,28,29,30,31,32);
}
Simulation {
NRF2_spline= NDoses(33, 0, 0, 0.328, 0.439, 0.428, 0.374, 0.41, 0.389, 0.334, 0.449, 0.155, 0.082, 0.129, 0.136, 0.105, 0.165, 0.147, 0.169, 0.151, 0.157, 0.121, 0.159, 0.133, 0.119, 0.097, 0.069, 0.087, 0.107, 0.109, 0.136, 0.111, 0.08, 0.102, 0, 1, 2, 3, 4, 5, 6, 7, 8, 9, 10, 11, 12, 13, 14, 15, 16, 17, 18, 19, 20, 21, 22, 23, 24, 25, 26, 27, 28, 29, 30, 31, 32);
Print (Srxn1,0,1,2,3,4,5,6,7,8,9,10,11,12,13,14,15,16,17,18,19,20,21,22,23,24,25,26,27,28,29,30,31,32);
}
Simulation {
NRF2_spline= NDoses(33, 0, 0, 0.49, 0.626, 0.654, 0.673, 0.638, 0.643, 0.615, 0.534, 0.221, 0.205, 0.213, 0.218, 0.187, 0.219, 0.233, 0.239, 0.242, 0.222, 0.219, 0.213, 0.199, 0.193, 0.188, 0.158, 0.181, 0.19, 0.166, 0.174, 0.179, 0.179, 0.199, 0, 1, 2, 3, 4, 5, 6, 7, 8, 9, 10, 11, 12, 13, 14, 15, 16, 17, 18, 19, 20, 21, 22, 23, 24, 25, 26, 27, 28, 29, 30, 31, 32);
Print (Srxn1,0,1,2,3,4,5,6,7,8,9,10,11,12,13,14,15,16,17,18,19,20,21,22,23,24,25,26,27,28,29,30,31,32);
}
Simulation {
NRF2_spline= NDoses(33, 0, 0, 0.684, 0.821, 0.817, 0.846, 0.852, 0.829, 0.838, 0.702, 0.272, 0.281, 0.329, 0.345, 0.338, 0.323, 0.328, 0.375, 0.314, 0.274, 0.289, 0.303, 0.246, 0.268, 0.259, 0.265, 0.266, 0.251, 0.275, 0.232, 0.28, 0.262, 0.264, 0, 1, 2, 3, 4, 5, 6, 7, 8, 9, 10, 11, 12, 13, 14, 15, 16, 17, 18, 19, 20, 21, 22, 23, 24, 25, 26, 27, 28, 29, 30, 31, 32);
Print (Srxn1,0,1,2,3,4,5,6,7,8,9,10,11,12,13,14,15,16,17,18,19,20,21,22,23,24,25,26,27,28,29,30,31,32);
}
Simulation {
NRF2_spline= NDoses(33, 0, 0.116, 0.864, 0.914, 1, 1.072, 1.063, 1.126, 1.049, 0.936, 0.48, 0.518, 0.591, 0.543, 0.528, 0.536, 0.526, 0.509, 0.5, 0.487, 0.458, 0.435, 0.386, 0.411, 0.426, 0.425, 0.431, 0.428, 0.411, 0.444, 0.419, 0.443, 0.404, 0, 1, 2, 3, 4, 5, 6, 7, 8, 9, 10, 11, 12, 13, 14, 15, 16, 17, 18, 19, 20, 21, 22, 23, 24, 25, 26, 27, 28, 29, 30, 31, 32);
Print (Srxn1,0,1,2,3,4,5,6,7,8,9,10,11,12,13,14,15,16,17,18,19,20,21,22,23,24,25,26,27,28,29,30,31,32);
}
Simulation {
NRF2_spline= NDoses(33, 0, 0.059, 0.834, 0.862, 0.93, 1.062, 1.142, 1.137, 1.111, 0.92, 0.62, 0.614, 0.669, 0.632, 0.676, 0.65, 0.64, 0.64, 0.621, 0.609, 0.567, 0.591, 0.61, 0.615, 0.613, 0.595, 0.586, 0.577, 0.599, 0.591, 0.594, 0.619, 0.577, 0, 1, 2, 3, 4, 5, 6, 7, 8, 9, 10, 11, 12, 13, 14, 15, 16, 17, 18, 19, 20, 21, 22, 23, 24, 25, 26, 27, 28, 29, 30, 31, 32);
Print (Srxn1,0,1,2,3,4,5,6,7,8,9,10,11,12,13,14,15,16,17,18,19,20,21,22,23,24,25,26,27,28,29,30,31,32);
}
Simulation {
NRF2_spline= NDoses(33, 0, 0, 0, 0, 0, 0, 0, 0, 0, 0, 0, 0, 0, 0, 0, 0, 0.003, 0.035, 0.028, 0.081, 0.064, 0.104, 0.093, 0.089, 0.096, 0.115, 0.089, 0.085, 0.116, 0.094, 0.067, 0.08, 0.07, 0, 1, 2, 3, 4, 5, 6, 7, 8, 9, 10, 11, 12, 13, 14, 15, 16, 17, 18, 19, 20, 21, 22, 23, 24, 25, 26, 27, 28, 29, 30, 31, 32);
Print (Srxn1,0,1,2,3,4,5,6,7,8,9,10,11,12,13,14,15,16,17,18,19,20,21,22,23,24,25,26,27,28,29,30,31,32);
}
Simulation {
NRF2_spline= NDoses(33, 0, 0, 0, 0.053, 0.069, 0.079, 0.071, 0.071, 0.07, 0.051, 0, 0.008, 0.076, 0.058, 0.073, 0.08, 0.071, 0.1, 0.104, 0.126, 0.129, 0.153, 0.131, 0.124, 0.103, 0.11, 0.074, 0.102, 0.138, 0.132, 0.074, 0.094, 0.106, 0, 1, 2, 3, 4, 5, 6, 7, 8, 9, 10, 11, 12, 13, 14, 15, 16, 17, 18, 19, 20, 21, 22, 23, 24, 25, 26, 27, 28, 29, 30, 31, 32);
Print (Srxn1,0,1,2,3,4,5,6,7,8,9,10,11,12,13,14,15,16,17,18,19,20,21,22,23,24,25,26,27,28,29,30,31,32);
}
Simulation {
NRF2_spline= NDoses(33, 0, 0, 0, 0.278, 0.261, 0.256, 0.313, 0.295, 0.269, 0.251, 0.018, 0.094, 0.206, 0.148, 0.143, 0.172, 0.188, 0.187, 0.197, 0.214, 0.182, 0.235, 0.19, 0.196, 0.213, 0.191, 0.176, 0.178, 0.176, 0.151, 0.148, 0.148, 0.138, 0, 1, 2, 3, 4, 5, 6, 7, 8, 9, 10, 11, 12, 13, 14, 15, 16, 17, 18, 19, 20, 21, 22, 23, 24, 25, 26, 27, 28, 29, 30, 31, 32);
Print (Srxn1,0,1,2,3,4,5,6,7,8,9,10,11,12,13,14,15,16,17,18,19,20,21,22,23,24,25,26,27,28,29,30,31,32);
}
Simulation {
NRF2_spline= NDoses(33, 0, 0, 0.24, 0.595, 0.556, 0.536, 0.55, 0.639, 0.571, 0.594, 0.181, 0.2, 0.328, 0.315, 0.33, 0.319, 0.345, 0.319, 0.323, 0.348, 0.318, 0.342, 0.312, 0.287, 0.31, 0.287, 0.255, 0.273, 0.293, 0.243, 0.242, 0.223, 0.225, 0, 1, 2, 3, 4, 5, 6, 7, 8, 9, 10, 11, 12, 13, 14, 15, 16, 17, 18, 19, 20, 21, 22, 23, 24, 25, 26, 27, 28, 29, 30, 31, 32);
Print (Srxn1,0,1,2,3,4,5,6,7,8,9,10,11,12,13,14,15,16,17,18,19,20,21,22,23,24,25,26,27,28,29,30,31,32);
}
Simulation {
NRF2_spline= NDoses(33, 0, 0, 0.346, 0.502, 0.541, 0.567, 0.621, 0.619, 0.603, 0.746, 0.266, 0.248, 0.407, 0.359, 0.353, 0.373, 0.359, 0.402, 0.342, 0.356, 0.331, 0.36, 0.362, 0.358, 0.335, 0.295, 0.267, 0.268, 0.273, 0.286, 0.278, 0.277, 0.261, 0, 1, 2, 3, 4, 5, 6, 7, 8, 9, 10, 11, 12, 13, 14, 15, 16, 17, 18, 19, 20, 21, 22, 23, 24, 25, 26, 27, 28, 29, 30, 31, 32);
Print (Srxn1,0,1,2,3,4,5,6,7,8,9,10,11,12,13,14,15,16,17,18,19,20,21,22,23,24,25,26,27,28,29,30,31,32);
}
Simulation {
NRF2_spline= NDoses(33, 0, 0, 0.467, 0.687, 0.793, 0.826, 0.87, 0.922, 0.889, 1.042, 0.568, 0.45, 0.596, 0.556, 0.542, 0.56, 0.535, 0.549, 0.552, 0.53, 0.463, 0.465, 0.467, 0.482, 0.468, 0.436, 0.435, 0.44, 0.389, 0.405, 0.417, 0.422, 0.413, 0, 1, 2, 3, 4, 5, 6, 7, 8, 9, 10, 11, 12, 13, 14, 15, 16, 17, 18, 19, 20, 21, 22, 23, 24, 25, 26, 27, 28, 29, 30, 31, 32);
Print (Srxn1,0,1,2,3,4,5,6,7,8,9,10,11,12,13,14,15,16,17,18,19,20,21,22,23,24,25,26,27,28,29,30,31,32);
}
Simulation {
NRF2_spline= NDoses(33, 0, 0, 0.515, 0.724, 0.761, 0.91, 0.928, 0.956, 0.899, 1.031, 0.725, 0.656, 0.798, 0.745, 0.66, 0.75, 0.733, 0.665, 0.711, 0.675, 0.672, 0.652, 0.627, 0.629, 0.64, 0.631, 0.635, 0.613, 0.606, 0.618, 0.579, 0.558, 0.538, 0, 1, 2, 3, 4, 5, 6, 7, 8, 9, 10, 11, 12, 13, 14, 15, 16, 17, 18, 19, 20, 21, 22, 23, 24, 25, 26, 27, 28, 29, 30, 31, 32);
Print (Srxn1,0,1,2,3,4,5,6,7,8,9,10,11,12,13,14,15,16,17,18,19,20,21,22,23,24,25,26,27,28,29,30,31,32);
}
Simulation {
NRF2_spline= NDoses(33, 0, 0, 0, 0, 0, 0, 0, 0, 0, 0, 0.01, 0.258, 0.268, 0.252, 0.338, 0.343, 0.325, 0.324, 0.309, 0.35, 0.352, 0.369, 0.336, 0.343, 0.305, 0.332, 0.311, 0.279, 0.283, 0.235, 0.19, 0.173, 0.178, 0, 1, 2, 3, 4, 5, 6, 7, 8, 9, 10, 11, 12, 13, 14, 15, 16, 17, 18, 19, 20, 21, 22, 23, 24, 25, 26, 27, 28, 29, 30, 31, 32);
Print (Srxn1,0,1,2,3,4,5,6,7,8,9,10,11,12,13,14,15,16,17,18,19,20,21,22,23,24,25,26,27,28,29,30,31,32);
}
Simulation {
NRF2_spline= NDoses(33, 0, 0, 0, 0.089, 0.117, 0.101, 0.13, 0.09, 0.08, 0.02, 0.098, 0.279, 0.344, 0.358, 0.342, 0.38, 0.376, 0.341, 0.393, 0.394, 0.331, 0.332, 0.332, 0.305, 0.31, 0.306, 0.295, 0.27, 0.277, 0.263, 0.26, 0.244, 0.211, 0, 1, 2, 3, 4, 5, 6, 7, 8, 9, 10, 11, 12, 13, 14, 15, 16, 17, 18, 19, 20, 21, 22, 23, 24, 25, 26, 27, 28, 29, 30, 31, 32);
Print (Srxn1,0,1,2,3,4,5,6,7,8,9,10,11,12,13,14,15,16,17,18,19,20,21,22,23,24,25,26,27,28,29,30,31,32);
}
Simulation {
NRF2_spline= NDoses(33, 0, 0, 0.1, 0.338, 0.343, 0.293, 0.373, 0.366, 0.332, 0.289, 0.182, 0.324, 0.492, 0.435, 0.437, 0.423, 0.4, 0.437, 0.371, 0.412, 0.337, 0.363, 0.331, 0.342, 0.346, 0.298, 0.335, 0.34, 0.368, 0.318, 0.26, 0.287, 0.299, 0, 1, 2, 3, 4, 5, 6, 7, 8, 9, 10, 11, 12, 13, 14, 15, 16, 17, 18, 19, 20, 21, 22, 23, 24, 25, 26, 27, 28, 29, 30, 31, 32);
Print (Srxn1,0,1,2,3,4,5,6,7,8,9,10,11,12,13,14,15,16,17,18,19,20,21,22,23,24,25,26,27,28,29,30,31,32);
}
Simulation {
NRF2_spline= NDoses(33, 0, 0, 0.377, 0.512, 0.541, 0.532, 0.543, 0.552, 0.528, 0.536, 0.303, 0.437, 0.526, 0.522, 0.496, 0.475, 0.48, 0.442, 0.474, 0.413, 0.396, 0.415, 0.425, 0.361, 0.387, 0.354, 0.325, 0.316, 0.31, 0.315, 0.306, 0.297, 0.273, 0, 1, 2, 3, 4, 5, 6, 7, 8, 9, 10, 11, 12, 13, 14, 15, 16, 17, 18, 19, 20, 21, 22, 23, 24, 25, 26, 27, 28, 29, 30, 31, 32);
Print (Srxn1,0,1,2,3,4,5,6,7,8,9,10,11,12,13,14,15,16,17,18,19,20,21,22,23,24,25,26,27,28,29,30,31,32);
}
Simulation {
NRF2_spline= NDoses(33, 0, 0, 0.434, 0.574, 0.652, 0.677, 0.666, 0.691, 0.711, 0.769, 0.371, 0.417, 0.568, 0.508, 0.468, 0.495, 0.504, 0.512, 0.497, 0.457, 0.409, 0.464, 0.412, 0.413, 0.387, 0.381, 0.348, 0.382, 0.342, 0.324, 0.332, 0.331, 0.357, 0, 1, 2, 3, 4, 5, 6, 7, 8, 9, 10, 11, 12, 13, 14, 15, 16, 17, 18, 19, 20, 21, 22, 23, 24, 25, 26, 27, 28, 29, 30, 31, 32);
Print (Srxn1,0,1,2,3,4,5,6,7,8,9,10,11,12,13,14,15,16,17,18,19,20,21,22,23,24,25,26,27,28,29,30,31,32);
}
Simulation {
NRF2_spline= NDoses(33, 0, 0, 0.647, 0.864, 0.957, 1.007, 1.014, 1.02, 0.978, 0.894, 0.638, 0.523, 0.706, 0.687, 0.662, 0.642, 0.692, 0.644, 0.643, 0.644, 0.637, 0.611, 0.613, 0.623, 0.597, 0.64, 0.616, 0.637, 0.612, 0.572, 0.582, 0.586, 0.582, 0, 1, 2, 3, 4, 5, 6, 7, 8, 9, 10, 11, 12, 13, 14, 15, 16, 17, 18, 19, 20, 21, 22, 23, 24, 25, 26, 27, 28, 29, 30, 31, 32);
Print (Srxn1,0,1,2,3,4,5,6,7,8,9,10,11,12,13,14,15,16,17,18,19,20,21,22,23,24,25,26,27,28,29,30,31,32);
}
Simulation {
NRF2_spline= NDoses(33, 0, 0, 0.749, 0.895, 0.926, 1.046, 1.077, 1.084, 1.045, 1.098, 0.913, 0.782, 0.895, 0.841, 0.794, 0.845, 0.833, 0.803, 0.819, 0.781, 0.751, 0.777, 0.729, 0.7, 0.693, 0.7, 0.667, 0.675, 0.652, 0.682, 0.656, 0.693, 0.696, 0, 1, 2, 3, 4, 5, 6, 7, 8, 9, 10, 11, 12, 13, 14, 15, 16, 17, 18, 19, 20, 21, 22, 23, 24, 25, 26, 27, 28, 29, 30, 31, 32);
Print (Srxn1,0,1,2,3,4,5,6,7,8,9,10,11,12,13,14,15,16,17,18,19,20,21,22,23,24,25,26,27,28,29,30,31,32);
}
Simulation {
NRF2_spline= NDoses(33, 0, 0, 0, 0, 0, 0, 0, 0, 0, 0, 0.017, 0.272, 0.313, 0.288, 0.332, 0.385, 0.391, 0.409, 0.426, 0.445, 0.434, 0.52, 0.505, 0.461, 0.444, 0.427, 0.402, 0.394, 0.378, 0.353, 0.282, 0.269, 0.256, 0, 1, 2, 3, 4, 5, 6, 7, 8, 9, 10, 11, 12, 13, 14, 15, 16, 17, 18, 19, 20, 21, 22, 23, 24, 25, 26, 27, 28, 29, 30, 31, 32);
Print (Srxn1,0,1,2,3,4,5,6,7,8,9,10,11,12,13,14,15,16,17,18,19,20,21,22,23,24,25,26,27,28,29,30,31,32);
}
Simulation {
NRF2_spline= NDoses(33, 0, 0, 0, 0.21, 0.218, 0.161, 0.258, 0.218, 0.22, 0.048, 0.346, 0.632, 0.67, 0.68, 0.717, 0.688, 0.629, 0.612, 0.579, 0.635, 0.57, 0.582, 0.578, 0.543, 0.501, 0.481, 0.507, 0.484, 0.438, 0.449, 0.428, 0.41, 0.429, 0, 1, 2, 3, 4, 5, 6, 7, 8, 9, 10, 11, 12, 13, 14, 15, 16, 17, 18, 19, 20, 21, 22, 23, 24, 25, 26, 27, 28, 29, 30, 31, 32);
Print (Srxn1,0,1,2,3,4,5,6,7,8,9,10,11,12,13,14,15,16,17,18,19,20,21,22,23,24,25,26,27,28,29,30,31,32);
}
Simulation {
NRF2_spline= NDoses(33, 0, 0, 0.198, 0.386, 0.378, 0.365, 0.397, 0.41, 0.403, 0.333, 0.402, 0.653, 0.818, 0.803, 0.767, 0.737, 0.783, 0.772, 0.714, 0.744, 0.727, 0.729, 0.696, 0.688, 0.666, 0.62, 0.584, 0.587, 0.571, 0.567, 0.551, 0.524, 0.53, 0, 1, 2, 3, 4, 5, 6, 7, 8, 9, 10, 11, 12, 13, 14, 15, 16, 17, 18, 19, 20, 21, 22, 23, 24, 25, 26, 27, 28, 29, 30, 31, 32);
Print (Srxn1,0,1,2,3,4,5,6,7,8,9,10,11,12,13,14,15,16,17,18,19,20,21,22,23,24,25,26,27,28,29,30,31,32);
}
Simulation {
NRF2_spline= NDoses(33, 0, 0.108, 0.501, 0.655, 0.646, 0.622, 0.647, 0.668, 0.61, 0.618, 0.557, 0.657, 0.713, 0.699, 0.678, 0.677, 0.719, 0.682, 0.696, 0.7, 0.629, 0.628, 0.564, 0.596, 0.587, 0.571, 0.554, 0.578, 0.539, 0.517, 0.53, 0.562, 0.578, 0, 1, 2, 3, 4, 5, 6, 7, 8, 9, 10, 11, 12, 13, 14, 15, 16, 17, 18, 19, 20, 21, 22, 23, 24, 25, 26, 27, 28, 29, 30, 31, 32);
Print (Srxn1,0,1,2,3,4,5,6,7,8,9,10,11,12,13,14,15,16,17,18,19,20,21,22,23,24,25,26,27,28,29,30,31,32);
}
Simulation {
NRF2_spline= NDoses(33, 0, 0, 0.513, 0.702, 0.742, 0.815, 0.791, 0.825, 0.763, 0.76, 0.628, 0.754, 0.868, 0.819, 0.792, 0.765, 0.813, 0.773, 0.77, 0.727, 0.705, 0.718, 0.691, 0.643, 0.617, 0.605, 0.592, 0.57, 0.557, 0.58, 0.604, 0.582, 0.57, 0, 1, 2, 3, 4, 5, 6, 7, 8, 9, 10, 11, 12, 13, 14, 15, 16, 17, 18, 19, 20, 21, 22, 23, 24, 25, 26, 27, 28, 29, 30, 31, 32);
Print (Srxn1,0,1,2,3,4,5,6,7,8,9,10,11,12,13,14,15,16,17,18,19,20,21,22,23,24,25,26,27,28,29,30,31,32);
}
Simulation {
NRF2_spline= NDoses(33, 0, 0, 0.688, 0.775, 0.887, 0.922, 0.876, 0.908, 0.924, 0.965, 0.776, 0.828, 0.934, 0.862, 0.813, 0.847, 0.848, 0.781, 0.842, 0.796, 0.752, 0.761, 0.707, 0.709, 0.712, 0.644, 0.661, 0.653, 0.635, 0.632, 0.601, 0.629, 0.606, 0, 1, 2, 3, 4, 5, 6, 7, 8, 9, 10, 11, 12, 13, 14, 15, 16, 17, 18, 19, 20, 21, 22, 23, 24, 25, 26, 27, 28, 29, 30, 31, 32);
Print (Srxn1,0,1,2,3,4,5,6,7,8,9,10,11,12,13,14,15,16,17,18,19,20,21,22,23,24,25,26,27,28,29,30,31,32);
}
Simulation {
NRF2_spline= NDoses(33, 0, 0, 0.705, 0.816, 0.92, 1.003, 1.047, 1.033, 1.001, 0.991, 0.791, 0.844, 0.935, 0.835, 0.845, 0.867, 0.894, 0.894, 0.905, 0.818, 0.798, 0.787, 0.742, 0.77, 0.728, 0.72, 0.712, 0.681, 0.754, 0.696, 0.695, 0.707, 0.689, 0, 1, 2, 3, 4, 5, 6, 7, 8, 9, 10, 11, 12, 13, 14, 15, 16, 17, 18, 19, 20, 21, 22, 23, 24, 25, 26, 27, 28, 29, 30, 31, 32);
Print (Srxn1,0,1,2,3,4,5,6,7,8,9,10,11,12,13,14,15,16,17,18,19,20,21,22,23,24,25,26,27,28,29,30,31,32);
}
Simulation {
NRF2_spline= NDoses(33, 0, 0, 0, 0, 0, 0, 0, 0, 0, 0, 0.435, 0.785, 0.845, 0.829, 0.814, 0.856, 0.867, 0.869, 0.848, 0.798, 0.823, 0.829, 0.771, 0.754, 0.691, 0.712, 0.663, 0.614, 0.585, 0.617, 0.556, 0.52, 0.526, 0, 1, 2, 3, 4, 5, 6, 7, 8, 9, 10, 11, 12, 13, 14, 15, 16, 17, 18, 19, 20, 21, 22, 23, 24, 25, 26, 27, 28, 29, 30, 31, 32);
Print (Srxn1,0,1,2,3,4,5,6,7,8,9,10,11,12,13,14,15,16,17,18,19,20,21,22,23,24,25,26,27,28,29,30,31,32);
}
Simulation {
NRF2_spline= NDoses(33, 0, 0, 0.116, 0.29, 0.264, 0.226, 0.279, 0.262, 0.223, 0.151, 0.626, 0.87, 0.953, 0.837, 0.877, 0.88, 0.804, 0.815, 0.865, 0.808, 0.824, 0.819, 0.794, 0.785, 0.759, 0.732, 0.744, 0.729, 0.695, 0.661, 0.72, 0.659, 0.652, 0, 1, 2, 3, 4, 5, 6, 7, 8, 9, 10, 11, 12, 13, 14, 15, 16, 17, 18, 19, 20, 21, 22, 23, 24, 25, 26, 27, 28, 29, 30, 31, 32);
Print (Srxn1,0,1,2,3,4,5,6,7,8,9,10,11,12,13,14,15,16,17,18,19,20,21,22,23,24,25,26,27,28,29,30,31,32);
}
Simulation {
NRF2_spline= NDoses(33, 0, 0, 0.273, 0.462, 0.445, 0.433, 0.491, 0.489, 0.446, 0.267, 0.588, 0.9, 0.976, 0.912, 0.908, 0.866, 0.855, 0.788, 0.773, 0.8, 0.751, 0.732, 0.72, 0.706, 0.737, 0.732, 0.712, 0.686, 0.683, 0.685, 0.664, 0.68, 0.669, 0, 1, 2, 3, 4, 5, 6, 7, 8, 9, 10, 11, 12, 13, 14, 15, 16, 17, 18, 19, 20, 21, 22, 23, 24, 25, 26, 27, 28, 29, 30, 31, 32);
Print (Srxn1,0,1,2,3,4,5,6,7,8,9,10,11,12,13,14,15,16,17,18,19,20,21,22,23,24,25,26,27,28,29,30,31,32);
}
Simulation {
NRF2_spline= NDoses(33, 0, 0, 0.477, 0.644, 0.67, 0.646, 0.643, 0.66, 0.63, 0.599, 0.79, 0.975, 1.094, 0.956, 0.916, 0.889, 0.878, 0.932, 0.941, 0.909, 0.843, 0.854, 0.833, 0.787, 0.782, 0.707, 0.751, 0.703, 0.758, 0.708, 0.705, 0.696, 0.669, 0, 1, 2, 3, 4, 5, 6, 7, 8, 9, 10, 11, 12, 13, 14, 15, 16, 17, 18, 19, 20, 21, 22, 23, 24, 25, 26, 27, 28, 29, 30, 31, 32);
Print (Srxn1,0,1,2,3,4,5,6,7,8,9,10,11,12,13,14,15,16,17,18,19,20,21,22,23,24,25,26,27,28,29,30,31,32);
}
Simulation {
NRF2_spline= NDoses(33, 0, 0, 0.704, 0.893, 0.939, 0.958, 0.959, 0.985, 0.936, 0.858, 0.843, 1, 1.089, 1.037, 1.066, 0.967, 0.935, 0.957, 0.913, 0.839, 0.788, 0.791, 0.796, 0.788, 0.775, 0.765, 0.751, 0.662, 0.676, 0.652, 0.653, 0.617, 0.623, 0, 1, 2, 3, 4, 5, 6, 7, 8, 9, 10, 11, 12, 13, 14, 15, 16, 17, 18, 19, 20, 21, 22, 23, 24, 25, 26, 27, 28, 29, 30, 31, 32);
Print (Srxn1,0,1,2,3,4,5,6,7,8,9,10,11,12,13,14,15,16,17,18,19,20,21,22,23,24,25,26,27,28,29,30,31,32);
}
Simulation {
NRF2_spline= NDoses(33, 0, 0.006, 0.873, 1.071, 1.152, 1.167, 1.183, 1.179, 1.154, 1.083, 0.954, 0.994, 1.152, 1.133, 1.129, 1.089, 0.966, 0.972, 0.962, 0.97, 0.931, 0.912, 0.93, 0.889, 0.863, 0.849, 0.866, 0.861, 0.849, 0.825, 0.799, 0.783, 0.786, 0, 1, 2, 3, 4, 5, 6, 7, 8, 9, 10, 11, 12, 13, 14, 15, 16, 17, 18, 19, 20, 21, 22, 23, 24, 25, 26, 27, 28, 29, 30, 31, 32);
Print (Srxn1,0,1,2,3,4,5,6,7,8,9,10,11,12,13,14,15,16,17,18,19,20,21,22,23,24,25,26,27,28,29,30,31,32);
}
Simulation {
NRF2_spline= NDoses(33, 0, 0.036, 0.81, 0.931, 1.068, 1.196, 1.207, 1.205, 1.157, 0.97, 0.951, 0.923, 1.042, 1.013, 0.96, 0.962, 0.937, 0.907, 0.892, 0.935, 0.84, 0.902, 0.92, 0.894, 0.833, 0.806, 0.826, 0.803, 0.819, 0.776, 0.753, 0.825, 0.769, 0, 1, 2, 3, 4, 5, 6, 7, 8, 9, 10, 11, 12, 13, 14, 15, 16, 17, 18, 19, 20, 21, 22, 23, 24, 25, 26, 27, 28, 29, 30, 31, 32);
Print (Srxn1,0,1,2,3,4,5,6,7,8,9,10,11,12,13,14,15,16,17,18,19,20,21,22,23,24,25,26,27,28,29,30,31,32);
}
Simulation {
NRF2_spline= NDoses(33, 0, 0, 0, 0, 0, 0, 0, 0, 0, 0, 0.772, 0.872, 0.983, 1.002, 1.069, 0.986, 0.982, 0.989, 0.973, 0.989, 0.958, 0.923, 0.897, 0.909, 0.892, 0.905, 0.887, 0.905, 0.904, 0.895, 0.874, 0.876, 0.855, 0, 1, 2, 3, 4, 5, 6, 7, 8, 9, 10, 11, 12, 13, 14, 15, 16, 17, 18, 19, 20, 21, 22, 23, 24, 25, 26, 27, 28, 29, 30, 31, 32);
Print (Srxn1,0,1,2,3,4,5,6,7,8,9,10,11,12,13,14,15,16,17,18,19,20,21,22,23,24,25,26,27,28,29,30,31,32);
}
Simulation {
NRF2_spline= NDoses(33, 0, 0, 0.197, 0.331, 0.228, 0.264, 0.295, 0.272, 0.262, 0.28, 0.759, 0.957, 1.081, 1.008, 0.985, 0.987, 0.967, 0.992, 1.008, 0.985, 0.936, 0.911, 0.89, 0.885, 0.914, 0.862, 0.929, 0.872, 0.89, 0.903, 0.862, 0.835, 0.799, 0, 1, 2, 3, 4, 5, 6, 7, 8, 9, 10, 11, 12, 13, 14, 15, 16, 17, 18, 19, 20, 21, 22, 23, 24, 25, 26, 27, 28, 29, 30, 31, 32);
Print (Srxn1,0,1,2,3,4,5,6,7,8,9,10,11,12,13,14,15,16,17,18,19,20,21,22,23,24,25,26,27,28,29,30,31,32);
}
Simulation {
NRF2_spline= NDoses(33, 0, 0, 0.311, 0.517, 0.554, 0.507, 0.521, 0.55, 0.51, 0.326, 0.838, 1.017, 1.119, 1.059, 1.001, 1.023, 1.003, 0.967, 0.944, 0.945, 0.872, 0.914, 0.886, 0.958, 0.996, 0.935, 0.956, 0.901, 0.905, 0.903, 0.844, 0.855, 0.827, 0, 1, 2, 3, 4, 5, 6, 7, 8, 9, 10, 11, 12, 13, 14, 15, 16, 17, 18, 19, 20, 21, 22, 23, 24, 25, 26, 27, 28, 29, 30, 31, 32);
Print (Srxn1,0,1,2,3,4,5,6,7,8,9,10,11,12,13,14,15,16,17,18,19,20,21,22,23,24,25,26,27,28,29,30,31,32);
}
Simulation {
NRF2_spline= NDoses(33, 0, 0, 0.586, 0.72, 0.768, 0.748, 0.752, 0.769, 0.737, 0.74, 1.038, 1.151, 1.257, 1.207, 1.178, 1.153, 1.052, 1.055, 1.028, 0.995, 0.967, 0.973, 0.971, 0.984, 1.014, 0.99, 0.96, 0.943, 0.915, 0.96, 0.908, 0.923, 0.887, 0, 1, 2, 3, 4, 5, 6, 7, 8, 9, 10, 11, 12, 13, 14, 15, 16, 17, 18, 19, 20, 21, 22, 23, 24, 25, 26, 27, 28, 29, 30, 31, 32);
Print (Srxn1,0,1,2,3,4,5,6,7,8,9,10,11,12,13,14,15,16,17,18,19,20,21,22,23,24,25,26,27,28,29,30,31,32);
}
Simulation {
NRF2_spline= NDoses(33, 0, 0.004, 0.751, 0.896, 0.924, 0.981, 0.943, 0.967, 0.989, 0.883, 0.957, 1.105, 1.197, 1.18, 1.133, 1.098, 1.022, 1.009, 1.024, 0.984, 0.938, 0.97, 0.965, 0.963, 0.947, 0.86, 0.915, 0.902, 0.933, 0.912, 0.919, 0.863, 0.903, 0, 1, 2, 3, 4, 5, 6, 7, 8, 9, 10, 11, 12, 13, 14, 15, 16, 17, 18, 19, 20, 21, 22, 23, 24, 25, 26, 27, 28, 29, 30, 31, 32);
Print (Srxn1,0,1,2,3,4,5,6,7,8,9,10,11,12,13,14,15,16,17,18,19,20,21,22,23,24,25,26,27,28,29,30,31,32);
}
Simulation {
NRF2_spline= NDoses(33, 0, 0.097, 0.929, 1.096, 1.196, 1.197, 1.251, 1.233, 1.199, 1.138, 1.039, 1.123, 1.297, 1.185, 1.224, 1.191, 1.158, 1.17, 1.146, 1.092, 1.089, 1.088, 1.055, 1.004, 1.017, 0.995, 1.025, 1.027, 0.975, 0.959, 0.971, 0.975, 0.953, 0, 1, 2, 3, 4, 5, 6, 7, 8, 9, 10, 11, 12, 13, 14, 15, 16, 17, 18, 19, 20, 21, 22, 23, 24, 25, 26, 27, 28, 29, 30, 31, 32);
Print (Srxn1,0,1,2,3,4,5,6,7,8,9,10,11,12,13,14,15,16,17,18,19,20,21,22,23,24,25,26,27,28,29,30,31,32);
}
Simulation {
NRF2_spline= NDoses(33, 0, 0.167, 0.941, 1.05, 1.106, 1.154, 1.211, 1.152, 1.104, 1.014, 1.106, 1.13, 1.185, 1.118, 1.157, 1.09, 1.113, 1.051, 1.059, 1.059, 1.006, 1.001, 1.003, 1.051, 1.034, 1.001, 1.015, 0.994, 1.001, 0.987, 0.984, 0.967, 0.944, 0, 1, 2, 3, 4, 5, 6, 7, 8, 9, 10, 11, 12, 13, 14, 15, 16, 17, 18, 19, 20, 21, 22, 23, 24, 25, 26, 27, 28, 29, 30, 31, 32);
Print (Srxn1,0,1,2,3,4,5,6,7,8,9,10,11,12,13,14,15,16,17,18,19,20,21,22,23,24,25,26,27,28,29,30,31,32);
}
Simulation {
NRF2_spline= NDoses(33, 0, 0, 0, 0, 0, 0, 0, 0, 0, 0, 0.724, 0.868, 0.989, 1.05, 1.124, 1.13, 1.157, 1.123, 1.153, 1.14, 1.052, 0.998, 0.989, 0.966, 1.008, 0.962, 1.025, 1.002, 1.015, 1.022, 1.065, 1.08, 1.063, 0, 1, 2, 3, 4, 5, 6, 7, 8, 9, 10, 11, 12, 13, 14, 15, 16, 17, 18, 19, 20, 21, 22, 23, 24, 25, 26, 27, 28, 29, 30, 31, 32);
Print (Srxn1,0,1,2,3,4,5,6,7,8,9,10,11,12,13,14,15,16,17,18,19,20,21,22,23,24,25,26,27,28,29,30,31,32);
}
Simulation {
NRF2_spline= NDoses(33, 0, 0, 0.266, 0.4, 0.371, 0.336, 0.353, 0.366, 0.329, 0.476, 0.899, 1.045, 1.082, 1.105, 1.101, 1.084, 1.031, 1.031, 1.035, 0.965, 1.007, 0.982, 1.003, 1.034, 0.962, 0.908, 0.99, 0.925, 0.962, 0.95, 0.996, 0.996, 0.968, 0, 1, 2, 3, 4, 5, 6, 7, 8, 9, 10, 11, 12, 13, 14, 15, 16, 17, 18, 19, 20, 21, 22, 23, 24, 25, 26, 27, 28, 29, 30, 31, 32);
Print (Srxn1,0,1,2,3,4,5,6,7,8,9,10,11,12,13,14,15,16,17,18,19,20,21,22,23,24,25,26,27,28,29,30,31,32);
}
Simulation {
NRF2_spline= NDoses(33, 0, 0, 0.285, 0.388, 0.368, 0.388, 0.398, 0.396, 0.385, 0.485, 0.883, 1.074, 1.111, 1.079, 1.126, 1.079, 1.037, 1.07, 1.035, 1.048, 1.017, 1.02, 1.029, 1.028, 1.039, 1.019, 1.097, 1.089, 1.063, 1.077, 1.042, 1.04, 1.078, 0, 1, 2, 3, 4, 5, 6, 7, 8, 9, 10, 11, 12, 13, 14, 15, 16, 17, 18, 19, 20, 21, 22, 23, 24, 25, 26, 27, 28, 29, 30, 31, 32);
Print (Srxn1,0,1,2,3,4,5,6,7,8,9,10,11,12,13,14,15,16,17,18,19,20,21,22,23,24,25,26,27,28,29,30,31,32);
}
Simulation {
NRF2_spline= NDoses(33, 0, 0, 0.639, 0.775, 0.779, 0.808, 0.811, 0.748, 0.75, 0.795, 0.983, 1.098, 1.082, 1.109, 1.059, 1.017, 1.033, 1.037, 1.041, 1.006, 0.984, 0.994, 0.948, 0.952, 0.929, 0.917, 0.966, 0.972, 0.956, 0.976, 0.961, 0.998, 0.974, 0, 1, 2, 3, 4, 5, 6, 7, 8, 9, 10, 11, 12, 13, 14, 15, 16, 17, 18, 19, 20, 21, 22, 23, 24, 25, 26, 27, 28, 29, 30, 31, 32);
Print (Srxn1,0,1,2,3,4,5,6,7,8,9,10,11,12,13,14,15,16,17,18,19,20,21,22,23,24,25,26,27,28,29,30,31,32);
}
Simulation {
NRF2_spline= NDoses(33, 0, 0.141, 0.781, 0.869, 0.912, 0.973, 0.967, 0.94, 0.929, 0.874, 1.01, 1.084, 1.112, 1.13, 1.102, 1.045, 1.015, 0.996, 0.981, 0.998, 0.904, 0.908, 0.927, 0.928, 0.937, 0.904, 0.951, 0.941, 0.949, 0.948, 0.917, 0.927, 0.971, 0, 1, 2, 3, 4, 5, 6, 7, 8, 9, 10, 11, 12, 13, 14, 15, 16, 17, 18, 19, 20, 21, 22, 23, 24, 25, 26, 27, 28, 29, 30, 31, 32);
Print (Srxn1,0,1,2,3,4,5,6,7,8,9,10,11,12,13,14,15,16,17,18,19,20,21,22,23,24,25,26,27,28,29,30,31,32);
}
Simulation {
NRF2_spline= NDoses(33, 0, 0.128, 0.83, 0.881, 0.917, 0.968, 1.045, 1.003, 0.997, 1.004, 0.996, 1.116, 1.183, 1.133, 1.067, 1.037, 1.046, 1.051, 0.997, 1.028, 0.969, 1.01, 1.028, 1.014, 1.045, 1.07, 1.073, 1.066, 1.038, 1.031, 1.048, 1.1, 1.081, 0, 1, 2, 3, 4, 5, 6, 7, 8, 9, 10, 11, 12, 13, 14, 15, 16, 17, 18, 19, 20, 21, 22, 23, 24, 25, 26, 27, 28, 29, 30, 31, 32);
Print (Srxn1,0,1,2,3,4,5,6,7,8,9,10,11,12,13,14,15,16,17,18,19,20,21,22,23,24,25,26,27,28,29,30,31,32);
}
Simulation {
NRF2_spline= NDoses(33, 0, 0.184, 0.969, 1.138, 1.267, 1.316, 1.333, 1.256, 1.266, 1.142, 1.201, 1.25, 1.345, 1.308, 1.251, 1.222, 1.21, 1.163, 1.195, 1.183, 1.153, 1.129, 1.177, 1.149, 1.146, 1.172, 1.179, 1.226, 1.192, 1.21, 1.176, 1.202, 1.169, 0, 1, 2, 3, 4, 5, 6, 7, 8, 9, 10, 11, 12, 13, 14, 15, 16, 17, 18, 19, 20, 21, 22, 23, 24, 25, 26, 27, 28, 29, 30, 31, 32);
Print (Srxn1,0,1,2,3,4,5,6,7,8,9,10,11,12,13,14,15,16,17,18,19,20,21,22,23,24,25,26,27,28,29,30,31,32);
}
