Simulation {
NRF2_spline= NDoses(0, 0.044, 0.322, 0.402, 0.427, 0.405, 0.399, 0.363, 0.377, 0.368, 0.418, 0.421, 0.416, 0.378, 0.359, 0.313, 0.299, 0.275, 0.297, 0.277, 0.282, 0.207, 0.191, 0.214, 0.258, 0.436, 0.3, 0.308, 0.283, 0.31, 0.29, 0.287, 0.295, 0.279, 0.259, 0.309, 0.322, 0.295, 0.298, 0.253, 0.257, 0.266, 0.279, 0.27, 0.223, 0.264, 0.286, 0.261, 0.266);
Print (Srxn1, 0, 1, 2, 3, 4, 5, 6, 7, 8, 9, 10, 11, 12, 13, 14, 15, 16, 17, 18, 19, 20, 21, 22, 23, 24, 25, 26, 27, 28, 29,
         30, 31, 32, 33, 34, 35, 36, 37, 38, 39, 40, 41, 42, 43, 44, 45, 46, 47, 48);
}
Simulation {
NRF2_spline= NDoses(0, 0.03, 0.496, 0.605, 0.574, 0.593, 0.514, 0.502, 0.483, 0.457, 0.462, 0.416, 0.391, 0.394, 0.339, 0.3, 0.318, 0.322, 0.32, 0.304, 0.297, 0.296, 0.306, 0.294, 0.285, 0.435, 0.392, 0.342, 0.319, 0.292, 0.27, 0.274, 0.292, 0.262, 0.251, 0.263, 0.277, 0.248, 0.259, 0.272, 0.221, 0.263, 0.245, 0.25, 0.247, 0.193, 0.233, 0.217, 0.219);
Print (Srxn1, 0, 1, 2, 3, 4, 5, 6, 7, 8, 9, 10, 11, 12, 13, 14, 15, 16, 17, 18, 19, 20, 21, 22, 23, 24, 25, 26, 27, 28, 29,
         30, 31, 32, 33, 34, 35, 36, 37, 38, 39, 40, 41, 42, 43, 44, 45, 46, 47, 48);
}
Simulation {
NRF2_spline= NDoses(0, 0.094, 0.716, 1.025, 1.085, 1.048, 1.011, 0.957, 0.822, 0.709, 0.672, 0.632, 0.607, 0.554, 0.543, 0.533, 0.49, 0.466, 0.42, 0.39, 0.383, 0.364, 0.302, 0.317, 0.34, 0.4, 0.393, 0.377, 0.366, 0.336, 0.332, 0.33, 0.322, 0.299, 0.267, 0.264, 0.287, 0.263, 0.279, 0.248, 0.242, 0.223, 0.199, 0.195, 0.17, 0.201, 0.201, 0.191, 0.206);
Print (Srxn1, 0, 1, 2, 3, 4, 5, 6, 7, 8, 9, 10, 11, 12, 13, 14, 15, 16, 17, 18, 19, 20, 21, 22, 23, 24, 25, 26, 27, 28, 29,
         30, 31, 32, 33, 34, 35, 36, 37, 38, 39, 40, 41, 42, 43, 44, 45, 46, 47, 48);
}
Simulation {
NRF2_spline= NDoses(0, 0.238, 1.192, 1.49, 1.754, 1.842, 1.89, 1.827, 1.747, 1.598, 1.417, 1.309, 1.212, 1.172, 1.072, 1.012, 0.937, 0.911, 0.876, 0.791, 0.744, 0.691, 0.657, 0.702, 0.643, 0.651, 0.649, 0.645, 0.634, 0.642, 0.608, 0.565, 0.55, 0.507, 0.494, 0.473, 0.46, 0.412, 0.401, 0.346, 0.344, 0.333, 0.312, 0.287, 0.297, 0.308, 0.3, 0.291, 0.272);
Print (Srxn1, 0, 1, 2, 3, 4, 5, 6, 7, 8, 9, 10, 11, 12, 13, 14, 15, 16, 17, 18, 19, 20, 21, 22, 23, 24, 25, 26, 27, 28, 29,
         30, 31, 32, 33, 34, 35, 36, 37, 38, 39, 40, 41, 42, 43, 44, 45, 46, 47, 48);
}
Simulation {
NRF2_spline= NDoses(0, 0.312, 1.436, 1.866, 2.333, 2.456, 2.5, 2.461, 2.449, 2.351, 2.262, 2.029, 1.9, 1.738, 1.622, 1.552, 1.53, 1.476, 1.443, 1.411, 1.333, 1.303, 1.271, 1.187, 1.15, 1.183, 1.221, 1.201, 1.169, 1.117, 1.076, 1.015, 0.983, 0.979, 0.943, 0.912, 0.915, 0.835, 0.822, 0.791, 0.792, 0.801, 0.756, 0.754, 0.676, 0.665, 0.672, 0.614, 0.62);
Print (Srxn1, 0, 1, 2, 3, 4, 5, 6, 7, 8, 9, 10, 11, 12, 13, 14, 15, 16, 17, 18, 19, 20, 21, 22, 23, 24, 25, 26, 27, 28, 29,
         30, 31, 32, 33, 34, 35, 36, 37, 38, 39, 40, 41, 42, 43, 44, 45, 46, 47, 48);
}
Simulation {
NRF2_spline= NDoses(0, 0.47, 1.569, 2.077, 2.603, 3.119, 3.499, 3.727, 3.633, 3.574, 3.333, 3.207, 3.013, 2.886, 2.663, 2.435, 2.404, 2.296, 2.2, 2.12, 2.104, 2.071, 2.068, 2.057, 2.079, 2.307, 2.276, 2.249, 2.267, 2.289, 2.191, 2.157, 2.158, 2.14, 2.071, 2.019, 1.982, 1.928, 1.884, 1.813, 1.728, 1.686, 1.594, 1.556, 1.534, 1.485, 1.471, 1.416, 1.369);
Print (Srxn1, 0, 1, 2, 3, 4, 5, 6, 7, 8, 9, 10, 11, 12, 13, 14, 15, 16, 17, 18, 19, 20, 21, 22, 23, 24, 25, 26, 27, 28, 29,
         30, 31, 32, 33, 34, 35, 36, 37, 38, 39, 40, 41, 42, 43, 44, 45, 46, 47, 48);
}
