Simulation {
NRF2_spline= NDoses(49, 0, 0, 0, 0, 0, 0, 0, 0, 0, 0, 0, 0, 0, 0, 0, 0, 0, 0, 0, 0, 0, 0, 0, 0, 0, 0.018, 0, 0, 0, 0, 0, 0, 0, 0, 0, 0, 0, 0, 0, 0, 0, 0, 0, 0, 0, 0, 0, 0, 0, 0, 1, 2, 3, 4, 5, 6, 7, 8, 9, 10, 11, 12, 13, 14, 15, 16, 17, 18, 19, 20, 21, 22, 23, 24, 25, 26, 27, 28, 29, 30, 31, 32, 33, 34, 35, 36, 37, 38, 39, 40, 41, 42, 43, 44, 45, 46, 47, 48);
Print (Srxn1, 0, 1, 2, 3, 4, 5, 6, 7, 8, 9, 10, 11, 12, 13, 14, 15, 16, 17, 18, 19, 20, 21, 22, 23, 24, 25, 26, 27, 28, 29,
         30, 31, 32, 33, 34, 35, 36, 37, 38, 39, 40, 41, 42, 43, 44, 45, 46, 47, 48);
}
Simulation {
NRF2_spline= NDoses(49, 0, 0, 0.331, 0.337, 0.335, 0.281, 0.282, 0.249, 0.245, 0.232, 0.2, 0.158, 0.157, 0.187, 0.161, 0.112, 0.15, 0.138, 0.126, 0.121, 0.095, 0.071, 0.081, 0.096, 0.097, 0.137, 0.114, 0.109, 0.094, 0.088, 0.102, 0.055, 0.076, 0.07, 0.075, 0.059, 0.048, 0.057, 0.062, 0.063, 0.049, 0.038, 0.045, 0.062, 0.046, 0.036, 0, 0.006, 0.001, 0, 1, 2, 3, 4, 5, 6, 7, 8, 9, 10, 11, 12, 13, 14, 15, 16, 17, 18, 19, 20, 21, 22, 23, 24, 25, 26, 27, 28, 29, 30, 31, 32, 33, 34, 35, 36, 37, 38, 39, 40, 41, 42, 43, 44, 
45, 46, 47, 48);
Print (Srxn1, 0, 1, 2, 3, 4, 5, 6, 7, 8, 9, 10, 11, 12, 13, 14, 15, 16, 17, 18, 19, 20, 21, 22, 23, 24, 25, 26, 27, 28, 29,
         30, 31, 32, 33, 34, 35, 36, 37, 38, 39, 40, 41, 42, 43, 44, 45, 46, 47, 48);
}
Simulation {
NRF2_spline= NDoses(49, 0, 0, 0.461, 0.693, 0.745, 0.711, 0.649, 0.627, 0.544, 0.494, 0.443, 0.432, 0.368, 0.36, 0.33, 0.325, 0.35, 0.254, 0.257, 0.233, 0.122, 0.117, 0.121, 0.136, 0.131, 0.253, 0.198, 0.163, 0.126, 0.143, 0.177, 0.117, 0.139, 0.137, 0.13, 0.112, 0.104, 0.109, 0.085, 0.023, 0.036, 0.065, 0.046, 0.066, 0.04, 0.04, 0.036, 0.093, 0.049, 0, 1, 2, 3, 4, 5, 6, 7, 8, 9, 10, 11, 12, 13, 14, 15, 16, 17, 18, 19, 20, 21, 22, 23, 24, 25, 26, 27, 28, 29, 30, 31, 32, 33, 34, 35, 36, 37, 38, 39, 40, 41, 42, 43, 
44, 45, 46, 47, 48);
Print (Srxn1, 0, 1, 2, 3, 4, 5, 6, 7, 8, 9, 10, 11, 12, 13, 14, 15, 16, 17, 18, 19, 20, 21, 22, 23, 24, 25, 26, 27, 28, 29,
         30, 31, 32, 33, 34, 35, 36, 37, 38, 39, 40, 41, 42, 43, 44, 45, 46, 47, 48);
}
Simulation {
NRF2_spline= NDoses(49, 0, 0, 0.506, 0.809, 0.935, 0.994, 0.961, 1.012, 0.919, 0.815, 0.753, 0.682, 0.633, 0.593, 0.569, 0.502, 0.522, 0.479, 0.511, 0.44, 0.446, 0.383, 0.431, 0.314, 0.258, 0.592, 0.54, 0.468, 0.473, 0.458, 0.435, 0.421, 0.404, 0.431, 0.417, 0.394, 0.323, 0.316, 0.247, 0.234, 0.186, 0.2, 0.208, 0.203, 0.202, 0.213, 0.179, 0.218, 0.186, 0, 1, 2, 3, 4, 5, 6, 7, 8, 9, 10, 11, 12, 13, 14, 15, 16, 17, 18, 19, 20, 21, 22, 23, 24, 25, 26, 27, 28, 29, 30, 31, 32, 33, 34, 35, 36, 37, 38, 39, 40, 41, 42, 43, 
44, 45, 46, 47, 48);
Print (Srxn1, 0, 1, 2, 3, 4, 5, 6, 7, 8, 9, 10, 11, 12, 13, 14, 15, 16, 17, 18, 19, 20, 21, 22, 23, 24, 25, 26, 27, 28, 29,
         30, 31, 32, 33, 34, 35, 36, 37, 38, 39, 40, 41, 42, 43, 44, 45, 46, 47, 48);
}
Simulation {
NRF2_spline= NDoses(49, 0, 0, 0.679, 0.98, 1.328, 1.549, 1.642, 1.655, 1.651, 1.554, 1.436, 1.327, 1.236, 1.26, 1.183, 1.062, 1.005, 0.954, 0.917, 0.885, 0.88, 0.931, 0.744, 0.757, 0.744, 1.166, 1.025, 0.934, 0.973, 0.93, 0.838, 0.849, 0.844, 0.83, 0.788, 0.694, 0.654, 0.611, 0.529, 0.481, 0.459, 0.444, 0.463, 0.464, 0.479, 0.437, 0.406, 0.426, 0.404, 0, 1, 2, 3, 4, 5, 6, 7, 8, 9, 10, 11, 12, 13, 14, 15, 16, 17, 18, 19, 20, 21, 22, 23, 24, 25, 26, 27, 28, 29, 30, 31, 32, 33, 34, 35, 36, 37, 38, 39, 40, 41, 42, 43, 
44, 45, 46, 47, 48);
Print (Srxn1, 0, 1, 2, 3, 4, 5, 6, 7, 8, 9, 10, 11, 12, 13, 14, 15, 16, 17, 18, 19, 20, 21, 22, 23, 24, 25, 26, 27, 28, 29,
         30, 31, 32, 33, 34, 35, 36, 37, 38, 39, 40, 41, 42, 43, 44, 45, 46, 47, 48);
}
Simulation {
NRF2_spline= NDoses(49, 0, 0.266, 1.016, 1.292, 1.772, 2.12, 2.455, 2.569, 2.599, 2.464, 2.428, 2.248, 2.27, 2.139, 1.991, 1.936, 1.918, 1.948, 1.907, 1.723, 1.7, 1.608, 1.605, 1.589, 1.681, 2.111, 2.119, 2.083, 2.095, 2.121, 2.099, 2.045, 1.946, 1.983, 1.903, 1.854, 1.876, 1.857, 1.837, 1.759, 1.647, 1.623, 1.553, 1.524, 1.472, 1.474, 1.392, 1.372, 1.343, 0, 1, 2, 3, 4, 5, 6, 7, 8, 9, 10, 11, 12, 13, 14, 15, 16, 17, 18, 19, 20, 21, 22, 23, 24, 25, 26, 27, 28, 29, 30, 31, 32, 33, 34, 35, 36, 37, 38, 39, 40, 41, 42, 
43, 44, 45, 46, 47, 48);
Print (Srxn1, 0, 1, 2, 3, 4, 5, 6, 7, 8, 9, 10, 11, 12, 13, 14, 15, 16, 17, 18, 19, 20, 21, 22, 23, 24, 25, 26, 27, 28, 29,
         30, 31, 32, 33, 34, 35, 36, 37, 38, 39, 40, 41, 42, 43, 44, 45, 46, 47, 48);
}
