Simulation {
NRF2_spline= NDoses(49, 0, 0, 0, 0, 0, 0, 0, 0, 0, 0, 0, 0, 0, 0, 0, 0, 0, 0, 0, 0, 0, 0, 0.003, 0, 0, 0.044, 0, 0, 0, 0, 0, 0, 0, 0, 0, 0, 0, 0, 0, 0, 0, 0, 0, 0, 0, 0, 0, 0, 0, 0, 1, 2, 3, 4, 5, 6, 7, 8, 9, 10, 11, 12, 13, 14, 15, 16, 17, 18, 19, 20, 21, 22, 23, 24, 25, 26, 27, 28, 29, 30, 31, 32, 33, 34, 35, 36, 37, 38, 39, 40, 41, 42, 43, 44, 45, 46, 47, 48);
Print (Srxn1,0,1,2,3,4,5,6,7,8,9,10,11,12,13,14,15,16,17,18,19,20,21,22,23,24,25,26,27,28,29,30,31,32,33,34,35,36,37,38,39,40,41,42,43,44,45,46,47,48);
}
Simulation {
NRF2_spline= NDoses(49, 0, 0, 0, 0.015, 0.116, 0.147, 0.123, 0.122, 0.106, 0.097, 0.096, 0.101, 0.102, 0.092, 0.092, 0.089, 0.069, 0.053, 0.067, 0.059, 0.076, 0.078, 0.063, 0.062, 0.057, 0.057, 0, 0, 0, 0, 0, 0, 0, 0, 0, 0, 0, 0, 0, 0, 0, 0, 0, 0, 0, 0, 0, 0, 0, 0, 1, 2, 3, 4, 5, 6, 7, 8, 9, 10, 11, 12, 13, 14, 15, 16, 17, 18, 19, 20, 21, 22, 23, 24, 25, 26, 27, 28, 29, 30, 31, 32, 33, 34, 35, 36, 37, 38, 39, 40, 41, 42, 43, 44, 45, 46, 47, 48);
Print (Srxn1,0,1,2,3,4,5,6,7,8,9,10,11,12,13,14,15,16,17,18,19,20,21,22,23,24,25,26,27,28,29,30,31,32,33,34,35,36,37,38,39,40,41,42,43,44,45,46,47,48);
}
Simulation {
NRF2_spline= NDoses(49, 0, 0, 0.099, 0.435, 0.551, 0.569, 0.572, 0.557, 0.525, 0.464, 0.43, 0.4, 0.355, 0.355, 0.347, 0.338, 0.308, 0.264, 0.234, 0.292, 0.236, 0.232, 0.194, 0.209, 0.211, 0.13, 0.079, 0.057, 0.044, 0.054, 0.038, 0.047, 0.046, 0.069, 0.044, 0.064, 0.06, 0.07, 0.028, 0.042, 0.047, 0.029, 0.016, 0.043, 0.023, 0.023, 0.06, 0.056, 0.014, 0, 1, 2, 3, 4, 5, 6, 7, 8, 9, 10, 11, 12, 13, 14, 15, 16, 17, 18, 19, 20, 21, 22, 23, 24, 25, 26, 27, 28, 29, 30, 31, 32, 33, 34, 35, 36, 37, 38, 39, 40, 41, 42, 43, 44, 
45, 46, 47, 48);
Print (Srxn1,0,1,2,3,4,5,6,7,8,9,10,11,12,13,14,15,16,17,18,19,20,21,22,23,24,25,26,27,28,29,30,31,32,33,34,35,36,37,38,39,40,41,42,43,44,45,46,47,48);
}
Simulation {
NRF2_spline= NDoses(49, 0, 0, 0.541, 0.953, 1.021, 1.065, 1.026, 0.975, 1.028, 0.938, 0.905, 0.809, 0.76, 0.725, 0.724, 0.702, 0.638, 0.632, 0.633, 0.563, 0.554, 0.51, 0.492, 0.464, 0.42, 0.321, 0.283, 0.263, 0.301, 0.247, 0.238, 0.235, 0.218, 0.175, 0.165, 0.15, 0.127, 0.127, 0.127, 0.143, 0.13, 0.123, 0.142, 0.103, 0.118, 0.116, 0.117, 0.095, 0.104, 0, 1, 2, 3, 4, 5, 6, 7, 8, 9, 10, 11, 12, 13, 14, 15, 16, 17, 18, 19, 20, 21, 22, 23, 24, 25, 26, 27, 28, 29, 30, 31, 32, 33, 34, 35, 36, 37, 38, 39, 40, 41, 42, 43, 
44, 45, 46, 47, 48);
Print (Srxn1,0,1,2,3,4,5,6,7,8,9,10,11,12,13,14,15,16,17,18,19,20,21,22,23,24,25,26,27,28,29,30,31,32,33,34,35,36,37,38,39,40,41,42,43,44,45,46,47,48);
}
Simulation {
NRF2_spline= NDoses(49, 0, 0.097, 0.937, 1.228, 1.316, 1.336, 1.432, 1.448, 1.398, 1.29, 1.291, 1.176, 1.167, 1.094, 1.102, 1.073, 1.022, 1.023, 0.972, 0.945, 0.894, 0.897, 0.87, 0.827, 0.803, 0.611, 0.525, 0.495, 0.467, 0.404, 0.354, 0.33, 0.302, 0.309, 0.286, 0.258, 0.271, 0.252, 0.228, 0.243, 0.245, 0.216, 0.234, 0.168, 0.157, 0.166, 0.169, 0.146, 0.128, 0, 1, 2, 3, 4, 5, 6, 7, 8, 9, 10, 11, 12, 13, 14, 15, 16, 17, 18, 19, 20, 21, 22, 23, 24, 25, 26, 27, 28, 29, 30, 31, 32, 33, 34, 35, 36, 37, 38, 39, 40, 41, 42, 
43, 44, 45, 46, 47, 48);
Print (Srxn1,0,1,2,3,4,5,6,7,8,9,10,11,12,13,14,15,16,17,18,19,20,21,22,23,24,25,26,27,28,29,30,31,32,33,34,35,36,37,38,39,40,41,42,43,44,45,46,47,48);
}
Simulation {
NRF2_spline= NDoses(49, 0, 0.19, 1.13, 1.398, 1.517, 1.733, 1.948, 2.05, 2.144, 2.109, 2.083, 2.013, 2, 1.936, 1.884, 1.917, 1.876, 1.834, 1.785, 1.839, 1.775, 1.816, 1.793, 1.775, 1.773, 1.568, 1.341, 1.187, 1.135, 1.042, 0.984, 0.943, 0.892, 0.869, 0.811, 0.785, 0.735, 0.715, 0.66, 0.652, 0.639, 0.663, 0.614, 0.565, 0.556, 0.543, 0.549, 0.504, 0.455, 0, 1, 2, 3, 4, 5, 6, 7, 8, 9, 10, 11, 12, 13, 14, 15, 16, 17, 18, 19, 20, 21, 22, 23, 24, 25, 26, 27, 28, 29, 30, 31, 32, 33, 34, 35, 36, 37, 38, 39, 40, 41, 42, 43, 
44, 45, 46, 47, 48);
Print (Srxn1,0,1,2,3,4,5,6,7,8,9,10,11,12,13,14,15,16,17,18,19,20,21,22,23,24,25,26,27,28,29,30,31,32,33,34,35,36,37,38,39,40,41,42,43,44,45,46,47,48);
}
Simulation {
NRF2_spline= NDoses(49, 0, 0, 0, 0, 0, 0, 0, 0, 0, 0, 0, 0, 0, 0, 0, 0, 0, 0, 0, 0, 0, 0, 0, 0, 0, 0, 0, 0, 0, 0, 0, 0, 0, 0, 0, 0, 0, 0, 0, 0, 0, 0, 0, 0, 0, 0, 0, 0, 0, 0, 1, 2, 3, 4, 5, 6, 7, 8, 9, 10, 11, 12, 13, 14, 15, 16, 17, 18, 19, 20, 21, 22, 23, 24, 25, 26, 27, 28, 29, 30, 31, 32, 33, 34, 35, 36, 37, 38, 39, 40, 41, 42, 43, 44, 45, 46, 47, 48);
Print (Srxn1,0,1,2,3,4,5,6,7,8,9,10,11,12,13,14,15,16,17,18,19,20,21,22,23,24,25,26,27,28,29,30,31,32,33,34,35,36,37,38,39,40,41,42,43,44,45,46,47,48);
}
Simulation {
NRF2_spline= NDoses(49, 0, 0, 0, 0, 0, 0, 0, 0, 0, 0, 0, 0, 0, 0, 0, 0, 0, 0, 0, 0, 0, 0, 0, 0, 0, 0, 0, 0, 0, 0, 0, 0, 0, 0, 0, 0, 0, 0, 0, 0, 0, 0, 0, 0, 0, 0, 0, 0, 0, 0, 1, 2, 3, 4, 5, 6, 7, 8, 9, 10, 11, 12, 13, 14, 15, 16, 17, 18, 19, 20, 21, 22, 23, 24, 25, 26, 27, 28, 29, 30, 31, 32, 33, 34, 35, 36, 37, 38, 39, 40, 41, 42, 43, 44, 45, 46, 47, 48);
Print (Srxn1,0,1,2,3,4,5,6,7,8,9,10,11,12,13,14,15,16,17,18,19,20,21,22,23,24,25,26,27,28,29,30,31,32,33,34,35,36,37,38,39,40,41,42,43,44,45,46,47,48);
}
Simulation {
NRF2_spline= NDoses(49, 0, 0, 0, 0, 0.049, 0.047, 0.006, 0.011, 0.026, 0.048, 0.021, 0.034, 0, 0.011, 0.01, 0.027, 0, 0, 0, 0, 0, 0, 0, 0, 0, 0, 0, 0, 0, 0, 0, 0, 0, 0, 0, 0, 0, 0, 0, 0, 0, 0, 0, 0, 0, 0, 0, 0, 0, 0, 1, 2, 3, 4, 5, 6, 7, 8, 9, 10, 11, 12, 13, 14, 15, 16, 17, 18, 19, 20, 21, 22, 23, 24, 25, 26, 27, 28, 29, 30, 31, 32, 33, 34, 35, 36, 37, 38, 39, 40, 41, 42, 43, 44, 45, 46, 47, 48);
Print (Srxn1,0,1,2,3,4,5,6,7,8,9,10,11,12,13,14,15,16,17,18,19,20,21,22,23,24,25,26,27,28,29,30,31,32,33,34,35,36,37,38,39,40,41,42,43,44,45,46,47,48);
}
Simulation {
NRF2_spline= NDoses(49, 0, 0, 0, 0.037, 0.067, 0.072, 0.062, 0.084, 0.079, 0.1, 0.106, 0.071, 0.078, 0.115, 0.124, 0.098, 0.095, 0.087, 0.115, 0.109, 0.143, 0.14, 0.177, 0.146, 0.167, 0.012, 0, 0, 0.007, 0.017, 0.02, 0.03, 0.015, 0.005, 0.05, 0.032, 0.053, 0.007, 0, 0, 0, 0, 0.006, 0, 0.022, 0.036, 0.036, 0.013, 0.041, 0, 1, 2, 3, 4, 5, 6, 7, 8, 9, 10, 11, 12, 13, 14, 15, 16, 17, 18, 19, 20, 21, 22, 23, 24, 25, 26, 27, 28, 29, 30, 31, 32, 33, 34, 35, 36, 37, 38, 39, 40, 41, 42, 43, 44, 45, 46, 47, 48);
Print (Srxn1,0,1,2,3,4,5,6,7,8,9,10,11,12,13,14,15,16,17,18,19,20,21,22,23,24,25,26,27,28,29,30,31,32,33,34,35,36,37,38,39,40,41,42,43,44,45,46,47,48);
}
Simulation {
NRF2_spline= NDoses(49, 0, 0, 0.047, 0.402, 0.526, 0.538, 0.456, 0.487, 0.449, 0.399, 0.39, 0.342, 0.327, 0.349, 0.319, 0.312, 0.255, 0.26, 0.293, 0.282, 0.282, 0.241, 0.227, 0.197, 0.204, 0.162, 0.023, 0.022, 0.052, 0.04, 0.037, 0.04, 0, 0, 0.006, 0.001, 0, 0.023, 0.005, 0.024, 0.053, 0.038, 0.005, 0.017, 0.015, 0.021, 0.012, 0, 0, 0, 1, 2, 3, 4, 5, 6, 7, 8, 9, 10, 11, 12, 13, 14, 15, 16, 17, 18, 19, 20, 21, 22, 23, 24, 25, 26, 27, 28, 29, 30, 31, 32, 33, 34, 35, 36, 37, 38, 39, 40, 41, 42, 43, 44, 45, 46, 47, 48
);
Print (Srxn1,0,1,2,3,4,5,6,7,8,9,10,11,12,13,14,15,16,17,18,19,20,21,22,23,24,25,26,27,28,29,30,31,32,33,34,35,36,37,38,39,40,41,42,43,44,45,46,47,48);
}
Simulation {
NRF2_spline= NDoses(49, 0, 0, 0.228, 0.549, 0.562, 0.642, 0.652, 0.644, 0.701, 0.667, 0.636, 0.578, 0.555, 0.577, 0.566, 0.549, 0.538, 0.505, 0.532, 0.506, 0.496, 0.484, 0.441, 0.432, 0.4, 0.711, 0.404, 0.327, 0.343, 0.225, 0.203, 0.198, 0.226, 0.189, 0.191, 0.183, 0.146, 0.147, 0.154, 0.164, 0.179, 0.153, 0.157, 0.143, 0.131, 0.128, 0.131, 0.099, 0.11, 0, 1, 2, 3, 4, 5, 6, 7, 8, 9, 10, 11, 12, 13, 14, 15, 16, 17, 18, 19, 20, 21, 22, 23, 24, 25, 26, 27, 28, 29, 30, 31, 32, 33, 34, 35, 36, 37, 38, 39, 40, 41, 42, 43, 
44, 45, 46, 47, 48);
Print (Srxn1,0,1,2,3,4,5,6,7,8,9,10,11,12,13,14,15,16,17,18,19,20,21,22,23,24,25,26,27,28,29,30,31,32,33,34,35,36,37,38,39,40,41,42,43,44,45,46,47,48);
}
Simulation {
NRF2_spline= NDoses(49, 0, 0, 0.515, 0.932, 1.069, 1.21, 1.316, 1.452, 1.524, 1.497, 1.505, 1.494, 1.459, 1.453, 1.418, 1.331, 1.373, 1.309, 1.302, 1.314, 1.331, 1.415, 1.381, 1.361, 1.36, 1.506, 1.096, 0.897, 0.84, 0.785, 0.705, 0.631, 0.588, 0.554, 0.562, 0.533, 0.494, 0.481, 0.422, 0.426, 0.413, 0.4, 0.354, 0.341, 0.32, 0.321, 0.324, 0.313, 0.291, 0, 1, 2, 3, 4, 5, 6, 7, 8, 9, 10, 11, 12, 13, 14, 15, 16, 17, 18, 19, 20, 21, 22, 23, 24, 25, 26, 27, 28, 29, 30, 31, 32, 33, 34, 35, 36, 37, 38, 39, 40, 41, 42, 43, 
44, 45, 46, 47, 48);
Print (Srxn1,0,1,2,3,4,5,6,7,8,9,10,11,12,13,14,15,16,17,18,19,20,21,22,23,24,25,26,27,28,29,30,31,32,33,34,35,36,37,38,39,40,41,42,43,44,45,46,47,48);
}
Simulation {
NRF2_spline= NDoses(49, 0, 0, 0, 0, 0, 0, 0, 0, 0, 0, 0, 0, 0, 0, 0, 0, 0, 0, 0, 0, 0, 0, 0, 0, 0, 0, 0, 0, 0, 0, 0, 0, 0.008, 0, 0.004, 0, 0, 0.005, 0, 0, 0, 0, 0, 0, 0, 0, 0, 0, 0, 0, 1, 2, 3, 4, 5, 6, 7, 8, 9, 10, 11, 12, 13, 14, 15, 16, 17, 18, 19, 20, 21, 22, 23, 24, 25, 26, 27, 28, 29, 30, 31, 32, 33, 34, 35, 36, 37, 38, 39, 40, 41, 42, 43, 44, 45, 46, 47, 48);
Print (Srxn1,0,1,2,3,4,5,6,7,8,9,10,11,12,13,14,15,16,17,18,19,20,21,22,23,24,25,26,27,28,29,30,31,32,33,34,35,36,37,38,39,40,41,42,43,44,45,46,47,48);
}
Simulation {
NRF2_spline= NDoses(49, 0, 0, 0, 0, 0, 0, 0, 0, 0, 0, 0, 0, 0, 0, 0, 0, 0, 0, 0, 0, 0, 0, 0, 0, 0, 0, 0, 0, 0.023, 0.072, 0.047, 0.068, 0.094, 0.116, 0.078, 0.105, 0.096, 0.066, 0.074, 0.071, 0.067, 0.061, 0.043, 0.068, 0.054, 0.038, 0.071, 0.055, 0.066, 0, 1, 2, 3, 4, 5, 6, 7, 8, 9, 10, 11, 12, 13, 14, 15, 16, 17, 18, 19, 20, 21, 22, 23, 24, 25, 26, 27, 28, 29, 30, 31, 32, 33, 34, 35, 36, 37, 38, 39, 40, 41, 42, 43, 44, 45, 46, 47, 48);
Print (Srxn1,0,1,2,3,4,5,6,7,8,9,10,11,12,13,14,15,16,17,18,19,20,21,22,23,24,25,26,27,28,29,30,31,32,33,34,35,36,37,38,39,40,41,42,43,44,45,46,47,48);
}
Simulation {
NRF2_spline= NDoses(49, 0, 0, 0, 0, 0.021, 0.082, 0.064, 0.098, 0.096, 0.096, 0.086, 0.082, 0.087, 0.07, 0.076, 0.071, 0.041, 0.059, 0.071, 0.065, 0.066, 0.061, 0.037, 0.04, 0.04, 0, 0, 0.07, 0.119, 0.128, 0.105, 0.157, 0.163, 0.139, 0.203, 0.202, 0.192, 0.166, 0.161, 0.202, 0.165, 0.165, 0.134, 0.197, 0.164, 0.149, 0.155, 0.149, 0.146, 0, 1, 2, 3, 4, 5, 6, 7, 8, 9, 10, 11, 12, 13, 14, 15, 16, 17, 18, 19, 20, 21, 22, 23, 24, 25, 26, 27, 28, 29, 30, 31, 32, 33, 34, 35, 36, 37, 38, 39, 40, 41, 42, 43, 44, 45, 46, 47, 
48);
Print (Srxn1,0,1,2,3,4,5,6,7,8,9,10,11,12,13,14,15,16,17,18,19,20,21,22,23,24,25,26,27,28,29,30,31,32,33,34,35,36,37,38,39,40,41,42,43,44,45,46,47,48);
}
Simulation {
NRF2_spline= NDoses(49, 0, 0, 0.019, 0.153, 0.372, 0.413, 0.403, 0.376, 0.329, 0.277, 0.241, 0.269, 0.222, 0.208, 0.221, 0.169, 0.172, 0.15, 0.153, 0.168, 0.117, 0.126, 0.103, 0.114, 0.089, 0.05, 0.018, 0.065, 0.095, 0.119, 0.142, 0.168, 0.188, 0.167, 0.158, 0.157, 0.15, 0.126, 0.123, 0.111, 0.156, 0.115, 0.119, 0.104, 0.071, 0.061, 0.077, 0.065, 0.064, 0, 1, 2, 3, 4, 5, 6, 7, 8, 9, 10, 11, 12, 13, 14, 15, 16, 17, 18, 19, 20, 21, 22, 23, 24, 25, 26, 27, 28, 29, 30, 31, 32, 33, 34, 35, 36, 37, 38, 39, 40, 41, 42, 43, 
44, 45, 46, 47, 48);
Print (Srxn1,0,1,2,3,4,5,6,7,8,9,10,11,12,13,14,15,16,17,18,19,20,21,22,23,24,25,26,27,28,29,30,31,32,33,34,35,36,37,38,39,40,41,42,43,44,45,46,47,48);
}
Simulation {
NRF2_spline= NDoses(49, 0, 0, 0.138, 0.471, 0.528, 0.543, 0.499, 0.492, 0.451, 0.389, 0.41, 0.379, 0.325, 0.311, 0.303, 0.339, 0.292, 0.28, 0.261, 0.277, 0.279, 0.252, 0.228, 0.21, 0.197, 0.302, 0.157, 0.172, 0.228, 0.231, 0.204, 0.217, 0.207, 0.238, 0.187, 0.181, 0.171, 0.136, 0.128, 0.111, 0.122, 0.09, 0.098, 0.083, 0.071, 0.003, 0, 0, 0.003, 0, 1, 2, 3, 4, 5, 6, 7, 8, 9, 10, 11, 12, 13, 14, 15, 16, 17, 18, 19, 20, 21, 22, 23, 24, 25, 26, 27, 28, 29, 30, 31, 32, 33, 34, 35, 36, 37, 38, 39, 40, 41, 42, 43, 44, 45, 
46, 47, 48);
Print (Srxn1,0,1,2,3,4,5,6,7,8,9,10,11,12,13,14,15,16,17,18,19,20,21,22,23,24,25,26,27,28,29,30,31,32,33,34,35,36,37,38,39,40,41,42,43,44,45,46,47,48);
}
Simulation {
NRF2_spline= NDoses(49, 0, 0, 0.332, 0.672, 0.743, 0.76, 0.78, 0.767, 0.77, 0.762, 0.712, 0.672, 0.596, 0.581, 0.55, 0.556, 0.528, 0.522, 0.528, 0.523, 0.514, 0.501, 0.473, 0.448, 0.449, 0.617, 0.4, 0.424, 0.424, 0.368, 0.348, 0.328, 0.297, 0.271, 0.268, 0.225, 0.181, 0.203, 0.174, 0.18, 0.177, 0.184, 0.195, 0.189, 0.158, 0.15, 0.171, 0.182, 0.18, 0, 1, 2, 3, 4, 5, 6, 7, 8, 9, 10, 11, 12, 13, 14, 15, 16, 17, 18, 19, 20, 21, 22, 23, 24, 25, 26, 27, 28, 29, 30, 31, 32, 33, 34, 35, 36, 37, 38, 39, 40, 41, 42, 43, 44, 
45, 46, 47, 48);
Print (Srxn1,0,1,2,3,4,5,6,7,8,9,10,11,12,13,14,15,16,17,18,19,20,21,22,23,24,25,26,27,28,29,30,31,32,33,34,35,36,37,38,39,40,41,42,43,44,45,46,47,48);
}
Simulation {
NRF2_spline= NDoses(49, 0, 0, 0.84, 1.106, 1.111, 1.278, 1.344, 1.479, 1.579, 1.602, 1.601, 1.653, 1.639, 1.501, 1.546, 1.568, 1.506, 1.529, 1.495, 1.418, 1.517, 1.513, 1.519, 1.538, 1.565, 1.699, 1.288, 1.057, 1.035, 1.056, 0.994, 0.933, 0.916, 0.873, 0.825, 0.818, 0.752, 0.736, 0.685, 0.715, 0.682, 0.666, 0.64, 0.624, 0.584, 0.551, 0.565, 0.476, 0.412, 0, 1, 2, 3, 4, 5, 6, 7, 8, 9, 10, 11, 12, 13, 14, 15, 16, 17, 18, 19, 20, 21, 22, 23, 24, 25, 26, 27, 28, 29, 30, 31, 32, 33, 34, 35, 36, 37, 38, 39, 40, 41, 42, 
43, 44, 45, 46, 47, 48);
Print (Srxn1,0,1,2,3,4,5,6,7,8,9,10,11,12,13,14,15,16,17,18,19,20,21,22,23,24,25,26,27,28,29,30,31,32,33,34,35,36,37,38,39,40,41,42,43,44,45,46,47,48);
}
Simulation {
NRF2_spline= NDoses(49, 0, 0, 0, 0, 0, 0, 0, 0, 0, 0, 0, 0, 0, 0, 0, 0, 0, 0, 0, 0, 0, 0, 0, 0, 0, 0, 0.042, 0.245, 0.388, 0.412, 0.368, 0.371, 0.308, 0.308, 0.216, 0.224, 0.24, 0.231, 0.175, 0.162, 0.21, 0.176, 0.184, 0.154, 0.157, 0.136, 0.131, 0.105, 0.091, 0, 1, 2, 3, 4, 5, 6, 7, 8, 9, 10, 11, 12, 13, 14, 15, 16, 17, 18, 19, 20, 21, 22, 23, 24, 25, 26, 27, 28, 29, 30, 31, 32, 33, 34, 35, 36, 37, 38, 39, 40, 41, 42, 43, 44, 45, 46, 47, 48);
Print (Srxn1,0,1,2,3,4,5,6,7,8,9,10,11,12,13,14,15,16,17,18,19,20,21,22,23,24,25,26,27,28,29,30,31,32,33,34,35,36,37,38,39,40,41,42,43,44,45,46,47,48);
}
Simulation {
NRF2_spline= NDoses(49, 0, 0, 0, 0, 0.012, 0, 0.019, 0.012, 0.014, 0.001, 0.05, 0.013, 0.027, 0.01, 0.017, 0.025, 0.009, 0.01, 0.021, 0.004, 0, 0, 0, 0, 0, 0, 0.103, 0.317, 0.437, 0.491, 0.475, 0.481, 0.452, 0.37, 0.307, 0.34, 0.3, 0.304, 0.323, 0.297, 0.223, 0.227, 0.187, 0.204, 0.171, 0.176, 0.165, 0.178, 0.184, 0, 1, 2, 3, 4, 5, 6, 7, 8, 9, 10, 11, 12, 13, 14, 15, 16, 17, 18, 19, 20, 21, 22, 23, 24, 25, 26, 27, 28, 29, 30, 31, 32, 33, 34, 35, 36, 37, 38, 39, 40, 41, 42, 43, 44, 45, 46, 47, 48);
Print (Srxn1,0,1,2,3,4,5,6,7,8,9,10,11,12,13,14,15,16,17,18,19,20,21,22,23,24,25,26,27,28,29,30,31,32,33,34,35,36,37,38,39,40,41,42,43,44,45,46,47,48);
}
Simulation {
NRF2_spline= NDoses(49, 0, 0, 0, 0.005, 0.019, 0.034, 0.014, 0.052, 0.046, 0.026, 0.016, 0.001, 0, 0.017, 0.024, 0.022, 0.003, 0.001, 0.011, 0, 0, 0.003, 0, 0, 0, 0, 0, 0.152, 0.287, 0.31, 0.281, 0.258, 0.271, 0.253, 0.232, 0.217, 0.217, 0.144, 0.126, 0.116, 0.082, 0.053, 0.065, 0.042, 0.042, 0, 0, 0, 0, 0, 1, 2, 3, 4, 5, 6, 7, 8, 9, 10, 11, 12, 13, 14, 15, 16, 17, 18, 19, 20, 21, 22, 23, 24, 25, 26, 27, 28, 29, 30, 31, 32, 33, 34, 35, 36, 37, 38, 39, 40, 41, 42, 43, 44, 45, 46, 47, 48);
Print (Srxn1,0,1,2,3,4,5,6,7,8,9,10,11,12,13,14,15,16,17,18,19,20,21,22,23,24,25,26,27,28,29,30,31,32,33,34,35,36,37,38,39,40,41,42,43,44,45,46,47,48);
}
Simulation {
NRF2_spline= NDoses(49, 0, 0, 0, 0.165, 0.228, 0.227, 0.197, 0.222, 0.222, 0.209, 0.219, 0.203, 0.186, 0.179, 0.168, 0.204, 0.164, 0.164, 0.185, 0.135, 0.138, 0.126, 0.123, 0.121, 0.136, 0.053, 0.142, 0.265, 0.388, 0.426, 0.399, 0.447, 0.397, 0.364, 0.321, 0.316, 0.263, 0.272, 0.288, 0.28, 0.263, 0.247, 0.252, 0.22, 0.218, 0.197, 0.232, 0.216, 0.191, 0, 1, 2, 3, 4, 5, 6, 7, 8, 9, 10, 11, 12, 13, 14, 15, 16, 17, 18, 19, 20, 21, 22, 23, 24, 25, 26, 27, 28, 29, 30, 31, 32, 33, 34, 35, 36, 37, 38, 39, 40, 41, 42, 43, 
44, 45, 46, 47, 48);
Print (Srxn1,0,1,2,3,4,5,6,7,8,9,10,11,12,13,14,15,16,17,18,19,20,21,22,23,24,25,26,27,28,29,30,31,32,33,34,35,36,37,38,39,40,41,42,43,44,45,46,47,48);
}
Simulation {
NRF2_spline= NDoses(49, 0, 0, 0.413, 0.783, 0.841, 0.898, 0.822, 0.864, 0.827, 0.738, 0.734, 0.735, 0.66, 0.653, 0.585, 0.629, 0.6, 0.541, 0.507, 0.494, 0.424, 0.444, 0.442, 0.421, 0.37, 0.284, 0.352, 0.439, 0.545, 0.56, 0.56, 0.536, 0.557, 0.511, 0.494, 0.44, 0.423, 0.386, 0.396, 0.384, 0.407, 0.422, 0.387, 0.38, 0.326, 0.377, 0.387, 0.371, 0.359, 0, 1, 2, 3, 4, 5, 6, 7, 8, 9, 10, 11, 12, 13, 14, 15, 16, 17, 18, 19, 20, 21, 22, 23, 24, 25, 26, 27, 28, 29, 30, 31, 32, 33, 34, 35, 36, 37, 38, 39, 40, 41, 42, 43, 44, 
45, 46, 47, 48);
Print (Srxn1,0,1,2,3,4,5,6,7,8,9,10,11,12,13,14,15,16,17,18,19,20,21,22,23,24,25,26,27,28,29,30,31,32,33,34,35,36,37,38,39,40,41,42,43,44,45,46,47,48);
}
Simulation {
NRF2_spline= NDoses(49, 0, 0, 0.506, 0.829, 0.902, 0.949, 0.96, 0.936, 0.972, 0.93, 0.877, 0.81, 0.796, 0.787, 0.732, 0.738, 0.723, 0.704, 0.712, 0.698, 0.695, 0.645, 0.632, 0.573, 0.562, 0.598, 0.479, 0.492, 0.526, 0.536, 0.514, 0.501, 0.455, 0.439, 0.419, 0.389, 0.332, 0.333, 0.325, 0.325, 0.32, 0.292, 0.26, 0.305, 0.293, 0.3, 0.266, 0.272, 0.267, 0, 1, 2, 3, 4, 5, 6, 7, 8, 9, 10, 11, 12, 13, 14, 15, 16, 17, 18, 19, 20, 21, 22, 23, 24, 25, 26, 27, 28, 29, 30, 31, 32, 33, 34, 35, 36, 37, 38, 39, 40, 41, 42, 43, 44, 
45, 46, 47, 48);
Print (Srxn1,0,1,2,3,4,5,6,7,8,9,10,11,12,13,14,15,16,17,18,19,20,21,22,23,24,25,26,27,28,29,30,31,32,33,34,35,36,37,38,39,40,41,42,43,44,45,46,47,48);
}
Simulation {
NRF2_spline= NDoses(49, 0, 0, 0.736, 0.982, 1.128, 1.315, 1.377, 1.512, 1.544, 1.533, 1.582, 1.548, 1.547, 1.529, 1.459, 1.497, 1.455, 1.428, 1.433, 1.417, 1.497, 1.473, 1.476, 1.514, 1.542, 1.627, 1.355, 1.242, 1.273, 1.305, 1.226, 1.229, 1.183, 1.171, 1.135, 1.075, 1.05, 0.983, 0.972, 0.92, 0.87, 0.842, 0.803, 0.787, 0.799, 0.773, 0.753, 0.722, 0.724, 0, 1, 2, 3, 4, 5, 6, 7, 8, 9, 10, 11, 12, 13, 14, 15, 16, 17, 18, 19, 20, 21, 22, 23, 24, 25, 26, 27, 28, 29, 30, 31, 32, 33, 34, 35, 36, 37, 38, 39, 40, 41, 42, 43, 
44, 45, 46, 47, 48);
Print (Srxn1,0,1,2,3,4,5,6,7,8,9,10,11,12,13,14,15,16,17,18,19,20,21,22,23,24,25,26,27,28,29,30,31,32,33,34,35,36,37,38,39,40,41,42,43,44,45,46,47,48);
}
Simulation {
NRF2_spline= NDoses(49, 0, 0, 0, 0, 0, 0, 0, 0, 0, 0, 0, 0, 0, 0, 0, 0, 0, 0, 0, 0, 0, 0, 0, 0, 0, 0, 0.226, 0.63, 0.78, 0.826, 0.825, 0.815, 0.728, 0.689, 0.672, 0.607, 0.569, 0.581, 0.526, 0.495, 0.489, 0.451, 0.411, 0.415, 0.339, 0.322, 0.283, 0.273, 0.245, 0, 1, 2, 3, 4, 5, 6, 7, 8, 9, 10, 11, 12, 13, 14, 15, 16, 17, 18, 19, 20, 21, 22, 23, 24, 25, 26, 27, 28, 29, 30, 31, 32, 33, 34, 35, 36, 37, 38, 39, 40, 41, 42, 43, 44, 45, 46, 47, 48);
Print (Srxn1,0,1,2,3,4,5,6,7,8,9,10,11,12,13,14,15,16,17,18,19,20,21,22,23,24,25,26,27,28,29,30,31,32,33,34,35,36,37,38,39,40,41,42,43,44,45,46,47,48);
}
Simulation {
NRF2_spline= NDoses(49, 0, 0, 0, 0, 0, 0, 0, 0, 0, 0, 0, 0, 0, 0, 0, 0, 0, 0, 0, 0, 0, 0, 0, 0, 0.01, 0, 0.25, 0.589, 0.711, 0.812, 0.842, 0.847, 0.785, 0.697, 0.64, 0.487, 0.452, 0.444, 0.405, 0.413, 0.334, 0.26, 0.244, 0.189, 0.169, 0.13, 0.113, 0.161, 0.149, 0, 1, 2, 3, 4, 5, 6, 7, 8, 9, 10, 11, 12, 13, 14, 15, 16, 17, 18, 19, 20, 21, 22, 23, 24, 25, 26, 27, 28, 29, 30, 31, 32, 33, 34, 35, 36, 37, 38, 39, 40, 41, 42, 43, 44, 45, 46, 47, 48);
Print (Srxn1,0,1,2,3,4,5,6,7,8,9,10,11,12,13,14,15,16,17,18,19,20,21,22,23,24,25,26,27,28,29,30,31,32,33,34,35,36,37,38,39,40,41,42,43,44,45,46,47,48);
}
Simulation {
NRF2_spline= NDoses(49, 0, 0, 0, 0.018, 0.021, 0.065, 0.07, 0.057, 0.035, 0.048, 0.023, 0.036, 0.04, 0.019, 0.007, 0.001, 0, 0, 0, 0, 0, 0, 0, 0, 0, 0, 0.22, 0.502, 0.748, 0.821, 0.811, 0.837, 0.771, 0.715, 0.636, 0.578, 0.529, 0.466, 0.442, 0.438, 0.38, 0.352, 0.335, 0.307, 0.236, 0.199, 0.23, 0.185, 0.14, 0, 1, 2, 3, 4, 5, 6, 7, 8, 9, 10, 11, 12, 13, 14, 15, 16, 17, 18, 19, 20, 21, 22, 23, 24, 25, 26, 27, 28, 29, 30, 31, 32, 33, 34, 35, 36, 37, 38, 39, 40, 41, 42, 43, 44, 45, 46, 47, 48);
Print (Srxn1,0,1,2,3,4,5,6,7,8,9,10,11,12,13,14,15,16,17,18,19,20,21,22,23,24,25,26,27,28,29,30,31,32,33,34,35,36,37,38,39,40,41,42,43,44,45,46,47,48);
}
Simulation {
NRF2_spline= NDoses(49, 0, 0, 0, 0.215, 0.328, 0.27, 0.235, 0.247, 0.211, 0.232, 0.211, 0.25, 0.229, 0.233, 0.231, 0.244, 0.199, 0.163, 0.182, 0.153, 0.141, 0.126, 0.142, 0.122, 0.115, 0, 0.28, 0.666, 0.832, 0.93, 0.898, 0.896, 0.828, 0.733, 0.68, 0.66, 0.562, 0.506, 0.487, 0.442, 0.44, 0.397, 0.357, 0.357, 0.311, 0.301, 0.312, 0.265, 0.197, 0, 1, 2, 3, 4, 5, 6, 7, 8, 9, 10, 11, 12, 13, 14, 15, 16, 17, 18, 19, 20, 21, 22, 23, 24, 25, 26, 27, 28, 29, 30, 31, 32, 33, 34, 35, 36, 37, 38, 39, 40, 41, 42, 43, 44, 45, 46, 
47, 48);
Print (Srxn1,0,1,2,3,4,5,6,7,8,9,10,11,12,13,14,15,16,17,18,19,20,21,22,23,24,25,26,27,28,29,30,31,32,33,34,35,36,37,38,39,40,41,42,43,44,45,46,47,48);
}
Simulation {
NRF2_spline= NDoses(49, 0, 0, 0.42, 0.75, 0.856, 0.821, 0.807, 0.823, 0.719, 0.702, 0.645, 0.645, 0.63, 0.633, 0.593, 0.579, 0.558, 0.558, 0.491, 0.46, 0.463, 0.447, 0.408, 0.326, 0.32, 0.147, 0.385, 0.613, 0.804, 0.856, 0.828, 0.78, 0.73, 0.688, 0.662, 0.601, 0.558, 0.522, 0.471, 0.469, 0.433, 0.407, 0.314, 0.246, 0.205, 0.173, 0.172, 0.137, 0.116, 0, 1, 2, 3, 4, 5, 6, 7, 8, 9, 10, 11, 12, 13, 14, 15, 16, 17, 18, 19, 20, 21, 22, 23, 24, 25, 26, 27, 28, 29, 30, 31, 32, 33, 34, 35, 36, 37, 38, 39, 40, 41, 42, 43, 44, 
45, 46, 47, 48);
Print (Srxn1,0,1,2,3,4,5,6,7,8,9,10,11,12,13,14,15,16,17,18,19,20,21,22,23,24,25,26,27,28,29,30,31,32,33,34,35,36,37,38,39,40,41,42,43,44,45,46,47,48);
}
Simulation {
NRF2_spline= NDoses(49, 0, 0, 0.598, 0.869, 0.937, 0.975, 0.968, 1.007, 1.028, 0.989, 0.987, 0.909, 0.865, 0.941, 0.864, 0.896, 0.825, 0.697, 0.669, 0.637, 0.636, 0.593, 0.617, 0.581, 0.556, 0.644, 0.764, 0.888, 1.047, 1.118, 1.097, 1.097, 1.029, 1.01, 0.931, 0.834, 0.795, 0.683, 0.685, 0.646, 0.609, 0.583, 0.541, 0.496, 0.448, 0.42, 0.389, 0.359, 0.321, 0, 1, 2, 3, 4, 5, 6, 7, 8, 9, 10, 11, 12, 13, 14, 15, 16, 17, 18, 19, 20, 21, 22, 23, 24, 25, 26, 27, 28, 29, 30, 31, 32, 33, 34, 35, 36, 37, 38, 39, 40, 41, 42, 
43, 44, 45, 46, 47, 48);
Print (Srxn1,0,1,2,3,4,5,6,7,8,9,10,11,12,13,14,15,16,17,18,19,20,21,22,23,24,25,26,27,28,29,30,31,32,33,34,35,36,37,38,39,40,41,42,43,44,45,46,47,48);
}
Simulation {
NRF2_spline= NDoses(49, 0, 0.009, 0.755, 1.079, 1.247, 1.408, 1.462, 1.527, 1.653, 1.727, 1.737, 1.709, 1.593, 1.668, 1.61, 1.576, 1.586, 1.532, 1.556, 1.612, 1.613, 1.662, 1.589, 1.616, 1.703, 1.455, 1.3, 1.251, 1.337, 1.411, 1.384, 1.432, 1.552, 1.437, 1.377, 1.317, 1.224, 1.205, 1.185, 1.101, 1.082, 0.996, 0.815, 0.796, 0.747, 0.706, 0.661, 0.629, 0.591, 0, 1, 2, 3, 4, 5, 6, 7, 8, 9, 10, 11, 12, 13, 14, 15, 16, 17, 18, 19, 20, 21, 22, 23, 24, 25, 26, 27, 28, 29, 30, 31, 32, 33, 34, 35, 36, 37, 38, 39, 40, 41, 42, 
43, 44, 45, 46, 47, 48);
Print (Srxn1,0,1,2,3,4,5,6,7,8,9,10,11,12,13,14,15,16,17,18,19,20,21,22,23,24,25,26,27,28,29,30,31,32,33,34,35,36,37,38,39,40,41,42,43,44,45,46,47,48);
}
Simulation {
NRF2_spline= NDoses(49, 0, 0, 0, 0, 0, 0, 0, 0, 0, 0, 0, 0, 0, 0, 0, 0, 0, 0, 0, 0, 0, 0, 0, 0, 0, 0, 0.548, 0.932, 1.119, 1.243, 1.277, 1.295, 1.296, 1.235, 1.184, 1.174, 1.112, 1.025, 1.025, 0.969, 0.99, 0.918, 0.873, 0.771, 0.762, 0.673, 0.646, 0.56, 0.521, 0, 1, 2, 3, 4, 5, 6, 7, 8, 9, 10, 11, 12, 13, 14, 15, 16, 17, 18, 19, 20, 21, 22, 23, 24, 25, 26, 27, 28, 29, 30, 31, 32, 33, 34, 35, 36, 37, 38, 39, 40, 41, 42, 43, 44, 45, 46, 47, 48);
Print (Srxn1,0,1,2,3,4,5,6,7,8,9,10,11,12,13,14,15,16,17,18,19,20,21,22,23,24,25,26,27,28,29,30,31,32,33,34,35,36,37,38,39,40,41,42,43,44,45,46,47,48);
}
Simulation {
NRF2_spline= NDoses(49, 0, 0, 0, 0, 0.008, 0, 0, 0, 0, 0, 0, 0, 0, 0, 0, 0, 0, 0, 0, 0, 0, 0, 0, 0, 0, 0, 0.56, 0.973, 1.2, 1.306, 1.386, 1.381, 1.364, 1.289, 1.192, 1.18, 1.122, 1.084, 1.006, 1.02, 0.946, 0.898, 0.835, 0.754, 0.66, 0.593, 0.56, 0.489, 0.443, 0, 1, 2, 3, 4, 5, 6, 7, 8, 9, 10, 11, 12, 13, 14, 15, 16, 17, 18, 19, 20, 21, 22, 23, 24, 25, 26, 27, 28, 29, 30, 31, 32, 33, 34, 35, 36, 37, 38, 39, 40, 41, 42, 43, 44, 45, 46, 47, 48);
Print (Srxn1,0,1,2,3,4,5,6,7,8,9,10,11,12,13,14,15,16,17,18,19,20,21,22,23,24,25,26,27,28,29,30,31,32,33,34,35,36,37,38,39,40,41,42,43,44,45,46,47,48);
}
Simulation {
NRF2_spline= NDoses(49, 0, 0, 0.028, 0.08, 0.11, 0.106, 0.121, 0.121, 0.074, 0.092, 0.102, 0.065, 0.074, 0.056, 0.093, 0.029, 0.059, 0.048, 0.025, 0.021, 0.045, 0.038, 0.035, 0.018, 0, 0, 0.594, 1.004, 1.244, 1.357, 1.433, 1.438, 1.439, 1.345, 1.297, 1.228, 1.142, 1.122, 1.03, 1.005, 0.938, 0.884, 0.826, 0.815, 0.757, 0.709, 0.678, 0.63, 0.553, 0, 1, 2, 3, 4, 5, 6, 7, 8, 9, 10, 11, 12, 13, 14, 15, 16, 17, 18, 19, 20, 21, 22, 23, 24, 25, 26, 27, 28, 29, 30, 31, 32, 33, 34, 35, 36, 37, 38, 39, 40, 41, 42, 43, 44, 45, 
46, 47, 48);
Print (Srxn1,0,1,2,3,4,5,6,7,8,9,10,11,12,13,14,15,16,17,18,19,20,21,22,23,24,25,26,27,28,29,30,31,32,33,34,35,36,37,38,39,40,41,42,43,44,45,46,47,48);
}
Simulation {
NRF2_spline= NDoses(49, 0, 0, 0.086, 0.3, 0.397, 0.406, 0.383, 0.352, 0.335, 0.328, 0.289, 0.284, 0.25, 0.239, 0.264, 0.277, 0.253, 0.237, 0.247, 0.237, 0.223, 0.2, 0.181, 0.193, 0.188, 0.214, 0.838, 1.226, 1.469, 1.564, 1.587, 1.632, 1.578, 1.491, 1.435, 1.471, 1.37, 1.335, 1.236, 1.238, 1.164, 1.17, 1.065, 1.033, 0.983, 0.896, 0.871, 0.851, 0.742, 0, 1, 2, 3, 4, 5, 6, 7, 8, 9, 10, 11, 12, 13, 14, 15, 16, 17, 18, 19, 20, 21, 22, 23, 24, 25, 26, 27, 28, 29, 30, 31, 32, 33, 34, 35, 36, 37, 38, 39, 40, 41, 42, 43, 44, 
45, 46, 47, 48);
Print (Srxn1,0,1,2,3,4,5,6,7,8,9,10,11,12,13,14,15,16,17,18,19,20,21,22,23,24,25,26,27,28,29,30,31,32,33,34,35,36,37,38,39,40,41,42,43,44,45,46,47,48);
}
Simulation {
NRF2_spline= NDoses(49, 0, 0.081, 0.761, 1.138, 1.21, 1.174, 1.233, 1.16, 1.079, 0.921, 0.862, 0.823, 0.798, 0.692, 0.695, 0.635, 0.622, 0.604, 0.565, 0.577, 0.521, 0.515, 0.507, 0.488, 0.459, 0.309, 0.755, 1.035, 1.288, 1.31, 1.371, 1.384, 1.284, 1.243, 1.218, 1.149, 1.086, 1.079, 0.987, 0.974, 0.946, 0.931, 0.923, 0.837, 0.778, 0.644, 0.598, 0.561, 0.513, 0, 1, 2, 3, 4, 5, 6, 7, 8, 9, 10, 11, 12, 13, 14, 15, 16, 17, 18, 19, 20, 21, 22, 23, 24, 25, 26, 27, 28, 29, 30, 31, 32, 33, 34, 35, 36, 37, 38, 39, 40, 41, 42, 
43, 44, 45, 46, 47, 48);
Print (Srxn1,0,1,2,3,4,5,6,7,8,9,10,11,12,13,14,15,16,17,18,19,20,21,22,23,24,25,26,27,28,29,30,31,32,33,34,35,36,37,38,39,40,41,42,43,44,45,46,47,48);
}
Simulation {
NRF2_spline= NDoses(49, 0, 0.018, 0.857, 1.124, 1.151, 1.194, 1.198, 1.306, 1.331, 1.272, 1.12, 1.115, 0.998, 1.012, 0.992, 0.964, 0.919, 0.91, 0.849, 0.818, 0.85, 0.838, 0.722, 0.655, 0.705, 0.903, 1.244, 1.432, 1.68, 1.775, 1.789, 1.829, 1.787, 1.737, 1.61, 1.548, 1.43, 1.371, 1.296, 1.267, 1.241, 1.198, 1.2, 1.132, 1.045, 0.936, 0.888, 0.891, 0.811, 0, 1, 2, 3, 4, 5, 6, 7, 8, 9, 10, 11, 12, 13, 14, 15, 16, 17, 18, 19, 20, 21, 22, 23, 24, 25, 26, 27, 28, 29, 30, 31, 32, 33, 34, 35, 36, 37, 38, 39, 40, 41, 42, 43, 
44, 45, 46, 47, 48);
Print (Srxn1,0,1,2,3,4,5,6,7,8,9,10,11,12,13,14,15,16,17,18,19,20,21,22,23,24,25,26,27,28,29,30,31,32,33,34,35,36,37,38,39,40,41,42,43,44,45,46,47,48);
}
Simulation {
NRF2_spline= NDoses(49, 0, 0.03, 1.054, 1.321, 1.445, 1.537, 1.779, 1.889, 1.957, 1.932, 1.895, 1.851, 1.832, 1.727, 1.686, 1.518, 1.492, 1.489, 1.392, 1.431, 1.479, 1.41, 1.404, 1.363, 1.38, 1.293, 1.333, 1.382, 1.528, 1.577, 1.71, 1.742, 1.76, 1.766, 1.712, 1.588, 1.53, 1.458, 1.356, 1.297, 1.269, 1.221, 1.218, 1.138, 1.11, 1.126, 1.096, 1.095, 1.028, 0, 1, 2, 3, 4, 5, 6, 7, 8, 9, 10, 11, 12, 13, 14, 15, 16, 17, 18, 19, 20, 21, 22, 23, 24, 25, 26, 27, 28, 29, 30, 31, 32, 33, 34, 35, 36, 37, 38, 39, 40, 41, 42, 43, 
44, 45, 46, 47, 48);
Print (Srxn1,0,1,2,3,4,5,6,7,8,9,10,11,12,13,14,15,16,17,18,19,20,21,22,23,24,25,26,27,28,29,30,31,32,33,34,35,36,37,38,39,40,41,42,43,44,45,46,47,48);
}
Simulation {
NRF2_spline= NDoses(49, 0, 0, 0, 0, 0, 0, 0, 0, 0, 0, 0, 0, 0, 0, 0, 0, 0, 0, 0, 0, 0, 0, 0, 0, 0, 0.034, 0.892, 1.276, 1.619, 1.877, 2.037, 2.201, 2.167, 2.192, 2.147, 2.082, 2.028, 2.01, 1.927, 1.879, 1.845, 1.784, 1.651, 1.58, 1.526, 1.52, 1.441, 1.332, 1.321, 0, 1, 2, 3, 4, 5, 6, 7, 8, 9, 10, 11, 12, 13, 14, 15, 16, 17, 18, 19, 20, 21, 22, 23, 24, 25, 26, 27, 28, 29, 30, 31, 32, 33, 34, 35, 36, 37, 38, 39, 40, 41, 42, 43, 44, 45, 46, 47, 48);
Print (Srxn1,0,1,2,3,4,5,6,7,8,9,10,11,12,13,14,15,16,17,18,19,20,21,22,23,24,25,26,27,28,29,30,31,32,33,34,35,36,37,38,39,40,41,42,43,44,45,46,47,48);
}
Simulation {
NRF2_spline= NDoses(49, 0, 0, 0, 0, 0.023, 0.012, 0.035, 0.043, 0.032, 0.03, 0.05, 0.069, 0.068, 0.062, 0.043, 0.048, 0.041, 0.029, 0.041, 0.057, 0.004, 0.046, 0.047, 0.008, 0.053, 0.096, 0.872, 1.273, 1.598, 1.849, 2.009, 2.13, 2.218, 2.117, 2.188, 2.124, 2.074, 1.963, 1.98, 1.901, 1.877, 1.907, 1.902, 1.79, 1.742, 1.829, 1.729, 1.748, 1.758, 0, 1, 2, 3, 4, 5, 6, 7, 8, 9, 10, 11, 12, 13, 14, 15, 16, 17, 18, 19, 20, 21, 22, 23, 24, 25, 26, 27, 28, 29, 30, 31, 32, 33, 34, 35, 36, 37, 38, 39, 40, 41, 42, 43, 44, 45, 
46, 47, 48);
Print (Srxn1,0,1,2,3,4,5,6,7,8,9,10,11,12,13,14,15,16,17,18,19,20,21,22,23,24,25,26,27,28,29,30,31,32,33,34,35,36,37,38,39,40,41,42,43,44,45,46,47,48);
}
Simulation {
NRF2_spline= NDoses(49, 0, 0, 0.03, 0.075, 0.112, 0.125, 0.108, 0.11, 0.07, 0.066, 0.08, 0.085, 0.073, 0.058, 0.053, 0.071, 0.036, 0.043, 0.029, 0.034, 0.036, 0.031, 0.016, 0, 0.026, 0.099, 0.823, 1.182, 1.621, 1.929, 2.047, 2.199, 2.195, 2.247, 2.26, 2.208, 2.08, 1.988, 2.044, 1.964, 1.857, 1.778, 1.824, 1.798, 1.782, 1.713, 1.713, 1.566, 1.488, 0, 1, 2, 3, 4, 5, 6, 7, 8, 9, 10, 11, 12, 13, 14, 15, 16, 17, 18, 19, 20, 21, 22, 23, 24, 25, 26, 27, 28, 29, 30, 31, 32, 33, 34, 35, 36, 37, 38, 39, 40, 41, 42, 43, 44, 
45, 46, 47, 48);
Print (Srxn1,0,1,2,3,4,5,6,7,8,9,10,11,12,13,14,15,16,17,18,19,20,21,22,23,24,25,26,27,28,29,30,31,32,33,34,35,36,37,38,39,40,41,42,43,44,45,46,47,48);
}
Simulation {
NRF2_spline= NDoses(49, 0, 0.013, 0.355, 0.545, 0.605, 0.571, 0.508, 0.49, 0.424, 0.41, 0.35, 0.334, 0.298, 0.287, 0.282, 0.269, 0.235, 0.2, 0.183, 0.201, 0.191, 0.168, 0.195, 0.163, 0.154, 0.176, 0.824, 1.263, 1.554, 1.773, 1.961, 2.042, 2.131, 2.169, 2.066, 2.03, 2.08, 2.007, 1.999, 1.967, 1.867, 1.861, 1.816, 1.787, 1.747, 1.689, 1.716, 1.594, 1.515, 0, 1, 2, 3, 4, 5, 6, 7, 8, 9, 10, 11, 12, 13, 14, 15, 16, 17, 18, 19, 20, 21, 22, 23, 24, 25, 26, 27, 28, 29, 30, 31, 32, 33, 34, 35, 36, 37, 38, 39, 40, 41, 42, 43, 
44, 45, 46, 47, 48);
Print (Srxn1,0,1,2,3,4,5,6,7,8,9,10,11,12,13,14,15,16,17,18,19,20,21,22,23,24,25,26,27,28,29,30,31,32,33,34,35,36,37,38,39,40,41,42,43,44,45,46,47,48);
}
Simulation {
NRF2_spline= NDoses(49, 0, 0.004, 0.463, 0.758, 0.832, 0.726, 0.733, 0.739, 0.696, 0.639, 0.582, 0.542, 0.487, 0.508, 0.522, 0.502, 0.466, 0.494, 0.502, 0.46, 0.437, 0.409, 0.377, 0.323, 0.345, 0.427, 1.012, 1.322, 1.553, 1.861, 1.91, 1.968, 2.004, 2.037, 2.005, 1.996, 1.982, 1.926, 1.91, 1.888, 1.856, 1.82, 1.745, 1.62, 1.505, 1.41, 1.421, 1.38, 1.313, 0, 1, 2, 3, 4, 5, 6, 7, 8, 9, 10, 11, 12, 13, 14, 15, 16, 17, 18, 19, 20, 21, 22, 23, 24, 25, 26, 27, 28, 29, 30, 31, 32, 33, 34, 35, 36, 37, 38, 39, 40, 41, 42, 43, 
44, 45, 46, 47, 48);
Print (Srxn1,0,1,2,3,4,5,6,7,8,9,10,11,12,13,14,15,16,17,18,19,20,21,22,23,24,25,26,27,28,29,30,31,32,33,34,35,36,37,38,39,40,41,42,43,44,45,46,47,48);
}
Simulation {
NRF2_spline= NDoses(49, 0, 0.183, 1.003, 1.283, 1.453, 1.459, 1.484, 1.487, 1.502, 1.4, 1.282, 1.249, 1.215, 1.185, 1.153, 1.143, 1.194, 1.124, 1.092, 1.084, 1.076, 1.052, 1.057, 1.045, 0.995, 0.973, 1.385, 1.632, 1.912, 2.131, 2.144, 2.315, 2.354, 2.328, 2.351, 2.294, 2.265, 2.287, 2.198, 2.138, 2.14, 2.14, 2.08, 2.027, 2.019, 1.952, 1.904, 1.776, 1.604, 0, 1, 2, 3, 4, 5, 6, 7, 8, 9, 10, 11, 12, 13, 14, 15, 16, 17, 18, 19, 20, 21, 22, 23, 24, 25, 26, 27, 28, 29, 30, 31, 32, 33, 34, 35, 36, 37, 38, 39, 40, 41, 42, 
43, 44, 45, 46, 47, 48);
Print (Srxn1,0,1,2,3,4,5,6,7,8,9,10,11,12,13,14,15,16,17,18,19,20,21,22,23,24,25,26,27,28,29,30,31,32,33,34,35,36,37,38,39,40,41,42,43,44,45,46,47,48);
}
Simulation {
NRF2_spline= NDoses(49, 0, 0.018, 0.845, 1.096, 1.244, 1.305, 1.435, 1.509, 1.603, 1.653, 1.576, 1.552, 1.558, 1.525, 1.485, 1.443, 1.442, 1.472, 1.378, 1.364, 1.372, 1.389, 1.435, 1.436, 1.469, 1.54, 1.64, 1.831, 1.976, 2.154, 2.249, 2.314, 2.352, 2.329, 2.395, 2.41, 2.362, 2.385, 2.46, 2.369, 2.469, 2.453, 2.364, 2.306, 2.256, 2.246, 2.203, 2.086, 2.08, 0, 1, 2, 3, 4, 5, 6, 7, 8, 9, 10, 11, 12, 13, 14, 15, 16, 17, 18, 19, 20, 21, 22, 23, 24, 25, 26, 27, 28, 29, 30, 31, 32, 33, 34, 35, 36, 37, 38, 39, 40, 41, 42, 
43, 44, 45, 46, 47, 48);
Print (Srxn1,0,1,2,3,4,5,6,7,8,9,10,11,12,13,14,15,16,17,18,19,20,21,22,23,24,25,26,27,28,29,30,31,32,33,34,35,36,37,38,39,40,41,42,43,44,45,46,47,48);
}
