"time" "Simulation" "dose1" "dose2" "Nrf2_observed" "Nrf2max_observed" "Nrf2min_observed" "Nrf2_SD" "Srxn1_observed" "Srxn1_SD" "medianM" "LCLM" "UCLM" "medianH" "LCLH" "UCLH" "medianL" "LCLL" "UCLL" "Chemical" "Times" "variables"
"Srxn1_1.1" 0 "Simu1" 0.35 0.35 0 0 0 0 0 0 0 0 0 0 0 0 0 0 0 "Sul" 0 "Srxn1"
"Srxn1_1.2" 1 "Simu1" 0.35 0.35 0.0245921903157594 0.0444541803865521 0 0.0226014299155638 0.0412289580456226 0.071410650078144 0.0231784 0.0211374 0.0254426075 0.0231784 0.0211374 0.0254426075 0.0231784 0.0211374 0.0254426075 "Sul" 1 "Srxn1"
"Srxn1_1.3" 2 "Simu1" 0.35 0.35 0.183622422884868 0.322058224517883 0 0.165715865414334 0.0153076467134585 0.0265136218520248 0.0518493 0.0478065975 0.056291625 0.05685955 0.0525414825 0.061808265 0.04598505 0.0419356 0.050473005 "Sul" 2 "Srxn1"
"Srxn1_1.4" 3 "Simu1" 0.35 0.35 0.215386904542838 0.402073379678231 0 0.202567363234055 0.0158711460101195 0.0274896312638711 0.139732 0.133834725 0.14620805 0.194036 0.188022875 0.2007741 0.0684322 0.0624014 0.07509911 "Sul" 3 "Srxn1"
"Srxn1_1.5" 4 "Simu1" 0.35 0.35 0.221037174383317 0.426682889019605 0 0.21375744366077 0.0874919790506658 0.116473961005034 0.260959 0.25334495 0.26948605 0.4019895 0.394341975 0.410732 0.09051015 0.0825442 0.099339105 "Sul" 4 "Srxn1"
"Srxn1_1.6" 5 "Simu1" 0.35 0.35 0.209921818299376 0.404574476260362 0 0.202718985675778 0.546495414726368 0.385399709428449 0.403994 0.3946886 0.414637025 0.658958 0.649519975 0.6697033 0.112236 0.102367 0.12318405 "Sul" 5 "Srxn1"
"Srxn1_1.7" 6 "Simu1" 0.35 0.35 0.185784709255909 0.398709335300646 0 0.200735434904875 1.12742904411563 0.604970874214477 0.555751 0.5447247 0.5683782 0.932662 0.92135495 0.945512175 0.1336195 0.121874 0.146646 "Sul" 6 "Srxn1"
"Srxn1_1.8" 7 "Simu1" 0.35 0.35 0.175374268604088 0.363060655347948 0 0.181843204589108 1.59317387508504 0.760701279522779 0.7027465 0.6900089 0.71735305 1.22629 1.21298975 1.24135 0.1546535 0.1410919 0.169711075 "Sul" 7 "Srxn1"
"Srxn1_1.9" 8 "Simu1" 0.35 0.35 0.17694217948238 0.377389571447625 0 0.18978960303387 1.90651394669063 0.827068234921817 0.850158 0.835732075 0.866743125 1.51156 1.4964295 1.52873 0.1753695 0.160017 0.192399125 "Sul" 8 "Srxn1"
"Srxn1_1.10" 9 "Simu1" 0.35 0.35 0.163579905539379 0.36788596479809 0 0.18729384792735 2.12604661589525 0.939179118640608 1.006035 0.989899875 1.0245305 1.82297 1.80595875 1.84241 0.1957615 0.1786514 0.214724025 "Sul" 9 "Srxn1"
"Srxn1_1.11" 10 "Simu1" 0.35 0.35 0.180429239810551 0.418195591114547 0 0.214912880890654 2.15175304009021 0.977521801125147 1.15607 1.13819975 1.17643025 2.13865 2.11977925 2.16026 0.215817 0.196940825 0.236679925 "Sul" 10 "Srxn1"
"Srxn1_1.12" 11 "Simu1" 0.35 0.35 0.174166025996603 0.421393316700628 0 0.219992143360791 2.22656935127424 1.058137652647 1.3247 1.30517 1.34697025 2.5094 2.48860975 2.53344025 0.235558 0.21495675 0.25827795 "Sul" 11 "Srxn1"
"Srxn1_1.13" 12 "Simu1" 0.35 0.35 0.175386561508339 0.416336517483434 0 0.215772896741136 2.17647354802296 1.05949462510961 1.49092 1.46974975 1.51508 2.891225 2.8684495 2.91745075 0.254982 0.232686925 0.279551475 "Sul" 12 "Srxn1"
"Srxn1_1.14" 13 "Simu1" 0.35 0.35 0.15563166268824 0.377986913416732 0 0.197629842329798 2.13272116152023 1.09375856068272 1.66031 1.6376095 1.6863 3.27427 3.2495995 3.30267175 0.274095 0.25016795 0.300479375 "Sul" 13 "Srxn1"
"Srxn1_1.15" 14 "Simu1" 0.35 0.35 0.14595087862172 0.359338639531411 0 0.188922905664222 2.05858383242257 1.00475307180027 1.80941 1.78538 1.83682025 3.62342 3.597179 3.65386025 0.292892 0.267336675 0.321079125 "Sul" 14 "Srxn1"
"Srxn1_1.16" 15 "Simu1" 0.35 0.35 0.136191897738998 0.313316976437166 0 0.160619195330163 2.10054156920367 1.00904619316283 1.930405 1.90598975 1.9589305 3.95566 3.92777975 3.98799025 0.3114 0.284231675 0.34136455 "Sul" 15 "Srxn1"
"Srxn1_1.17" 16 "Simu1" 0.35 0.35 0.11612613520942 0.299323933494747 0 0.160538656657884 2.1010308438063 0.990613383671585 1.98249 1.95245975 2.0155405 4.241105 4.21181875 4.27519 0.329593 0.300848925 0.3613265 "Sul" 16 "Srxn1"
"Srxn1_1.18" 17 "Simu1" 0.35 0.35 0.120813311674303 0.275203171791292 0 0.140640445445078 2.15847937522297 1.06220225721097 1.9784 1.94754925 2.01290025 4.51146 4.4808 4.5469305 0.347551 0.317201175 0.380921 "Sul" 17 "Srxn1"
"Srxn1_1.19" 18 "Simu1" 0.35 0.35 0.127048912643534 0.296903185554855 0 0.153010128909482 2.11267132824076 0.988371993104419 1.971625 1.94053925 2.00678 4.74883 4.71749925 4.78500025 0.365183 0.333291975 0.400220075 "Sul" 18 "Srxn1"
"Srxn1_1.20" 19 "Simu1" 0.35 0.35 0.120253460065096 0.276882096191176 0 0.141979888973424 2.1343627773568 0.984560394258438 1.964 1.9324395 1.9996 5.000545 4.9686295 5.03673025 0.382553 0.34916965 0.419218 "Sul" 19 "Srxn1"
"Srxn1_1.21" 20 "Simu1" 0.35 0.35 0.117633361681226 0.281645636129995 0 0.146438788406255 2.21108006452195 1.05953038844209 1.955905 1.923979 1.9919235 5.15214 5.11163975 5.192151 0.399632 0.36484765 0.43791 "Sul" 20 "Srxn1"
"Srxn1_1.22" 21 "Simu1" 0.35 0.35 0.0887496621704618 0.207260079376627 0 0.106786993735299 2.19001024123447 0.964790084425394 1.94774 1.9152395 1.98450325 5.214755 5.155685 5.27147025 0.4164175 0.38022875 0.4562913 "Sul" 21 "Srxn1"
"Srxn1_1.23" 22 "Simu1" 0.35 0.35 0.0896982093185535 0.190828923149183 0 0.0959267746624123 2.16970656781358 1.01539528323906 1.939875 1.90683 1.97757175 5.15635 5.09929975 5.21195075 0.432971 0.39534855 0.4744 "Sul" 22 "Srxn1"
"Srxn1_1.24" 23 "Simu1" 0.35 0.35 0.0894531511730564 0.214440830874747 0 0.11154929190666 2.12169568980545 1.02652548481646 1.93202 1.89847925 1.970881 5.097415 5.042696 5.151291 0.449268 0.4102393 0.4922062 "Sul" 23 "Srxn1"
"Srxn1_1.25" 24 "Simu1" 0.35 0.35 0.105679205643385 0.258024391468209 0 0.135194052856831 1.89452413902031 1.09967314295726 1.92441 1.89022975 1.96432075 5.039565 4.987148 5.09136225 0.4652775 0.42492595 0.509726 "Sul" 24 "Srxn1"
"Srxn1_1.26" 25 "Simu1" 0.35 0.35 0.206877668252051 0.436346714906084 0.017941460241085 0.212127137677312 2.16198827713154 0.783585729635329 1.91694 1.8820485 1.95768125 4.982355 4.931868 5.033312 0.48096 0.439343575 0.52692535 "Sul" 25 "Srxn1"
"Srxn1_1.27" 26 "Simu1" 0.35 0.35 0.124826598064519 0.300318639174016 0 0.156438683189424 1.79878606764131 0.654270884815999 1.9095 1.87393975 1.9513905 4.941625 4.88891975 4.99591075 0.496462 0.453576 0.543830325 "Sul" 26 "Srxn1"
"Srxn1_1.28" 27 "Simu1" 0.35 0.35 0.124720556822274 0.308389681220636 0 0.162426134243526 1.72661647093 0.620939648361702 1.902225 1.86587 1.94463075 4.885955 4.834828 4.939243 0.511701 0.467532 0.56042505 "Sul" 27 "Srxn1"
"Srxn1_1.29" 28 "Simu1" 0.35 0.35 0.118407122902687 0.283183191722911 0 0.147175879062166 1.72735021927478 0.697076650188164 1.89506 1.85787975 1.93872675 4.831255 4.7813395 4.88355125 0.526712 0.481254 0.576844 "Sul" 28 "Srxn1"
"Srxn1_1.30" 29 "Simu1" 0.35 0.35 0.119049831061038 0.310000202536146 0 0.167039807162812 1.64457856315424 0.694491869605683 1.88806 1.84989 1.93288 4.77717 4.72854 4.82891025 0.5414745 0.494800875 0.592999725 "Sul" 29 "Srxn1"
"Srxn1_1.31" 30 "Simu1" 0.35 0.35 0.113056962052873 0.290373976093512 0 0.155487225228286 1.58546257540254 0.690388305187546 1.88118 1.84203875 1.92685175 4.72396 4.6767085 4.775552 0.556002 0.50815385 0.6088954 "Sul" 30 "Srxn1"
"Srxn1_1.32" 31 "Simu1" 0.35 0.35 0.115728417118122 0.286910531745258 0 0.151280361356498 1.56915652429049 0.762938534050622 1.87448 1.83429875 1.92095075 4.671665 4.62548875 4.72299025 0.570254 0.521291725 0.62458875 "Sul" 31 "Srxn1"
"Srxn1_1.33" 32 "Simu1" 0.35 0.35 0.113252119802593 0.295226192638102 0 0.159159216906817 1.47401404866957 0.774271918340717 1.867875 1.826559 1.9152505 4.6203 4.5743195 4.67114175 0.5843725 0.53421235 0.640075 "Sul" 32 "Srxn1"
"Srxn1_1.34" 33 "Simu1" 0.35 0.35 0.106598439336577 0.278527405415514 0 0.150317787321395 1.4844808600311 0.682808944460156 1.861335 1.81883975 1.9098115 4.569765 4.5242495 4.62019025 0.5982375 0.54694265 0.655247 "Sul" 33 "Srxn1"
"Srxn1_1.35" 34 "Simu1" 0.35 0.35 0.0976707941837348 0.258958906620278 0 0.1407135431142 1.37425547346252 0.736061085758967 1.854925 1.81111975 1.90452025 4.52004 4.47479775 4.5701105 0.6119345 0.559512325 0.6700949 "Sul" 34 "Srxn1"
"Srxn1_1.36" 35 "Simu1" 0.35 0.35 0.115587651581464 0.309094706242037 0 0.168637064101776 1.30003060093825 0.644624053394264 1.848585 1.80349975 1.89921075 4.47127 4.4258975 4.520881 0.625385 0.571905925 0.68470125 "Sul" 35 "Srxn1"
"Srxn1_1.37" 36 "Simu1" 0.35 0.35 0.120655420627325 0.321588679148482 0 0.175180529973504 1.15995669250812 0.642255208017038 1.84236 1.79623 1.89379125 4.42316 4.37791875 4.4728415 0.638594 0.584019775 0.6990493 "Sul" 36 "Srxn1"
"Srxn1_1.38" 37 "Simu1" 0.35 0.35 0.112757452394328 0.294610024509872 0 0.158994868824103 1.0394543903331 0.58642942479159 1.836195 1.78890875 1.8885425 4.37572 4.33041 4.425932 0.651598 0.59592895 0.713171775 "Sul" 37 "Srxn1"
"Srxn1_1.39" 38 "Simu1" 0.35 0.35 0.10893096276791 0.297667842015518 0 0.164098367668351 0.890667529607228 0.583165885910366 1.830065 1.78165 1.88358375 4.329125 4.28330875 4.3797105 0.664321 0.607635425 0.727115325 "Sul" 38 "Srxn1"
"Srxn1_1.40" 39 "Simu1" 0.35 0.35 0.0930577486247471 0.253207446644676 0 0.139300035945126 0.804291795383381 0.533136312869293 1.82416 1.77465975 1.878881 4.28335 4.2367995 4.33432025 0.6769 0.619149 0.7409482 "Sul" 39 "Srxn1"
"Srxn1_1.41" 40 "Simu1" 0.35 0.35 0.0942153887346554 0.256617280204698 0 0.141245022890636 0.770800601334239 0.506431691808883 1.81834 1.76774975 1.8740715 4.238405 4.191119 4.2899905 0.689329 0.630478725 0.754557825 "Sul" 40 "Srxn1"
"Srxn1_1.42" 41 "Simu1" 0.35 0.35 0.0952560295756209 0.266032786781661 0 0.148225828171325 0.702704415781298 0.516123118611838 1.81255 1.76097975 1.86932125 4.193815 4.14596925 4.24601075 0.701513 0.641671875 0.76789295 "Sul" 41 "Srxn1"
"Srxn1_1.43" 42 "Simu1" 0.35 0.35 0.0974728268027615 0.279055567775305 0 0.157397143312182 0.583398883584341 0.455872362602845 1.806885 1.7542395 1.86475225 4.150235 4.101307 4.203101 0.7134845 0.652682875 0.781074 "Sul" 42 "Srxn1"
"Srxn1_1.44" 43 "Simu1" 0.35 0.35 0.100243216772677 0.270484274658113 0 0.148206643001138 0.557598894425797 0.411376641898236 1.801305 1.74764675 1.860182 4.10735 4.05732975 4.1612425 0.7252995 0.6634633 0.794096125 "Sul" 43 "Srxn1"
"Srxn1_1.45" 44 "Simu1" 0.35 0.35 0.0783270597077884 0.222805314868506 0 0.125269859017651 0.494491280771055 0.333633768425451 1.79586 1.7411795 1.85534925 4.065035 4.01383975 4.119715 0.7368625 0.674088725 0.806845175 "Sul" 44 "Srxn1"
"Srxn1_1.46" 45 "Simu1" 0.35 0.35 0.0920557410811935 0.264286059658263 0 0.149274085124996 0.435075320882013 0.312806781163848 1.790445 1.734689 1.85135025 4.023475 3.97116 4.0793315 0.748256 0.684536775 0.8193816 "Sul" 45 "Srxn1"
"Srxn1_1.47" 46 "Simu1" 0.35 0.35 0.100317130674508 0.286342975017138 0 0.161268603684658 0.427832049119316 0.297305740782725 1.785095 1.72838975 1.846782 3.98253 3.92931825 4.03930025 0.7594875 0.694818 0.8316493 "Sul" 46 "Srxn1"
"Srxn1_1.48" 47 "Simu1" 0.35 0.35 0.0921009182911033 0.261344156051314 0 0.146759650671936 0.399712793375479 0.271047258054683 1.77983 1.72212975 1.842454 3.942305 3.88807875 4.00004 0.770542 0.704997 0.843764525 "Sul" 47 "Srxn1"
"Srxn1_1.49" 48 "Simu1" 0.35 0.35 0.0887440916890616 0.266232275067185 0 0.153709275677006 0.332875539852633 0.22518919245424 1.774615 1.71613725 1.8382605 3.9026 3.847219 3.9611935 0.7814155 0.715015125 0.855637325 "Sul" 48 "Srxn1"
"Srxn1_2.1" 0 "Simu2" 0.75 0.75 0 0 0 0 0 0 0 0 0 0 0 0 0 0 0 "Sul" 0 "Srxn1"
"Srxn1_2.2" 1 "Simu2" 0.75 0.75 0.0129708077628444 0.03014313301319 0 0.0155045696122482 0 0 0.0231784 0.0211374 0.0254426075 0.0231784 0.0211374 0.0254426075 0.0231784 0.0211374 0.0254426075 "Sul" 1 "Srxn1"
"Srxn1_2.3" 2 "Simu2" 0.75 0.75 0.419415717600716 0.495868556476887 0.330934748181785 0.0831221824962899 0 0 0.04611145 0.0420851575 0.050584445 0.0533312 0.0491789875 0.057936115 0.04598505 0.0419356 0.050473005 "Sul" 2 "Srxn1"
"Srxn1_2.4" 3 "Simu2" 0.75 0.75 0.502468930656327 0.604802120140498 0.336765147385123 0.144819987600667 0.00758427588537538 0.0131363511720896 0.218209 0.212549975 0.2246564 0.252918 0.247129975 0.259426075 0.1865605 0.1808028 0.1930691 "Sul" 3 "Srxn1"
"Srxn1_2.5" 4 "Simu2" 0.75 0.75 0.492893789006907 0.57369256795579 0.33464401845669 0.137058543438299 0.23228963102924 0.244661250087848 0.4726465 0.4653198 0.481206425 0.555152 0.547638925 0.56370425 0.364144 0.3567169 0.372671075 "Sul" 4 "Srxn1"
"Srxn1_2.6" 5 "Simu2" 0.75 0.75 0.48267326198372 0.592555237113027 0.28135940782414 0.174586804824861 0.925411230369881 0.491900205647433 0.765797 0.756396975 0.776490075 0.892713 0.883162175 0.903605125 0.569766 0.56065395 0.5804191 "Sul" 5 "Srxn1"
"Srxn1_2.7" 6 "Simu2" 0.75 0.75 0.414741904741525 0.513692393632946 0.28153271868319 0.119811403534367 1.84609356550973 0.662415304139816 1.08821 1.07679925 1.1012205 1.284375 1.272539 1.29772 0.764733 0.7537878 0.7773681 "Sul" 6 "Srxn1"
"Srxn1_2.8" 7 "Simu2" 0.75 0.75 0.376261031277971 0.501580510603478 0.248838047687887 0.126384360930469 2.61225911705794 0.832399466261639 1.39088 1.377499 1.40602075 1.65503 1.64098 1.67067075 0.977166 0.964400775 0.9918341 "Sul" 7 "Srxn1"
"Srxn1_2.9" 8 "Simu2" 0.75 0.75 0.356346214672007 0.482825434886145 0.244712291371104 0.119748713600544 3.22217435048088 0.976189932000025 1.68367 1.6683495 1.70092025 2.04178 2.02568925 2.0597015 1.177705 1.16314975 1.19436125 "Sul" 8 "Srxn1"
"Srxn1_2.10" 9 "Simu2" 0.75 0.75 0.325225986310825 0.457145580363325 0.232154547214807 0.117418591402518 3.56589795558647 0.992743085570265 1.97489 1.95778975 1.99431 2.43294 2.41467975 2.45312025 1.38477 1.36848925 1.40343075 "Sul" 9 "Srxn1"
"Srxn1_2.11" 10 "Simu2" 0.75 0.75 0.308235911166929 0.462452644250677 0.199628701473392 0.137219815231478 3.88995978155943 1.13897193232877 2.25042 2.23168925 2.27186 2.81696 2.7968 2.83939075 1.58824 1.57031975 1.60883025 "Sul" 10 "Srxn1"
"Srxn1_2.12" 11 "Simu2" 0.75 0.75 0.271862103034917 0.415720450370136 0.1579107525209 0.131481106705208 4.00595153166607 1.33314429165709 2.51867 2.49826925 2.54204075 3.21729 3.1951595 3.24196175 1.768255 1.748719 1.79069 "Sul" 11 "Srxn1"
"Srxn1_2.13" 12 "Simu2" 0.75 0.75 0.254281335054064 0.390704427988519 0.156981340450595 0.121674085282475 4.02797270874308 1.20590119668828 2.75885 2.73688975 2.78401025 3.58303 3.55917975 3.60983025 1.91216 1.89113875 1.93618025 "Sul" 12 "Srxn1"
"Srxn1_2.14" 13 "Simu2" 0.75 0.75 0.259878118442614 0.393868860576069 0.187468885308994 0.116165610813119 4.04592654654147 1.27485171449328 2.98551 2.961989 3.012271 3.9306 3.90501 3.95927075 2.056845 2.034469 2.08249025 "Sul" 13 "Srxn1"
"Srxn1_2.15" 14 "Simu2" 0.75 0.75 0.237014005306824 0.339425852005298 0.160834748269525 0.0921401495203862 4.05047629571259 1.36274112077946 3.220805 3.1959295 3.2493605 4.28533 4.25825975 4.3158545 2.23322 2.20943975 2.26052025 "Sul" 14 "Srxn1"
"Srxn1_2.16" 15 "Simu2" 0.75 0.75 0.194251964895458 0.299642503329371 0.111712121328026 0.0960264172595422 4.27427321830003 1.6264159990575 3.43409 3.40790925 3.46439 4.5865 4.55797 4.61863025 2.374625 2.35012975 2.40289025 "Sul" 15 "Srxn1"
"Srxn1_2.17" 16 "Simu2" 0.75 0.75 0.208255624755567 0.317871901841746 0.15034117658261 0.0949812892689505 4.22035595914165 1.49936364565411 3.59505 3.56827 3.62565025 4.84833 4.81844975 4.88191275 2.37179 2.3467495 2.4009505 "Sul" 16 "Srxn1"
"Srxn1_2.18" 17 "Simu2" 0.75 0.75 0.20085977775331 0.321647290270089 0.138247271912846 0.104628582302836 4.38969166683416 1.57598416408937 3.76037 3.73274925 3.7912405 5.129475 5.0984585 5.164493 2.406355 2.3770795 2.43970075 "Sul" 17 "Srxn1"
"Srxn1_2.19" 18 "Simu2" 0.75 0.75 0.190615047626719 0.320155083003034 0.125710669770781 0.112185041902329 4.42267602009014 1.5423263431668 3.86081 3.8254395 3.89688075 5.413295 5.381069 5.44949025 2.39779 2.36726975 2.43298025 "Sul" 18 "Srxn1"
"Srxn1_2.20" 19 "Simu2" 0.75 0.75 0.191209229525022 0.304397144124663 0.120895460456779 0.0989790949823378 4.39404459389624 1.50244080573953 3.86602 3.8229495 3.91007275 5.68732 5.65475 5.72408075 2.38334 2.35251975 2.41906 "Sul" 19 "Srxn1"
"Srxn1_2.21" 20 "Simu2" 0.75 0.75 0.173014224638275 0.296614790482924 0.0950736771647096 0.108251249635384 4.4705737688624 1.55884425515714 3.839685 3.79490775 3.88602 5.89904 5.86555975 5.9354125 2.36844 2.337448 2.4045315 "Sul" 20 "Srxn1"
"Srxn1_2.22" 21 "Simu2" 0.75 0.75 0.158070457222602 0.296348342396664 0.070857616112307 0.121108405794097 4.6519770738629 1.74869170695662 3.80252 3.75903975 3.84854025 5.995795 5.945679 6.04412375 2.353735 2.32235925 2.3903525 "Sul" 21 "Srxn1"
"Srxn1_2.23" 22 "Simu2" 0.75 0.75 0.167133381828296 0.30629969637518 0.0809177458128114 0.121663826495496 4.59814532179502 1.86470304352522 3.76507 3.72291875 3.81044225 5.98831 5.92537 6.050354 2.339405 2.30750925 2.37662025 "Sul" 22 "Srxn1"
"Srxn1_2.24" 23 "Simu2" 0.75 0.75 0.163733049161359 0.294477738175634 0.0957890441681271 0.113257422347215 4.49666182562568 1.90397629506465 3.728235 3.68665925 3.77287175 5.941165 5.8743095 6.009342 2.3253 2.2928195 2.36333075 "Sul" 23 "Srxn1"
"Srxn1_2.25" 24 "Simu2" 0.75 0.75 0.172766771803616 0.285013600780431 0.0967802940104902 0.0992172074055705 4.46003197278405 2.12629272281032 3.691785 3.65108975 3.736521 5.873575 5.8087685 5.9406815 2.31139 2.27816 2.34994025 "Sul" 24 "Srxn1"
"Srxn1_2.26" 25 "Simu2" 0.75 0.75 0.272430646206003 0.434720759938369 0.136735676466175 0.150762242474601 4.85236887011911 1.45441333112654 3.65595 3.61590775 3.7003305 5.803935 5.74167825 5.86878025 2.29781 2.26383975 2.33725025 "Sul" 25 "Srxn1"
"Srxn1_2.27" 26 "Simu2" 0.75 0.75 0.227340306231611 0.392231643547345 0.113874442335104 0.14613048057805 4.28530653809016 1.39854808661194 3.62088 3.58098975 3.665462 5.749415 5.68549925 5.81766175 2.28442 2.249589 2.32472 "Sul" 26 "Srxn1"
"Srxn1_2.28" 27 "Simu2" 0.75 0.75 0.199601148646967 0.341800940256651 0.109281165900471 0.124639469239976 4.17194262161574 1.40665079529756 3.58613 3.54657 3.63092 5.6819 5.62030975 5.748772 2.271155 2.2355695 2.31239025 "Sul" 27 "Srxn1"
"Srxn1_2.29" 28 "Simu2" 0.75 0.75 0.193648463910286 0.319193221935961 0.0936418237889395 0.114923909179468 4.08495687824835 1.43658443001983 3.55215 3.51273975 3.59704125 5.61438 5.555389 5.67981 2.25811 2.22173975 2.3005105 "Sul" 28 "Srxn1"
"Srxn1_2.30" 29 "Simu2" 0.75 0.75 0.168522392331173 0.292425356391695 0.0884386085012889 0.108824348129405 3.94256247275364 1.37821752497868 3.51869 3.4791795 3.56375025 5.547965 5.49126975 5.6114725 2.245325 2.20766975 2.2886615 "Sul" 29 "Srxn1"
"Srxn1_2.31" 30 "Simu2" 0.75 0.75 0.178616145091422 0.270162701190254 0.102076535170541 0.0850420256519833 3.89130068258428 1.40086566680473 3.485735 3.44615975 3.5306 5.4827 5.42729925 5.5442155 2.232755 2.19408 2.2769405 "Sul" 30 "Srxn1"
"Srxn1_2.32" 31 "Simu2" 0.75 0.75 0.164911079430652 0.274389163783271 0.055397904848532 0.109495633684401 3.71185668836419 1.31007627204201 3.453385 3.4135785 3.49865225 5.41857 5.36476825 5.47890325 2.22041 2.18074975 2.26526075 "Sul" 31 "Srxn1"
"Srxn1_2.33" 32 "Simu2" 0.75 0.75 0.163893547076434 0.292275822427107 0.0758865628104977 0.113704445898079 3.56629548230734 1.32426096324394 3.421495 3.3811595 3.46725025 5.35525 5.3025095 5.41435 2.20826 2.16722975 2.25434075 "Sul" 32 "Srxn1"
"Srxn1_2.34" 33 "Simu2" 0.75 0.75 0.163336044701845 0.261511963698214 0.0698151564063039 0.0959331458078864 3.28336876561908 1.22544956907766 3.390285 3.34915 3.43646175 5.29294 5.241258 5.3505405 2.19629 2.15404925 2.24339025 "Sul" 33 "Srxn1"
"Srxn1_2.35" 34 "Simu2" 0.75 0.75 0.165467901714408 0.251044001411829 0.0750437598805953 0.088100220710168 3.0545209226765 1.18272460803524 3.359545 3.31780725 3.40581075 5.231535 5.18077875 5.28830425 2.184575 2.14122925 2.2329505 "Sul" 34 "Srxn1"
"Srxn1_2.36" 35 "Simu2" 0.75 0.75 0.156587829585977 0.262705733978746 0.0586275271764464 0.102283373406914 2.82700839422905 1.21223121886461 3.32918 3.28677925 3.376204 5.1713 5.1209095 5.22737 2.172985 2.12844 2.22223 "Sul" 35 "Srxn1"
"Srxn1_2.37" 36 "Simu2" 0.75 0.75 0.139882841985817 0.277461080895866 0.0478501975068247 0.121392299268663 2.6665991153784 1.16256048534732 3.29923 3.25605 3.3471415 5.11203 5.0622085 5.1674815 2.16155 2.115937 2.21196025 "Sul" 36 "Srxn1"
"Srxn1_2.38" 37 "Simu2" 0.75 0.75 0.136689207555256 0.247577424456855 0.0570454579586858 0.0990341866089488 2.4941832454511 1.11079102771192 3.269905 3.22577 3.31856125 5.053815 5.003878 5.108691 2.15025 2.103469 2.201811 "Sul" 37 "Srxn1"
"Srxn1_2.39" 38 "Simu2" 0.75 0.75 0.140591848880784 0.258848209869564 0.0616894347072513 0.104304580452293 2.32054744726067 1.13550256417399 3.240955 3.19600975 3.29037 4.99629 4.946399 5.051071 2.13918 2.09142825 2.19198125 "Sul" 38 "Srxn1"
"Srxn1_2.40" 39 "Simu2" 0.75 0.75 0.145778071776939 0.271851107348078 0.0629994133974191 0.11095296228052 2.04986353584671 1.01749157683694 3.21261 3.16646975 3.262772 4.939825 4.8898995 4.994531 2.12837 2.07938975 2.18233 "Sul" 39 "Srxn1"
"Srxn1_2.41" 40 "Simu2" 0.75 0.75 0.116221212348069 0.221412450935743 0.0489264937060613 0.0922765464695886 1.89869999440255 0.966162018658922 3.184595 3.13730975 3.23577025 4.884265 4.83381875 4.9389805 2.11768 2.06761975 2.17267125 "Sul" 40 "Srxn1"
"Srxn1_2.42" 41 "Simu2" 0.75 0.75 0.116595652956183 0.262572124229634 0.0384609402840304 0.126524044552657 1.74467083239803 0.881720747139578 3.15709 3.10877875 3.20901075 4.82961 4.779079 4.88435025 2.107045 2.05597 2.163051 "Sul" 41 "Srxn1"
"Srxn1_2.43" 42 "Simu2" 0.75 0.75 0.118051758088029 0.245397546279624 0.0446872812731267 0.110709706454336 1.57290678054536 0.83163014102454 3.12983 3.0804485 3.18324 4.775835 4.72473975 4.83130125 2.09672 2.04464 2.153297 "Sul" 42 "Srxn1"
"Srxn1_2.44" 43 "Simu2" 0.75 0.75 0.129610808577601 0.249741522935867 0.0617834653974075 0.104325403549908 1.40495808884334 0.747547245106968 3.10322 3.05278925 3.157721 4.722925 4.67105 4.7787565 2.0865 2.0333885 2.14438025 "Sul" 43 "Srxn1"
"Srxn1_2.45" 44 "Simu2" 0.75 0.75 0.118466852890824 0.246945201278001 0.0462140364539328 0.111553722327972 1.28565149256023 0.731693775873427 3.07695 3.02569 3.13224225 4.67076 4.61811925 4.72700075 2.076465 2.0221485 2.13530025 "Sul" 44 "Srxn1"
"Srxn1_2.46" 45 "Simu2" 0.75 0.75 0.100996867209966 0.192893542060588 0.0355820124012516 0.0819310346296754 1.14269434005085 0.662103739074176 3.05107 2.99867 3.107531 4.619475 4.56592975 4.67621025 2.06653 2.01126925 2.12654275 "Sul" 45 "Srxn1"
"Srxn1_2.47" 46 "Simu2" 0.75 0.75 0.0975956581203855 0.233253427869279 0 0.121195435802706 1.03598415275944 0.651433714488607 3.02559 2.97206975 3.0831405 4.568955 4.51460775 4.6269205 2.056805 2.00041925 2.1179005 "Sul" 46 "Srxn1"
"Srxn1_2.48" 47 "Simu2" 0.75 0.75 0.090438403681575 0.2171105669075 0.00553327784386459 0.111801616137785 0.918344356782463 0.568227535405871 3.000565 2.94592925 3.05895025 4.519435 4.463829 4.57792 2.04718 1.98977925 2.10934175 "Sul" 47 "Srxn1"
"Srxn1_2.49" 48 "Simu2" 0.75 0.75 0.0836164194187312 0.218582528713174 0.00142533659265631 0.117805832141153 0.799043287175254 0.478903850538569 2.976015 2.92015 3.0351805 4.47041 4.41407825 4.52993025 2.03765 1.9793285 2.10092075 "Sul" 48 "Srxn1"
"Srxn1_3.1" 0 "Simu3" 1.62 1.62 0 0 0 0 0 0 0 0 0 0 0 0 0 0 0 "Sul" 0 "Srxn1"
"Srxn1_3.2" 1 "Simu3" 1.62 1.62 0.0314174250743674 0.0942522752231021 0 0.0544165764717927 3.44317972215957e-06 5.96376221837127e-06 0.0231784 0.0211374 0.0254426075 0.0231784 0.0211374 0.0254426075 0.0231784 0.0211374 0.0254426075 "Sul" 1 "Srxn1"
"Srxn1_3.3" 2 "Simu3" 1.62 1.62 0.596883331718701 0.715809764743586 0.460891187633335 0.128313285007744 0 0 0.0535903 0.0494244625 0.0582105675 0.0690685 0.064301395 0.076191355 0.04598505 0.0419356 0.050473005 "Sul" 2 "Srxn1"
"Srxn1_3.4" 3 "Simu3" 1.62 1.62 0.861227832659792 1.02455908342303 0.692508553788518 0.166090823626139 0.0132099448627992 0.0228802956675517 0.2893825 0.2836639 0.295888225 0.347457 0.34108675 0.3556331 0.2331305 0.22747695 0.239591025 "Sul" 3 "Srxn1"
"Srxn1_3.5" 4 "Simu3" 1.62 1.62 0.944706418230437 1.08514283287621 0.74464039881348 0.1779107760214 0.354260987717092 0.282702552729344 0.7113595 0.7036228 0.720094 0.845781 0.83708895 0.8557346 0.5770455 0.569509975 0.58564705 "Sul" 4 "Srxn1"
"Srxn1_3.6" 5 "Simu3" 1.62 1.62 0.907225962462061 1.04826531478081 0.71094717669634 0.175312372141416 1.39821677995562 0.654544720082511 1.25638 1.24578 1.26783 1.46798 1.45602 1.48086 1.01095 1.0010995 1.0220805 "Sul" 5 "Srxn1"
"Srxn1_3.7" 6 "Simu3" 1.62 1.62 0.86861659198539 1.01130357071153 0.64912951832796 0.192915012352787 2.78016824960307 0.978454971974617 1.84582 1.83199 1.86030025 2.14553 2.13005975 2.16176025 1.47717 1.4648695 1.49087075 "Sul" 6 "Srxn1"
"Srxn1_3.8" 7 "Simu3" 1.62 1.62 0.833711764745329 0.956509803310212 0.626507591614507 0.18046789630094 4.169278230122 1.25631081021671 2.46275 2.44563 2.48039025 2.86 2.84094875 2.87961 1.94177 1.92694 1.95802025 "Sul" 7 "Srxn1"
"Srxn1_3.9" 8 "Simu3" 1.62 1.62 0.723100452958548 0.821530801349404 0.544052248858789 0.155315858067996 5.16092251728471 1.53962532148701 3.09569 3.07547975 3.11636175 3.58265 3.56026925 3.60561025 2.42146 2.40411975 2.44030125 "Sul" 8 "Srxn1"
"Srxn1_3.10" 9 "Simu3" 1.62 1.62 0.636501649356966 0.708769195425619 0.494196558566504 0.123244867540855 5.85961493154579 1.64399003518743 3.66999 3.64704 3.69335 4.231655 4.2064995 4.25746 2.85737 2.83782 2.878551 "Sul" 9 "Srxn1"
"Srxn1_3.11" 10 "Simu3" 1.62 1.62 0.586256933210357 0.671964953519537 0.443271597453613 0.12464221165333 6.41758501413753 1.79939118268886 4.1924 4.16726 4.2180405 4.80827 4.78084975 4.83644075 3.267065 3.24545975 3.290391 "Sul" 10 "Srxn1"
"Srxn1_3.12" 11 "Simu3" 1.62 1.62 0.542304985884956 0.631552305433778 0.431625981940694 0.101671635810508 6.73307475740956 1.94577057188783 4.68455 4.65758975 4.7124005 5.36948 5.33997 5.4 3.6428 3.619409 3.66805075 "Sul" 11 "Srxn1"
"Srxn1_3.13" 12 "Simu3" 1.62 1.62 0.510684371564539 0.607448751334143 0.368431220412623 0.125834280954592 6.95530232612329 2.02532384368458 5.14669 5.11802 5.17640025 5.90636 5.875009 5.93871075 4.01701 3.99199 4.0441005 "Sul" 12 "Srxn1"
"Srxn1_3.14" 13 "Simu3" 1.62 1.62 0.483511994262953 0.553595421814022 0.360427466623435 0.106935972366962 7.1679440971253 2.06813840035469 5.58674 5.556558 5.6183305 6.428565 6.3952495 6.46269025 4.33517 4.3087095 4.36370025 "Sul" 13 "Srxn1"
"Srxn1_3.15" 14 "Simu3" 1.62 1.62 0.456603372513468 0.542556751696031 0.330250183247829 0.111770426511776 7.24484117471572 2.08049027544109 6.005565 5.9740495 6.038721 6.904245 6.8693395 6.93995025 4.64925 4.6215395 4.67963075 "Sul" 14 "Srxn1"
"Srxn1_3.16" 15 "Simu3" 1.62 1.62 0.431112981213301 0.533477808223136 0.325118606355948 0.10422700928198 7.60808990785975 2.31558152066187 6.40048 6.36741975 6.435184 7.373155 7.33674975 7.41056025 4.935385 4.90634975 4.967461 "Sul" 15 "Srxn1"
"Srxn1_3.17" 16 "Simu3" 1.62 1.62 0.419584644201412 0.490310730722117 0.349622453833177 0.0703472491750284 7.80872497838248 2.50887184935128 6.770345 6.73585925 6.80645 7.83425 7.79630925 7.87313025 5.21779 5.18738875 5.2512505 "Sul" 16 "Srxn1"
"Srxn1_3.18" 17 "Simu3" 1.62 1.62 0.374628360253906 0.465830429344639 0.253722349681537 0.109129292443645 8.01053999444752 2.60742800581238 7.12956 7.0937695 7.16695075 8.25075 8.21145 8.29114025 5.52736 5.49576625 5.56225175 "Sul" 17 "Srxn1"
"Srxn1_3.19" 18 "Simu3" 1.62 1.62 0.354628162632144 0.420275290930678 0.257005477576027 0.0862037421501158 8.35062263647097 2.80470250350928 7.439895 7.40280925 7.4785005 8.641505 8.60098975 8.6829705 5.718375 5.68727925 5.7528905 "Sul" 18 "Srxn1"
"Srxn1_3.20" 19 "Simu3" 1.62 1.62 0.335189010971651 0.389597049319922 0.232557054908829 0.0889356488758236 8.55654844906846 3.04575927978127 7.724875 7.68708975 7.76401375 8.980745 8.9389495 9.0231915 5.87679 5.84441975 5.91127 "Sul" 19 "Srxn1"
"Srxn1_3.21" 20 "Simu3" 1.62 1.62 0.289724204927304 0.383128076676658 0.121969811469685 0.145591586055642 8.79738626453334 3.06768644167467 7.965645 7.93003 8.00304025 9.279935 9.23802925 9.32270075 5.88315 5.842109 5.92479125 "Sul" 20 "Srxn1"
"Srxn1_3.22" 21 "Simu3" 1.62 1.62 0.271153883881587 0.363799833660548 0.11735657492152 0.134120045078095 8.99994918835251 3.18898553947418 8.00671 7.96729925 8.04707125 9.54402 9.50519975 9.58377025 5.812495 5.77315 5.85262 "Sul" 21 "Srxn1"
"Srxn1_3.23" 22 "Simu3" 1.62 1.62 0.241144981161962 0.302233333616288 0.121272441632629 0.103819056990672 9.23279099176274 3.48568086012933 7.9307 7.88912925 7.9744705 9.671505 9.62693 9.71449 5.74294 5.7053585 5.7821205 "Sul" 22 "Srxn1"
"Srxn1_3.24" 23 "Simu3" 1.62 1.62 0.245661333939074 0.317255304549157 0.13598599808691 0.0964483444666193 9.00629920685661 3.39467159355668 7.82937 7.7902695 7.8713225 9.562575 9.51745975 9.607191 5.67439 5.638598 5.71314125 "Sul" 23 "Srxn1"
"Srxn1_3.25" 24 "Simu3" 1.62 1.62 0.241344417165944 0.339583372352467 0.131304821521813 0.104639524179139 9.03406635737981 3.47064757248349 7.72843 7.69109 7.7690215 9.44235 9.399239 9.48634075 5.60685 5.5721 5.64550075 "Sul" 24 "Srxn1"
"Srxn1_3.26" 25 "Simu3" 1.62 1.62 0.326700601507067 0.399567734411529 0.253347745812818 0.0731112044178129 9.90698474390751 2.95889916917377 7.628375 7.5926165 7.66756 9.31946 9.2784095 9.36206175 5.54049 5.5063095 5.57861025 "Sul" 25 "Srxn1"
"Srxn1_3.27" 26 "Simu3" 1.62 1.62 0.263110470868251 0.392512255218876 0.197961444629218 0.11206612855356 9.33838989534917 2.79808649105828 7.530595 7.4954995 7.56887 9.20017 9.16038 9.2421305 5.47519 5.44115 5.51338 "Sul" 26 "Srxn1"
"Srxn1_3.28" 27 "Simu3" 1.62 1.62 0.240309615353072 0.376716268509161 0.162847442521579 0.118493913357941 9.22836039455748 2.93724385158422 7.43354 7.3992695 7.47161 9.07778 9.0391685 9.11875075 5.41125 5.3772095 5.448812 "Sul" 27 "Srxn1"
"Srxn1_3.29" 28 "Simu3" 1.62 1.62 0.253811081058568 0.366254648050666 0.126083257690129 0.120812998293485 8.81182495313509 2.70723106065222 7.338185 7.3042495 7.3760205 8.9563 8.91926725 8.99579075 5.348155 5.31382 5.38621025 "Sul" 28 "Srxn1"
"Srxn1_3.30" 29 "Simu3" 1.62 1.62 0.240824543765345 0.336083345539895 0.142941431705065 0.0965976965217187 8.6369023123845 3.02655537750412 7.244445 7.2099085 7.28199 8.836595 8.80042825 8.87556175 5.28618 5.2511495 5.3245205 "Sul" 29 "Srxn1"
"Srxn1_3.31" 30 "Simu3" 1.62 1.62 0.248975163923161 0.331825064797897 0.176707426054527 0.0780983808586672 8.45608151643387 3.11929251382527 7.15229 7.11641975 7.1901 8.71896 8.6821 8.7576405 5.22524 5.189119 5.2638605 "Sul" 30 "Srxn1"
"Srxn1_3.32" 31 "Simu3" 1.62 1.62 0.229913644141064 0.329615029816604 0.116915063172507 0.106971634112018 8.15251441699411 3.17097415653999 7.061515 7.0241495 7.10027 8.60319 8.56523875 8.64182025 5.1652 5.12805975 5.204271 "Sul" 31 "Srxn1"
"Srxn1_3.33" 32 "Simu3" 1.62 1.62 0.230430652540925 0.321915930487777 0.139357612773236 0.0912798570163656 8.08786755861006 3.27647876938795 6.972105 6.9331795 7.01196075 8.48918 8.44999 8.5289115 5.10598 5.067429 5.14645 "Sul" 32 "Srxn1"
"Srxn1_3.34" 33 "Simu3" 1.62 1.62 0.213826866427349 0.299397240041849 0.137068124392708 0.0815225066173903 7.82649789208346 3.23753381719955 6.884125 6.84360975 6.924992 8.376965 8.33620975 8.418001 5.047765 5.00778975 5.089121 "Sul" 33 "Srxn1"
"Srxn1_3.35" 34 "Simu3" 1.62 1.62 0.192911450571987 0.267208364299812 0.130003607759644 0.0693077882099128 7.34327242752959 3.01654230676169 6.79762 6.75550975 6.84029 8.266635 8.2240955 8.30932 4.99042 4.94939975 5.03298025 "Sul" 34 "Srxn1"
"Srxn1_3.36" 35 "Simu3" 1.62 1.62 0.162765768311065 0.264206180925467 0.111719583269577 0.0878505790855721 7.05742422394828 2.99912116157065 6.71226 6.6683995 6.75702125 8.15809 8.1132285 8.202791 4.93413 4.8914495 4.97796325 "Sul" 35 "Srxn1"
"Srxn1_3.37" 36 "Simu3" 1.62 1.62 0.169448861710513 0.286832271636797 0.103505679819629 0.1019153207917 6.76201761436429 2.88326873260704 6.628465 6.58254 6.67496025 8.0512 8.00421875 8.09801025 4.87856 4.8345595 4.92402325 "Sul" 36 "Srxn1"
"Srxn1_3.38" 37 "Simu3" 1.62 1.62 0.167133448553197 0.263220699916041 0.108573305111008 0.083875902687615 6.39370090490462 2.72252408983036 6.54588 6.4981495 6.5943205 7.9459 7.8966995 7.99522 4.823965 4.77850975 4.8711205 "Sul" 37 "Srxn1"
"Srxn1_3.39" 38 "Simu3" 1.62 1.62 0.162457254170402 0.279359947052885 0.0854798700153159 0.10292178474821 6.05606996604084 2.61461296576585 6.464635 6.41489925 6.51502125 7.8423 7.7907395 7.893802 4.770235 4.7230185 4.81889075 "Sul" 38 "Srxn1"
"Srxn1_3.40" 39 "Simu3" 1.62 1.62 0.132556515160182 0.247628683503661 0.0232597029434893 0.112295930082955 5.70876024364164 2.51830830375373 6.38472 6.3331 6.437391 7.740355 7.68695975 7.79431075 4.717295 4.6686895 4.76752025 "Sul" 39 "Srxn1"
"Srxn1_3.41" 40 "Simu3" 1.62 1.62 0.136049409538848 0.241532378230328 0.0357376899868083 0.102994756131361 5.42695867282549 2.52043047774286 6.306065 6.25290775 6.36084175 7.640095 7.58434 7.69672 4.66528 4.61529925 4.7168 "Sul" 40 "Srxn1"
"Srxn1_3.42" 41 "Simu3" 1.62 1.62 0.128394362615672 0.222728719904581 0.0652623410462154 0.0832412423829299 5.16452186569324 2.5229447845817 6.228545 6.17358825 6.28562075 7.54133 7.48326925 7.60092 4.61404 4.56264975 4.66716 "Sul" 41 "Srxn1"
"Srxn1_3.43" 42 "Simu3" 1.62 1.62 0.118418588766709 0.199131854790183 0.0456069606365734 0.0770668553417573 4.69444868790431 2.18988950983799 6.15223 6.09556925 6.2118005 7.444205 7.38426725 7.50629075 4.563545 4.51075875 4.61827075 "Sul" 42 "Srxn1"
"Srxn1_3.44" 43 "Simu3" 1.62 1.62 0.12948300007705 0.195175871464548 0.0659590240419989 0.0646357215070966 4.36805259152946 2.10991781939276 6.07733 6.01861925 6.139152 7.348655 7.28644925 7.41320025 4.5139 4.4597775 4.57041175 "Sul" 43 "Srxn1"
"Srxn1_3.45" 44 "Simu3" 1.62 1.62 0.114146476844225 0.170240396542076 0.0401345026879527 0.0668780861760883 4.06488581173227 2.06369768116787 6.003605 5.94297975 6.06741 7.254585 7.18995875 7.32163075 4.465 4.40938 4.52311075 "Sul" 44 "Srxn1"
"Srxn1_3.46" 45 "Simu3" 1.62 1.62 0.121217319948447 0.20088110953773 0.0398381870257687 0.0805351632820222 3.74375334804778 1.89253081865596 5.93098 5.868802 5.99709 7.16202 7.09529925 7.23164025 4.41689 4.36005875 4.47685025 "Sul" 45 "Srxn1"
"Srxn1_3.47" 46 "Simu3" 1.62 1.62 0.118470737268627 0.200548387213962 0.0363928271159228 0.0820777800493291 3.52455193768155 1.84534856551784 5.85949 5.79525675 5.92806125 7.07085 7.00206725 7.14307125 4.369655 4.31148875 4.43087125 "Sul" 46 "Srxn1"
"Srxn1_3.48" 47 "Simu3" 1.62 1.62 0.136408952614725 0.191201618160333 0.0929327621252551 0.0501022851014089 3.21253610462656 1.6995883072589 5.78921 5.72311825 5.859752 6.98118 6.91001975 7.0558805 4.323105 4.263569 4.3861705 "Sul" 47 "Srxn1"
"Srxn1_3.49" 48 "Simu3" 1.62 1.62 0.126561153800211 0.206168019894689 0.0492630355217785 0.0784779667653562 3.00802644781614 1.66709973437981 5.72008 5.65209775 5.79289075 6.89295 6.81994975 6.97012 4.277345 4.21630725 4.3418315 "Sul" 48 "Srxn1"
"Srxn1_4.1" 0 "Simu4" 3.5 3.5 0 0 0 0 0 0 0 0 0 0 0 0 0 0 0 "Sul" 0 "Srxn1"
"Srxn1_4.2" 1 "Simu4" 3.5 3.5 0.122090408954116 0.237990610709792 0 0.119116001004796 0 0 0.0231784 0.0211374 0.0254426075 0.0231784 0.0211374 0.0254426075 0.0231784 0.0211374 0.0254426075 "Sul" 1 "Srxn1"
"Srxn1_4.3" 2 "Simu4" 3.5 3.5 0.879048109289714 1.19158550006136 0.506220914779596 0.346637128732235 0 0 0.07587445 0.070861995 0.0846740175 0.1039985 0.09798796 0.120105475 0.04598505 0.0419356 0.050473005 "Sul" 2 "Srxn1"
"Srxn1_4.4" 3 "Simu4" 3.5 3.5 1.2252824298755 1.48999872223596 0.808689598805823 0.365164884230403 0.0267354897657093 0.0434331367735153 0.41275 0.4061159 0.42218115 0.5531195 0.54534695 0.56933205 0.249262 0.2436379 0.255707225 "Sul" 3 "Srxn1"
"Srxn1_4.5" 4 "Simu4" 3.5 3.5 1.41428866799431 1.75360935898503 0.93460479580268 0.427163300865147 0.447237045590144 0.311344079710307 1.00426 0.994837625 1.0154705 1.26747 1.2561 1.2845905 0.647438 0.639819975 0.65607505 "Sul" 4 "Srxn1"
"Srxn1_4.6" 5 "Simu4" 3.5 3.5 1.52857869493305 1.84177307796342 0.994388583675475 0.464913383557532 1.89640553296878 0.679570452464275 1.81039 1.79682975 1.82501 2.26237 2.24585975 2.28251025 1.18775 1.17748 1.19920025 "Sul" 5 "Srxn1"
"Srxn1_4.7" 6 "Simu4" 3.5 3.5 1.53538884309816 1.89039991868322 0.9607120581965 0.502264519323501 3.76161971171517 0.900684137430128 2.79488 2.77638925 2.8142205 3.44314 3.42045975 3.46795175 1.83471 1.82106 1.84919025 "Sul" 6 "Srxn1"
"Srxn1_4.8" 7 "Simu4" 3.5 3.5 1.51858392650905 1.82654263428403 1.01206213873399 0.44205779255907 5.7315131130131 1.14669052881276 3.87652 3.85267975 3.900931 4.77061 4.741569 4.8014 2.51812 2.50081 2.53603 "Sul" 7 "Srxn1"
"Srxn1_4.9" 8 "Simu4" 3.5 3.5 1.44240069423873 1.74670691883831 0.919370895802789 0.454973872949724 7.28812708381336 1.38626182279394 5.022375 4.99325975 5.05192025 6.14341 6.10810925 6.1800705 3.28923 3.26823975 3.31067025 "Sul" 8 "Srxn1"
"Srxn1_4.10" 9 "Simu4" 3.5 3.5 1.31529595850633 1.59785421823588 0.814909811502669 0.434554055745002 8.73369754926184 1.64365446588666 6.16583 6.131799 6.20035125 7.52374 7.48259 7.56645075 4.02387 3.99956925 4.04850025 "Sul" 9 "Srxn1"
"Srxn1_4.11" 10 "Simu4" 3.5 3.5 1.1858899945058 1.41699333566961 0.752899260188039 0.375265405957306 9.79283927662421 1.77459022486965 7.244845 7.20637975 7.28368025 8.83042 8.78399875 8.87794025 4.69701 4.67003 4.7246705 "Sul" 10 "Srxn1"
"Srxn1_4.12" 11 "Simu4" 3.5 3.5 1.08926788347956 1.30881134338324 0.682024411707369 0.353042398688167 10.6000132052667 2.03333850810307 8.239485 8.1977695 8.28221 10.0122 9.962019 10.0642 5.33442 5.30506975 5.3647005 "Sul" 11 "Srxn1"
"Srxn1_4.13" 12 "Simu4" 3.5 3.5 1.0148334818236 1.21157155006154 0.633409988057583 0.330377401991389 10.9687823824002 2.00766668155663 9.165995 9.121068 9.21147025 11.1202 11.0668 11.1753 5.91946 5.88805 5.95203025 "Sul" 12 "Srxn1"
"Srxn1_4.14" 13 "Simu4" 3.5 3.5 0.96184553106747 1.17223232749141 0.5929291099742 0.320541394955155 11.4384168925443 2.34313805351538 10.0366 9.989238 10.0846 12.1533 12.0969925 12.2115 6.46683 6.43363975 6.50169025 "Sul" 13 "Srxn1"
"Srxn1_4.15" 14 "Simu4" 3.5 3.5 0.896878651730253 1.07246094246681 0.568555856821214 0.284565159578649 11.8708853022237 2.21121636173464 10.8654 10.816 10.9158 13.16 13.1007 13.2204025 6.98118 6.94619 7.01775 "Sul" 14 "Srxn1"
"Srxn1_4.16" 15 "Simu4" 3.5 3.5 0.831147962293534 1.0116204982597 0.502260301494343 0.285275725345871 12.2117434212556 2.07351465171761 11.6349 11.5834975 11.6876025 14.0731 14.0116975 14.1355025 7.47544 7.43902925 7.513602 "Sul" 15 "Srxn1"
"Srxn1_4.17" 16 "Simu4" 3.5 3.5 0.77856664060959 0.936539798422012 0.522032244594892 0.224142513374661 12.6095110325578 2.23463666761031 12.3398 12.2868 12.3938 14.9288 14.864995 14.9929025 7.90246 7.86459925 7.94239075 "Sul" 16 "Srxn1"
"Srxn1_4.18" 17 "Simu4" 3.5 3.5 0.754106212760093 0.911423534982035 0.478638887358357 0.239364168670306 13.4090099335154 2.80215693521665 12.9916 12.9366 13.0474 15.7074 15.6414 15.7729 8.351955 8.31244975 8.3928905 "Sul" 17 "Srxn1"
"Srxn1_4.19" 18 "Simu4" 3.5 3.5 0.733675268309901 0.876491842404898 0.51061225424769 0.19569513689175 13.8880569486032 2.93261405508208 13.6169 13.56 13.6740025 16.4585 16.3903 16.5254025 8.755045 8.714198 8.79754 "Sul" 18 "Srxn1"
"Srxn1_4.20" 19 "Simu4" 3.5 3.5 0.664361777843932 0.791328961778425 0.439954742318183 0.194902165287916 14.4533557954753 3.34972752225678 14.2193 14.1604975 14.2778 17.1701 17.0996975 17.2387025 9.1922 9.1497385 9.23603025 "Sul" 19 "Srxn1"
"Srxn1_4.21" 20 "Simu4" 3.5 3.5 0.626135016293079 0.743918692858818 0.445731202977926 0.158650262922106 15.1128442473392 3.81947443645041 14.7429 14.6822975 14.8028025 17.786 17.7138 17.8567 9.547345 9.5038295 9.5917705 "Sul" 20 "Srxn1"
"Srxn1_4.22" 21 "Simu4" 3.5 3.5 0.576179150667087 0.691410354732917 0.383271452092671 0.168114913613993 15.4556601053966 3.72647552180157 15.221 15.1588 15.2824025 18.3471 18.272395 18.4192 9.90067 9.85728975 9.945271 "Sul" 21 "Srxn1"
"Srxn1_4.23" 22 "Simu4" 3.5 3.5 0.579005984539802 0.657498603076003 0.430782225962972 0.1284402695082 15.8054740235298 4.22249034695805 15.637 15.5737975 15.6991025 18.8449 18.7681 18.9191 10.0792 10.0392 10.1201025 "Sul" 22 "Srxn1"
"Srxn1_4.24" 23 "Simu4" 3.5 3.5 0.533171648718136 0.701951719740288 0.313637251150584 0.199070421902235 15.7116076311703 3.92516203018443 16.0405 15.9786 16.1005 19.2957 19.2181 19.3711025 10.2693 10.2071975 10.3251025 "Sul" 23 "Srxn1"
"Srxn1_4.25" 24 "Simu4" 3.5 3.5 0.474848514711352 0.642547390957847 0.257582158019612 0.197211203994765 15.6959283605103 4.00852799812961 16.28295 16.2334 16.3318025 19.7861 19.7083 19.8600025 10.1369 10.0779 10.1905025 "Sul" 24 "Srxn1"
"Srxn1_4.26" 25 "Simu4" 3.5 3.5 0.613869275934165 0.650751851998635 0.591536721485419 0.0321774030522638 16.8426785439487 2.80008854895596 16.176 16.1234975 16.2291025 20.1097 20.0485975 20.168 9.998375 9.944249 10.0490025 "Sul" 25 "Srxn1"
"Srxn1_4.27" 26 "Simu4" 3.5 3.5 0.603289786165271 0.648635302035685 0.54003647897595 0.0564707254684323 16.3663271262775 2.74540055620004 16.2685 16.1756 16.3614 20.2594 20.1934 20.3208025 10.1217 10.022495 10.2177 "Sul" 26 "Srxn1"
"Srxn1_4.28" 27 "Simu4" 3.5 3.5 0.544599729577498 0.644607483097776 0.467891807834977 0.0906326050135969 16.0703557281309 2.50661410412143 16.1369 16.0241 16.256 20.15805 20.0618 20.2513 10.01905 9.91400875 10.1233 "Sul" 27 "Srxn1"
"Srxn1_4.29" 28 "Simu4" 3.5 3.5 0.562986367253302 0.634282418889486 0.472759767398181 0.0824085309788829 16.3532664510105 3.00376878881292 15.9119 15.8034975 16.0277025 19.9151 19.8129 20.018505 9.8841 9.78397825 9.98500025 "Sul" 28 "Srxn1"
"Srxn1_4.30" 29 "Simu4" 3.5 3.5 0.558006949147127 0.64237714333622 0.458233677536995 0.0930330322770708 16.4204079481575 3.25105987805237 15.68445 15.5812975 15.7946 19.6319 19.5340975 19.7318025 9.75027 9.6541165 9.84716025 "Sul" 29 "Srxn1"
"Srxn1_4.31" 30 "Simu4" 3.5 3.5 0.530881065729328 0.607517174464937 0.435002018909118 0.0878526477899669 16.3483718125926 3.29647678480387 15.458 15.361695 15.5631 19.3451 19.2533 19.4395 9.61793 9.5259465 9.71021125 "Sul" 30 "Srxn1"
"Srxn1_4.32" 31 "Simu4" 3.5 3.5 0.512011084470275 0.564836357259318 0.421166104690624 0.0790215727382523 16.4986116563898 3.41849784474503 15.2346 15.143695 15.3335 19.0601 18.9749 19.1472025 9.48771 9.3995245 9.57593525 "Sul" 31 "Srxn1"
"Srxn1_4.33" 32 "Simu4" 3.5 3.5 0.473708866104292 0.549989710934757 0.404351821174622 0.0730654021219759 16.4011421231824 3.36303152027055 15.0153 14.929 15.1079025 18.7794 18.6997 18.8606025 9.35952 9.275395 9.4434505 "Sul" 32 "Srxn1"
"Srxn1_4.34" 33 "Simu4" 3.5 3.5 0.479585492564737 0.506662957939338 0.430709951643089 0.0424096906912276 15.7788275864413 3.33739470061988 14.7991 14.7172975 14.8865 18.5031 18.4266 18.5813025 9.233285 9.1528485 9.314973 "Sul" 33 "Srxn1"
"Srxn1_4.35" 34 "Simu4" 3.5 3.5 0.447390557884721 0.494319373474658 0.416657241883138 0.0412864666206963 15.6151234372431 3.40835024424415 14.5864 14.5074 14.6699025 18.2313 18.1566 18.3054 9.109225 9.03293925 9.18714025 "Sul" 34 "Srxn1"
"Srxn1_4.36" 35 "Simu4" 3.5 3.5 0.429716355177138 0.473161293512642 0.394373078603144 0.0400140399688627 14.9599160858547 3.30998899850267 14.3771 14.3009 14.4565075 17.9638 17.8899975 18.0370025 8.987145 8.91392 9.0623735 "Sul" 35 "Srxn1"
"Srxn1_4.37" 36 "Simu4" 3.5 3.5 0.397632828248226 0.459739969264617 0.322744686369789 0.0693861828546231 14.255376726972 3.19942600612816 14.1713 14.0966 14.2482 17.7007 17.6260975 17.7727025 8.86699 8.79663675 8.9399705 "Sul" 36 "Srxn1"
"Srxn1_4.38" 37 "Simu4" 3.5 3.5 0.363026798126919 0.411516917533912 0.316169169287134 0.0476948324561662 13.7223185983568 3.24186314357558 13.9686 13.8942 14.043505 17.4417 17.3647 17.5137 8.748875 8.680629 8.81914125 "Sul" 37 "Srxn1"
"Srxn1_4.39" 38 "Simu4" 3.5 3.5 0.335353611569232 0.401064055016888 0.246620406255531 0.0797542841083521 13.0657682356402 2.61493255972256 13.7691 13.6938 13.842705 17.187 17.1078975 17.2606025 8.632545 8.56526875 8.70091275 "Sul" 38 "Srxn1"
"Srxn1_4.40" 39 "Simu4" 3.5 3.5 0.307498077164464 0.346257131296993 0.233561838211085 0.0640557024773745 12.4173970374472 2.5658388023526 13.57275 13.4966 13.6462025 16.9362 16.8546975 17.0126025 8.518205 8.451969 8.585671 "Sul" 39 "Srxn1"
"Srxn1_4.41" 40 "Simu4" 3.5 3.5 0.287383199587117 0.343791859315726 0.185602849432238 0.088316948719272 12.0016551934226 2.56433079352836 13.3798 13.3026 13.4529025 16.689 16.6042 16.7696 8.40525 8.339899 8.47191225 "Sul" 40 "Srxn1"
"Srxn1_4.42" 41 "Simu4" 3.5 3.5 0.28265512194292 0.333271338380517 0.200441869782325 0.0718310269443492 11.5309845410985 2.40880322654443 13.1898 13.1109975 13.2639025 16.4464 16.3573975 16.5301 8.294455 8.229957 8.3602905 "Sul" 41 "Srxn1"
"Srxn1_4.43" 42 "Simu4" 3.5 3.5 0.274350045931409 0.312303770188756 0.207988082507657 0.0576689839818332 11.0831768274683 2.34151357281619 13.0025 12.9218 13.078 16.2072 16.1147975 16.2960025 8.18536 8.12070775 8.25104075 "Sul" 42 "Srxn1"
"Srxn1_4.44" 43 "Simu4" 3.5 3.5 0.25777618103211 0.287215345020878 0.202850188706309 0.0476083366019701 10.6496702395499 2.30500914073582 12.8182 12.7355 12.8964 15.9715 15.876095 16.0649025 8.077965 8.01354925 8.14279225 "Sul" 43 "Srxn1"
"Srxn1_4.45" 44 "Simu4" 3.5 3.5 0.263049197765684 0.297352433227323 0.202220743899193 0.0528223436357645 10.1290229023161 2.15050200140566 12.6374 12.552095 12.7173025 15.7397 15.6411 15.8383025 7.97229 7.907139 8.03756 "Sul" 44 "Srxn1"
"Srxn1_4.46" 45 "Simu4" 3.5 3.5 0.261427611221021 0.30764277171685 0.213273872073344 0.0472143078989155 9.77006434790318 1.98753601765337 12.4591 12.3705975 12.5411 15.51155 15.410195 15.6160125 7.868305 7.80252875 7.9336105 "Sul" 45 "Srxn1"
"Srxn1_4.47" 46 "Simu4" 3.5 3.5 0.251977418133087 0.299949364658188 0.178816024591353 0.0643754821317067 9.41589454096381 2.04508714152094 12.2834 12.1927 12.3679 15.287 15.1816 15.397405 7.7661 7.69899575 7.83189175 "Sul" 46 "Srxn1"
"Srxn1_4.48" 47 "Simu4" 3.5 3.5 0.266340359910318 0.29123735407664 0.21801875371933 0.041854213598519 8.74858467642157 1.88562311682801 12.1105 12.018095 12.1985025 15.0663 14.9566975 15.1811 7.665455 7.5969595 7.73170025 "Sul" 47 "Srxn1"
"Srxn1_4.49" 48 "Simu4" 3.5 3.5 0.238307160494677 0.27249839917363 0.186130368431604 0.0459071811535372 8.38930782404648 1.78513108585884 11.94035 11.846 12.0314 14.849 14.7353975 14.9696 7.56649 7.49738875 7.633741 "Sul" 48 "Srxn1"
"Srxn1_5.1" 0 "Simu5" 7.54 7.54 0 0 0 0 0 0 0 0 0 0 0 0 0 0 0 "Sul" 0 "Srxn1"
"Srxn1_5.2" 1 "Simu5" 7.54 7.54 0.184605278450885 0.311740062889927 0 0.163623378415579 0 0 0.0231784 0.0211374 0.0254426075 0.0231784 0.0211374 0.0254426075 0.0231784 0.0211374 0.0254426075 "Sul" 1 "Srxn1"
"Srxn1_5.3" 2 "Simu5" 7.54 7.54 1.08334956327997 1.43613840388153 0.67930346202188 0.381012155163627 0 0 0.091176 0.085616555 0.1038182 0.1219055 0.115243925 0.143013525 0.04598505 0.0419356 0.050473005 "Sul" 2 "Srxn1"
"Srxn1_5.4" 3 "Simu5" 7.54 7.54 1.45392094702974 1.86613731306882 0.980472333822133 0.445996249912473 0.0627606272372983 0.0700106520109374 0.5012115 0.493974825 0.5142131 0.658568 0.6499819 0.679667725 0.3113015 0.30578495 0.31774905 "Sul" 3 "Srxn1"
"Srxn1_5.5" 4 "Simu5" 7.54 7.54 1.86660503115421 2.33275482056467 1.32758289390169 0.506532757921788 0.653778619751089 0.484649079943421 1.19935 1.18866 1.21355075 1.548655 1.5354395 1.570341 0.7889495 0.781040925 0.797816025 "Sul" 4 "Srxn1"
"Srxn1_5.6" 5 "Simu5" 7.54 7.54 2.03049847834668 2.45553256317439 1.54900784204187 0.455891735129751 2.22678983711502 1.00931667022581 2.25942 2.24332 2.27759 2.86786 2.84746925 2.89342075 1.5497 1.53803975 1.5619805 "Sul" 5 "Srxn1"
"Srxn1_5.7" 6 "Simu5" 7.54 7.54 2.09888300026272 2.50027730148592 1.6416524806203 0.432027091994412 4.93817335924659 1.28045949679059 3.562385 3.53952975 3.5868205 4.4385 4.4098195 4.47012025 2.55129 2.53433 2.568452 "Sul" 6 "Srxn1"
"Srxn1_5.8" 7 "Simu5" 7.54 7.54 2.09699224158516 2.46071066752118 1.65487889849106 0.408595805499419 7.50972107919616 1.45634065690804 5.038735 5.0087995 5.07012 6.19044 6.15335875 6.23038075 3.71401 3.69128925 3.7368405 "Sul" 7 "Srxn1"
"Srxn1_5.9" 8 "Simu5" 7.54 7.54 2.07703227850166 2.44914385643912 1.65062768731407 0.402017184401822 9.64963891653166 1.72663490292447 6.61867 6.58119975 6.65729075 8.037325 7.9916 8.085183 4.968895 4.94040975 4.99750075 "Sul" 8 "Srxn1"
"Srxn1_5.10" 9 "Simu5" 7.54 7.54 1.95925341489381 2.35078118044598 1.55397191350165 0.398582646272084 11.6570233609286 2.17651763525914 8.26747 8.22277975 8.31319075 9.97473 9.920617 10.0304 6.2879 6.25349875 6.32227025 "Sul" 9 "Srxn1"
"Srxn1_5.11" 10 "Simu5" 7.54 7.54 1.88053061101461 2.26249202804508 1.43612021501173 0.416710330535528 13.2279811618213 2.51405565055649 9.88042 9.829389 9.932311 11.9064 11.845 11.9699 7.57563 7.53590925 7.615151 "Sul" 10 "Srxn1"
"Srxn1_5.12" 11 "Simu5" 7.54 7.54 1.69886750487442 2.02859942078091 1.32737047417249 0.352475179978387 15.0365231699186 3.37171813201103 11.4728 11.4160975 11.5303 13.8174 13.7493975 13.8874025 8.795055 8.75064975 8.8390135 "Sul" 11 "Srxn1"
"Srxn1_5.13" 12 "Simu5" 7.54 7.54 1.62719076237207 1.89962223628788 1.23562847593148 0.347657937228062 15.9200350368217 3.2155041007244 12.9297 12.868395 12.9922025 15.552 15.4784 15.6282 9.939625 9.89129975 9.9874445 "Sul" 12 "Srxn1"
"Srxn1_5.14" 13 "Simu5" 7.54 7.54 1.54095717181514 1.73803518473793 1.25957561095299 0.250122384210188 16.7197070794642 3.72174088289888 14.34195 14.2765975 14.409 17.1913 17.1128 17.2721 11.015 10.9636 11.0666 "Sul" 13 "Srxn1"
"Srxn1_5.15" 14 "Simu5" 7.54 7.54 1.4403480696446 1.62221522436931 1.1833523262762 0.228874178216688 17.775442046704 3.62453329398281 15.6861 15.6169975 15.7564 18.6886 18.6062 18.772405 12.1286 12.0741 12.1835025 "Sul" 14 "Srxn1"
"Srxn1_5.16" 15 "Simu5" 7.54 7.54 1.34968621009532 1.55247349625892 1.06167683840812 0.256256595495845 18.633607381657 3.74296001850641 16.938 16.8652 17.011205 20.0805 19.9938 20.167405 13.1724 13.1148 13.2306025 "Sul" 15 "Srxn1"
"Srxn1_5.17" 16 "Simu5" 7.54 7.54 1.31764638367483 1.53028093551461 1.00483788303481 0.276674385087415 19.9591303638809 4.65328497494369 18.1023 18.0263975 18.1778 21.4067 21.3167 21.4960025 14.0946 14.0347 14.1555 "Sul" 16 "Srxn1"
"Srxn1_5.18" 17 "Simu5" 7.54 7.54 1.26128217196875 1.47562403127088 0.954262576058087 0.272756876893251 21.1976749190789 4.87634750398765 19.2359 19.1575 19.3141025 22.71325 22.6200975 22.8050025 14.9588 14.8967 15.0217025 "Sul" 17 "Srxn1"
"Srxn1_5.19" 18 "Simu5" 7.54 7.54 1.23929323643477 1.44276216900051 0.917473131346355 0.281935087028959 21.848602956501 5.13941612241797 20.3079 20.226 20.3881 23.9618 23.865195 24.0571025 15.7681 15.7039975 15.8331075 "Sul" 18 "Srxn1"
"Srxn1_5.20" 19 "Simu5" 7.54 7.54 1.19483643265602 1.41080287031794 0.885210877081748 0.275028650534061 23.2327321467188 5.708207398425 21.354 21.2695 21.436805 25.1722 25.0726 25.270305 16.5357 16.4686975 16.6023 "Sul" 19 "Srxn1"
"Srxn1_5.21" 20 "Simu5" 7.54 7.54 1.15439381487349 1.33267755204265 0.880101007863281 0.2410802526217 24.5149227910491 5.76792140607497 22.3475 22.2603 22.4332025 26.3428 26.2399 26.4440025 17.2653 17.1960975 17.3335025 "Sul" 20 "Srxn1"
"Srxn1_5.22" 21 "Simu5" 7.54 7.54 1.17571976409714 1.30342264444788 0.931345558019311 0.21170613653477 25.4943074364773 5.9816735391558 23.2905 23.2005975 23.3793025 27.421 27.3138975 27.5250025 17.9852 17.9137975 18.0561 "Sul" 21 "Srxn1"
"Srxn1_5.23" 22 "Simu5" 7.54 7.54 1.07235957954111 1.27056679872003 0.743680107438036 0.286652495104873 25.6191845317714 6.18420231554276 24.252 24.1571975 24.3437025 28.4584 28.3473975 28.5651125 18.7572 18.6835975 18.8309 "Sul" 22 "Srxn1"
"Srxn1_5.24" 23 "Simu5" 7.54 7.54 1.03869380634632 1.18748504511734 0.756752298558984 0.244293717364494 26.6448910757631 6.73631016098807 25.0887 24.9905975 25.184 29.4516 29.337195 29.5624075 19.3112 19.2351 19.3864025 "Sul" 23 "Srxn1"
"Srxn1_5.25" 24 "Simu5" 7.54 7.54 0.993363568610084 1.15041465541716 0.744368950802122 0.218079087096319 27.1405701281289 7.32076605342108 25.8804 25.7790975 25.9789 30.3408 30.222995 30.456805 19.8702 19.7926 19.9461025 "Sul" 24 "Srxn1"
"Srxn1_5.26" 25 "Simu5" 7.54 7.54 1.1769881606908 1.18340814856948 1.16567514052742 0.00982706554670166 28.7032184350329 4.87013093057473 26.6097 26.506 26.7115 31.1792 31.056695 31.3000025 20.3814 20.3080975 20.4521025 "Sul" 25 "Srxn1"
"Srxn1_5.27" 26 "Simu5" 7.54 7.54 1.12399360098463 1.22087798777313 1.02474185915338 0.0980894923776694 28.3780984918832 4.87173134202931 27.5414 27.4323925 27.647205 32.0451 31.9176 32.170905 21.3999 21.322695 21.4745 "Sul" 26 "Srxn1"
"Srxn1_5.28" 27 "Simu5" 7.54 7.54 1.06040744059849 1.20086991304105 0.933797523183674 0.134073991947095 29.1105041545088 4.97873997405113 28.3872 28.2764925 28.4932025 32.93895 32.808195 33.0682025 22.2093 22.1357 22.2796025 "Sul" 27 "Srxn1"
"Srxn1_5.29" 28 "Simu5" 7.54 7.54 1.04948186454224 1.16927050937322 0.972785336157234 0.105091882171141 29.1467589450333 4.99242234416043 29.0518 28.9612975 29.1362025 33.7664 33.6383975 33.8883025 22.6651 22.5921975 22.7316025 "Sul" 28 "Srxn1"
"Srxn1_5.30" 29 "Simu5" 7.54 7.54 1.00720844286739 1.11731062974873 0.92962709000602 0.0979769424742534 29.4778741216455 5.20198868042928 29.421 29.335495 29.4982025 34.392 34.2962 34.4819025 22.8902 22.7407925 23.0193075 "Sul" 29 "Srxn1"
"Srxn1_5.31" 30 "Simu5" 7.54 7.54 0.941347800748025 1.07595304393089 0.838162838007875 0.121969139644223 30.048922746582 5.0402987417587 29.2718 29.13739 29.3994025 34.4822 34.3769975 34.5787025 22.6956 22.5162875 22.8625025 "Sul" 30 "Srxn1"
"Srxn1_5.32" 31 "Simu5" 7.54 7.54 0.908612292983855 1.01516706853855 0.848605081715384 0.0925242166643687 30.7039192089833 4.81544335917248 28.8714 28.737095 29.0025025 34.12215 33.98989 34.2513025 22.3693 22.1965 22.5303025 "Sul" 31 "Srxn1"
"Srxn1_5.33" 32 "Simu5" 7.54 7.54 0.903743738604155 0.983357838983053 0.843656928098132 0.0718684382246726 30.887417856938 4.92961629925553 28.441 28.3167975 28.56311 33.6244 33.4986975 33.7487 22.0386 21.876295 22.1910175 "Sul" 32 "Srxn1"
"Srxn1_5.34" 33 "Simu5" 7.54 7.54 0.882183904206675 0.979288643179744 0.829902237572329 0.0841778201516739 30.5448070998627 5.54434061667427 28.01235 27.8978 28.1242025 33.1157 33.0001 33.22961 21.7109 21.55819 21.8543075 "Sul" 33 "Srxn1"
"Srxn1_5.35" 34 "Simu5" 7.54 7.54 0.843556694073428 0.943271604500252 0.787551330404449 0.0865742126701147 30.2100061223169 5.50408440602362 27.5889 27.4836975 27.6913 32.6116 32.5058 32.7166025 21.3876 21.2444975 21.5220025 "Sul" 34 "Srxn1"
"Srxn1_5.36" 35 "Simu5" 7.54 7.54 0.78676785778671 0.912268649213837 0.693839565715227 0.112798678694459 30.3871166331449 5.82343636556624 27.1722 27.0747 27.267505 32.1147 32.014295 32.2147 21.0693 20.935295 21.195205 "Sul" 35 "Srxn1"
"Srxn1_5.37" 36 "Simu5" 7.54 7.54 0.764268718246863 0.915315806520517 0.653991668186344 0.135348525411066 29.7971275353627 5.90089327957357 26.76175 26.669 26.8538 31.6261 31.5287 31.7231025 20.7563 20.6315 20.875305 "Sul" 36 "Srxn1"
"Srxn1_5.38" 37 "Simu5" 7.54 7.54 0.710561059289926 0.834699139617282 0.611279390457273 0.113765007682397 29.3555610192624 5.22152407259572 26.35835 26.2684975 26.4470025 31.1446 31.0474875 31.242905 20.4487 20.3318975 20.5623 "Sul" 37 "Srxn1"
"Srxn1_5.39" 38 "Simu5" 7.54 7.54 0.676790933225603 0.822381385638528 0.528838637441116 0.146785625941051 28.5038650877448 5.54670773126406 25.9611 25.872095 26.0499075 30.6707 30.569695 30.770405 20.1458 20.0362 20.2538025 "Sul" 38 "Srxn1"
"Srxn1_5.40" 39 "Simu5" 7.54 7.54 0.639673188779678 0.79057622321954 0.480781588791704 0.155051738992849 28.0265865847691 5.70173660740909 25.5701 25.4776975 25.6599025 30.2049 30.0980975 30.3100025 19.84765 19.7421975 19.950705 "Sul" 39 "Srxn1"
"Srxn1_5.41" 40 "Simu5" 7.54 7.54 0.627995539989519 0.792465735186157 0.458742885763068 0.166912818538737 27.092638493542 5.49852601389425 25.1856 25.089895 25.2789 29.7461 29.6333975 29.8585025 19.5546 19.4527975 19.654 "Sul" 40 "Srxn1"
"Srxn1_5.42" 41 "Simu5" 7.54 7.54 0.615283388903492 0.800870820276128 0.443595443174146 0.179042789708779 26.7196444846846 5.0475334952022 24.8072 24.7066975 24.9053025 29.2944 29.175 29.4173 19.2657 19.1665875 19.3623 "Sul" 41 "Srxn1"
"Srxn1_5.43" 42 "Simu5" 7.54 7.54 0.614909913880685 0.75559290463009 0.462581065314356 0.146852660847587 26.0668673640625 4.69109225915005 24.4345 24.329195 24.5393025 28.84995 28.7223 28.9824025 18.98135 18.88429 19.0773025 "Sul" 42 "Srxn1"
"Srxn1_5.44" 43 "Simu5" 7.54 7.54 0.589203852764725 0.75425009552483 0.464090716773189 0.149144580966011 25.4197757417448 4.79287006753584 24.0676 23.9559975 24.180405 28.4125 28.2757975 28.556105 18.7017 18.6048 18.7963 "Sul" 43 "Srxn1"
"Srxn1_5.45" 44 "Simu5" 7.54 7.54 0.564776924887447 0.676014445716315 0.479479137776858 0.100802699149109 25.1004291803452 4.63514814950895 23.7063 23.588195 23.8278025 27.9821 27.8375 28.1369025 18.4266 18.3294 18.5215 "Sul" 44 "Srxn1"
"Srxn1_5.46" 45 "Simu5" 7.54 7.54 0.539430708213108 0.66539633866092 0.436633828759254 0.116127794911867 24.6141380632467 4.09906797343064 23.35105 23.2263 23.480605 27.5591 27.4043975 27.7246 18.1559 18.0578 18.2525 "Sul" 45 "Srxn1"
"Srxn1_5.47" 46 "Simu5" 7.54 7.54 0.527338301898437 0.672364627171468 0.405553949732068 0.134915256306824 24.6138544092227 4.6090963122706 23.0016 22.8703925 23.139905 27.14185 26.9784975 27.3186025 17.8898 17.789195 17.9884 "Sul" 46 "Srxn1"
"Srxn1_5.48" 47 "Simu5" 7.54 7.54 0.510005702692008 0.613788432476325 0.426195180908985 0.0953780573703254 24.0877383878697 4.20757995162865 22.6577 22.5189975 22.803905 26.7319 26.5598975 26.9191075 17.6278 17.5256 17.7296025 "Sul" 47 "Srxn1"
"Srxn1_5.49" 48 "Simu5" 7.54 7.54 0.507106329566715 0.61987390375024 0.404027551422889 0.108248863872929 23.6195947315958 4.41110291994289 22.319 22.1732975 22.4752 26.32835 26.1489925 26.526005 17.3697 17.2645925 17.4755025 "Sul" 48 "Srxn1"
"Srxn1_6.1" 0 "Simu6" 16.25 16.25 0 0 0 0 0 0 0 0 0 0 0 0 0 0 0 "Sul" 0 "Srxn1"
"Srxn1_6.2" 1 "Simu6" 16.25 16.25 0.371516295077605 0.469802255711357 0.265987299327077 0.102100344170618 0.00184745770038348 0.00319989060189855 0.0231784 0.0211374 0.0254426075 0.0231784 0.0211374 0.0254426075 0.0231784 0.0211374 0.0254426075 "Sul" 1 "Srxn1"
"Srxn1_6.3" 2 "Simu6" 16.25 16.25 1.26397827028283 1.56859421786907 1.01616293849348 0.280561601211419 0.00334393821923326 0.0057918708930834 0.1364625 0.12921695 0.161647825 0.160161 0.152029975 0.191877 0.110778 0.1045356 0.128771475 "Sul" 2 "Srxn1"
"Srxn1_6.4" 3 "Simu6" 16.25 16.25 1.66984529154048 2.07721886434037 1.29249989174127 0.39322033882998 0.0497276118670074 0.0861307502927218 0.610919 0.601952925 0.6357827 0.7441585 0.73396685 0.77553365 0.49648 0.488525 0.514527075 "Sul" 3 "Srxn1"
"Srxn1_6.5" 4 "Simu6" 16.25 16.25 2.19272848116618 2.60262006898578 1.77184278366628 0.415497746427648 0.642036539407439 0.409437212716473 1.40942 1.3964395 1.4346005 1.73263 1.71729925 1.76432025 1.11848 1.10747975 1.136781 "Sul" 4 "Srxn1"
"Srxn1_6.6" 5 "Simu6" 16.25 16.25 2.68407994997184 3.11949500130568 2.12045836257987 0.51170913446523 2.22915299180435 0.800731348698398 2.65158 2.6318795 2.67889025 3.20261 3.17901975 3.2360805 2.126115 2.11002975 2.14681025 "Sul" 5 "Srxn1"
"Srxn1_6.7" 6 "Simu6" 16.25 16.25 3.04352796904343 3.49916755070805 2.455343208859 0.534386079927979 4.49807855274994 0.98195184870667 4.374115 4.3455095 4.40739075 5.19982 5.165579 5.240241 3.48987 3.46678975 3.5157905 "Sul" 6 "Srxn1"
"Srxn1_6.8" 7 "Simu6" 16.25 16.25 3.17763292324067 3.72713318120363 2.56854124491172 0.581590209465467 7.15752765914922 1.15985030393744 6.52027 6.480969 6.5628405 7.661775 7.61513675 7.71318075 5.22453 5.19299925 5.25799025 "Sul" 7 "Srxn1"
"Srxn1_6.9" 8 "Simu6" 16.25 16.25 3.15672415984068 3.63262670685841 2.59948577806504 0.521350825451379 9.84161130170088 1.67294147993751 8.924015 8.8733495 8.977392 10.4781 10.4184 10.5418025 7.171385 7.13072975 7.213701 "Sul" 8 "Srxn1"
"Srxn1_6.10" 9 "Simu6" 16.25 16.25 3.00569667520103 3.57410083468262 2.46381098307614 0.555619753499006 12.5901908189988 2.01945599196063 11.4403 11.378595 11.5039 13.3684 13.2964 13.4439 9.24813 9.19832625 9.29950325 "Sul" 9 "Srxn1"
"Srxn1_6.11" 10 "Simu6" 16.25 16.25 2.913959883896 3.33251437447797 2.4277247017604 0.456176056990036 15.1343649255676 2.53544417582476 13.9268 13.855 14.0002025 16.3261 16.2418975 16.4129025 11.291 11.2329975 11.3504025 "Sul" 10 "Srxn1"
"Srxn1_6.12" 11 "Simu6" 16.25 16.25 2.74170629832582 3.2068066991819 2.24781969540108 0.480141127614876 17.5368813592133 2.92725688018654 16.407 16.3265 16.4891025 19.1547 19.060295 19.2521 13.365 13.2995975 13.431905 "Sul" 11 "Srxn1"
"Srxn1_6.13" 12 "Simu6" 16.25 16.25 2.65756890262103 3.01316770727468 2.27014574463939 0.37253187962664 19.5470120859195 3.12495222789143 18.78205 18.6934975 18.8728025 21.9307 21.8271975 22.0368 15.3162 15.2442975 15.3897025 "Sul" 12 "Srxn1"
"Srxn1_6.14" 13 "Simu6" 16.25 16.25 2.54351914640808 2.88623146978319 2.13869052923882 0.377621755085074 21.1059294477519 2.89169677399749 21.1164 21.0212 21.2142 24.5649 24.4530975 24.6780025 17.3236 17.2451975 17.4033 "Sul" 13 "Srxn1"
"Srxn1_6.15" 14 "Simu6" 16.25 16.25 2.38070558189897 2.66271328573985 1.99071197477363 0.348772356941024 23.0994656000851 3.3680844572938 23.3653 23.2633975 23.4687 27.1042 26.9857 27.2234025 19.2237 19.1401 19.3092 "Sul" 14 "Srxn1"
"Srxn1_6.16" 15 "Simu6" 16.25 16.25 2.21917418609306 2.43474153053565 1.93598377456563 0.256163003157231 24.889398466445 3.81321651203486 25.4654 25.3571975 25.5739 29.43605 29.310695 29.5613 20.9873 20.8986 21.0772125 "Sul" 15 "Srxn1"
"Srxn1_6.17" 16 "Simu6" 16.25 16.25 2.19488371986024 2.40418141348623 1.91803414686825 0.250014466610317 26.3674499867756 3.41098745652913 27.4061 27.2930975 27.5191 31.5406 31.4107975 31.670405 22.7024 22.6089 22.7966075 "Sul" 16 "Srxn1"
"Srxn1_6.18" 17 "Simu6" 16.25 16.25 2.16113824384293 2.29602790274673 1.94784478431997 0.186864223309309 28.2891937024474 3.61417128450831 29.3262 29.2082975 29.44331 33.6178 33.4828975 33.7525025 24.4024 24.3044975 24.5007 "Sul" 17 "Srxn1"
"Srxn1_6.19" 18 "Simu6" 16.25 16.25 2.09059219349542 2.19990163386992 1.9072893088389 0.159724029305401 29.3860352702799 4.27444962100515 31.2089 31.0866975 31.3310025 35.5783 35.4375975 35.7171025 26.1333 26.0306975 26.2358025 "Sul" 18 "Srxn1"
"Srxn1_6.20" 19 "Simu6" 16.25 16.25 1.97385269139129 2.12025283558135 1.72341939948278 0.21791366609188 30.8954694420475 4.57480525468943 33.0115 32.8843925 33.1379025 37.4303 37.2850975 37.5735 27.8159 27.7085975 27.922405 "Sul" 19 "Srxn1"
"Srxn1_6.21" 20 "Simu6" 16.25 16.25 1.94851670586828 2.10413527006485 1.70011403030536 0.217405057521052 31.9498333086596 4.93934647769536 34.678 34.5447975 34.8081025 39.1869 39.0359 39.3343125 29.2881 29.1767975 29.3984 "Sul" 20 "Srxn1"
"Srxn1_6.22" 21 "Simu6" 16.25 16.25 1.8950830853636 2.07066531559734 1.60795149068351 0.250715907897534 33.2062809280638 5.39669462540675 36.3072 36.1697 36.4425 40.9167 40.7606 41.0698 30.7267 30.6100975 30.8413 "Sul" 21 "Srxn1"
"Srxn1_6.23" 22 "Simu6" 16.25 16.25 1.88312676802685 2.06846442567642 1.60519204195558 0.24512443409382 34.3836797341241 5.97502627512694 37.8651 37.7221925 38.0046 42.5982 42.4360975 42.756 32.0526 31.9314 32.1714025 "Sul" 22 "Srxn1"
"Srxn1_6.24" 23 "Simu6" 16.25 16.25 1.88302791493925 2.05737021554606 1.58888427663181 0.25619141110942 35.6377038214201 6.44962811318324 39.3971 39.248 39.5418025 44.2627 44.0937925 44.4271 33.3641 33.2375975 33.4868175 "Sul" 23 "Srxn1"
"Srxn1_6.25" 24 "Simu6" 16.25 16.25 1.90301644463411 2.07878038043501 1.68125927881537 0.202712331800089 36.5321362525207 6.36654589605896 40.9153 40.760695 41.0664025 45.8996 45.7245 46.0726025 34.6455 34.5144925 34.7733025 "Sul" 24 "Srxn1"
"Srxn1_6.26" 25 "Simu6" 16.25 16.25 2.18617740930169 2.30684764281207 2.11081140355943 0.105578911555899 39.5977661491417 3.55593142770568 42.4408 42.2799975 42.599505 47.54575 47.3631975 47.7271025 36.0191 35.882595 36.1525075 "Sul" 25 "Srxn1"
"Srxn1_6.27" 26 "Simu6" 16.25 16.25 2.22047797770955 2.27622801229104 2.11854108931773 0.0884093350154314 39.8509237085858 3.36119909097868 44.27335 44.1038925 44.4394025 49.4351 49.2438925 49.6256025 37.86905 37.7241 38.0098025 "Sul" 26 "Srxn1"
"Srxn1_6.28" 27 "Simu6" 16.25 16.25 2.17804509872986 2.24869884062831 2.08310754517481 0.0854248026858843 40.8826476092644 3.82058031543835 46.1232 45.9453 46.2993075 51.2668 51.0663975 51.4651 39.7055 39.5524975 39.8555025 "Sul" 27 "Srxn1"
"Srxn1_6.29" 28 "Simu6" 16.25 16.25 2.18353211785723 2.26691278271701 2.09548768914192 0.0858076552341479 41.6071953750367 4.04503643357218 47.90265 47.7150975 48.0875025 53.0456 52.8347 53.2551075 41.478 41.3166 41.6371 "Sul" 28 "Srxn1"
"Srxn1_6.30" 29 "Simu6" 16.25 16.25 2.20122286726928 2.28879266061097 2.1206890145331 0.0842723994040873 43.2044845728488 4.6271419110187 49.6654 49.4673975 49.8603 54.8217 54.6 55.0441075 43.2402 43.07099 43.408505 "Sul" 29 "Srxn1"
"Srxn1_6.31" 30 "Simu6" 16.25 16.25 2.13380780704023 2.1913602439923 2.09896819019879 0.0502093322907091 44.6480721355576 4.94767815630732 51.42165 51.21419 51.6279025 56.59835 56.36579 56.834005 45.0054 44.8275975 45.1827025 "Sul" 30 "Srxn1"
"Srxn1_6.32" 31 "Simu6" 16.25 16.25 2.09253364702515 2.15697925827158 2.04533273348839 0.0577864285396147 46.1121074002 5.71951010155859 53.0591 52.8461975 53.2710025 58.2236 57.982495 58.4668075 46.7017 46.5195 46.8829025 "Sul" 31 "Srxn1"
"Srxn1_6.33" 32 "Simu6" 16.25 16.25 2.04878310848455 2.15771739877586 1.94581565614813 0.106076809428602 47.1936351568676 5.63530146478275 54.5439 54.3430925 54.7359 59.7234 59.487095 59.951405 48.2099 48.04489 48.369505 "Sul" 32 "Srxn1"
"Srxn1_6.34" 33 "Simu6" 16.25 16.25 2.0421085999509 2.13963214503947 1.98315667879521 0.0850703856445062 48.2702005226623 5.37742934824898 55.6076 55.4612 55.754805 60.9712 60.7862975 61.1432 49.0817 48.9208 49.2357025 "Sul" 33 "Srxn1"
"Srxn1_6.35" 34 "Simu6" 16.25 16.25 2.01516789665682 2.07143478841086 1.90343312884737 0.0967659721162138 48.9152928039787 6.42175189731748 55.9271 55.653295 56.1728 61.5294 61.3101 61.7288125 49.3137 48.989095 49.6111025 "Sul" 34 "Srxn1"
"Srxn1_6.36" 35 "Simu6" 16.25 16.25 1.95655749665455 2.01915605189246 1.85368226467895 0.0897889279391906 48.8341615798253 6.56604453632153 55.4684 55.1026 55.8222175 61.0931 60.7637975 61.408 48.79105 48.41378 49.1604475 "Sul" 35 "Srxn1"
"Srxn1_6.37" 36 "Simu6" 16.25 16.25 1.92776781648883 1.98188664883166 1.87563056248866 0.0531557519068115 48.9032678052728 7.10147099579009 54.68835 54.3215825 55.056815 60.2544 59.91789 60.59282 48.0816 47.7121875 48.45231 "Sul" 36 "Srxn1"
"Srxn1_6.38" 37 "Simu6" 16.25 16.25 1.90194409122011 1.92832901100712 1.85710343299882 0.0390350029014939 49.3409267052017 7.29078964549131 53.8553 53.5089925 54.209305 59.33925 59.018995 59.6655 47.3496 46.99909 47.7029075 "Sul" 37 "Srxn1"
"Srxn1_6.39" 38 "Simu6" 16.25 16.25 1.85371049997511 1.88409437947889 1.83727549879811 0.0263425568611288 49.7087256905423 6.70991169615622 53.0231 52.6976975 53.35671 58.42025 58.1209975 58.7291 46.62 46.291285 46.9529125 "Sul" 38 "Srxn1"
"Srxn1_6.40" 39 "Simu6" 16.25 16.25 1.7773362040221 1.81313083363981 1.75875482536729 0.0310066053518828 50.1050178988489 7.44982208744776 52.2019 51.896385 52.5156 57.5124 57.2319975 57.803805 45.9003 45.5923 46.2157 "Sul" 39 "Srxn1"
"Srxn1_6.41" 40 "Simu6" 16.25 16.25 1.69870612094275 1.72819114180674 1.64701850402517 0.0449106416647962 50.3696112719199 6.5751083670842 51.3917 51.10628 51.6882075 56.61905 56.35079 56.89471 45.1919 44.9025875 45.488 "Sul" 40 "Srxn1"
"Srxn1_6.42" 41 "Simu6" 16.25 16.25 1.64996947740649 1.68625312027126 1.62338702211139 0.032536461925935 50.2935455949271 6.49561173175818 50.5958 50.3256 50.878 55.7386 55.482095 56.0038 44.4938 44.2220975 44.77381 "Sul" 41 "Srxn1"
"Srxn1_6.43" 42 "Simu6" 16.25 16.25 1.56893025818217 1.59423630345818 1.55319923953263 0.0221307705487271 50.2605492283516 6.82333119319874 49.81145 49.5533 50.083805 54.8735 54.6219975 55.1284125 43.807 43.5505925 44.074705 "Sul" 42 "Srxn1"
"Srxn1_6.44" 43 "Simu6" 16.25 16.25 1.54094973338392 1.55630615020003 1.52412641556084 0.0161399404981994 49.5502266276583 6.38507135530292 49.03985 48.7900975 49.2998 54.0216 53.7705 54.2720075 43.13165 42.8851975 43.3882025 "Sul" 43 "Srxn1"
"Srxn1_6.45" 44 "Simu6" 16.25 16.25 1.49614380272812 1.53390718071466 1.47200175059426 0.033124401248729 50.5419172445671 6.65281820827843 48.281 48.0366875 48.5362 53.1828 52.9314 53.4347075 42.46705 42.2305975 42.7153025 "Sul" 44 "Srxn1"
"Srxn1_6.46" 45 "Simu6" 16.25 16.25 1.47787850527427 1.48493465073401 1.47428049300541 0.00611120144496287 50.1332194645016 6.54968771827108 47.53425 47.2886925 47.7854 52.3581 52.102795 52.6173025 41.8129 41.5826975 42.0521025 "Sul" 45 "Srxn1"
"Srxn1_6.47" 46 "Simu6" 16.25 16.25 1.43145471437649 1.47142571267802 1.39210347871622 0.0396647485744112 49.9464898850605 6.52310489924365 46.8013 46.5524975 47.0517 51.5463 51.2829975 51.811505 41.1692 40.942595 41.4042025 "Sul" 46 "Srxn1"
"Srxn1_6.48" 47 "Simu6" 16.25 16.25 1.38726594050151 1.41584467459192 1.37217882639254 0.0247627630129501 49.0864085554963 5.0287174858263 46.0774 45.828 46.3300075 50.7463 50.4770925 51.0205 40.53625 40.30918 40.7696025 "Sul" 47 "Srxn1"
"Srxn1_6.49" 48 "Simu6" 16.25 16.25 1.35324526713437 1.36898311287782 1.3433834133797 0.0137743099641155 49.687404959635 5.9836453477405 45.3654 45.11199 45.6237 49.9601 49.6798 50.2457025 39.9137 39.6849975 40.148105 "Sul" 48 "Srxn1"
