"time" "Simulation" "dose1" "dose2" "Nrf2_observed" "Nrf2max_observed" "Nrf2min_observed" "Nrf2_SD" "Srxn1_observed" "Srxn1_SD" "medianM" "LCLM" "UCLM" "medianH" "LCLH" "UCLH" "medianL" "LCLL" "UCLL" "Chemical" "Times" "variables"
"Srxn1_1.1" 0 "Simu1" 0.35 0.35 0 0 0 0 0 0 0 0 0 0 0 0 0 0 0 "Sul" 0 "Srxn1"
"Srxn1_1.2" 1 "Simu1" 0.35 0.35 0.0555198158886082 0.158240542330775 0 0.0890559474549467 0.00526707652451996 0.00912284414782187 0.0231879 0.0211505925 0.0254426 0.0231879 0.0211505925 0.0254426 0.0231879 0.0211505925 0.0254426 "Sul" 1 "Srxn1"
"Srxn1_1.3" 2 "Simu1" 0.35 0.35 0.315693838140049 0.398274238940256 0.213464009268478 0.0939589286096995 0.00706727611813635 0.00679887740568976 0.05982935 0.0553680125 0.0653227475 0.08464575 0.0793590575 0.0958939025 0.04601025 0.0419753725 0.0504742125 "Sul" 2 "Srxn1"
"Srxn1_1.4" 3 "Simu1" 0.35 0.35 0.325808136304405 0.472480424606548 0.167524403618586 0.152809237007155 0.00497798703628431 0.0054120902551171 0.1948375 0.18867385 0.2019712 0.2487715 0.241771875 0.260598025 0.14436 0.138538975 0.1508644 "Sul" 3 "Srxn1"
"Srxn1_1.5" 4 "Simu1" 0.35 0.35 0.295271315025202 0.444092839791109 0.14033226201556 0.151972662892027 0.0310710719529083 0.0380330018018242 0.3671275 0.35935825 0.376111825 0.4888795 0.480024925 0.501179 0.2435085 0.235906825 0.25204835 "Sul" 4 "Srxn1"
"Srxn1_1.6" 5 "Simu1" 0.35 0.35 0.253484881260063 0.318131514517823 0.134941724159937 0.102802000391819 0.200495884551925 0.102533305956867 0.550214 0.54064385 0.5612691 0.754231 0.7434965 0.767535025 0.341267 0.3318738 0.351818125 "Sul" 5 "Srxn1"
"Srxn1_1.7" 6 "Simu1" 0.35 0.35 0.21052194221182 0.273302519586571 0.115817742299162 0.0834547903135185 0.633485959143186 0.165077097243492 0.7274315 0.716047925 0.74038105 0.970214 0.957669 0.9848993 0.445697 0.434522825 0.4582814 "Sul" 6 "Srxn1"
"Srxn1_1.8" 7 "Simu1" 0.35 0.35 0.168737256911325 0.22082567469332 0.0651332343245674 0.0897241726113693 1.05516220140646 0.244695603609832 0.8895865 0.8765074 0.904380225 1.172905 1.15864925 1.18936075 0.5443705 0.53144395 0.5589953 "Sul" 7 "Srxn1"
"Srxn1_1.9" 8 "Simu1" 0.35 0.35 0.166196749197506 0.238431873036492 0.0390569782475574 0.110446717351894 1.30052257352576 0.275208857480805 1.02935 1.01465 1.04618025 1.34859 1.33263 1.36671125 0.608054 0.5936077 0.624410725 "Sul" 8 "Srxn1"
"Srxn1_1.10" 9 "Simu1" 0.35 0.35 0.211211414344395 0.249532553435877 0.144259568891311 0.058184089997209 1.75088420033869 0.405999172406372 1.17332 1.1568795 1.1920305 1.54708 1.52954875 1.56707125 0.6243745 0.60852785 0.642303775 "Sul" 9 "Srxn1"
"Srxn1_1.11" 10 "Simu1" 0.35 0.35 0.139133077076595 0.190621441569173 0.0620621520599426 0.0679906117196008 1.50991788890222 0.319962939958955 1.3618 1.34376975 1.38246 1.763795 1.7445395 1.7855025 0.7630545 0.745547975 0.782830725 "Sul" 10 "Srxn1"
"Srxn1_1.12" 11 "Simu1" 0.35 0.35 0.160235113344923 0.244702782073167 0.0603980641642612 0.093108649718964 1.54658999470039 0.296188156972018 1.48957 1.4699895 1.5119325 1.932755 1.9120595 1.956131 0.7922695 0.77371565 0.813577 "Sul" 11 "Srxn1"
"Srxn1_1.13" 12 "Simu1" 0.35 0.35 0.14331752860093 0.229371110081841 0.0406577750350653 0.0954463431442267 1.57294118704028 0.275163378477622 1.639895 1.61863975 1.66415025 2.15669 2.13428925 2.18186025 0.807289 0.787118475 0.830235725 "Sul" 12 "Srxn1"
"Srxn1_1.14" 13 "Simu1" 0.35 0.35 0.132991020393312 0.208807129510331 0.0636093019301652 0.0728124530613743 1.58589080660164 0.223980353529422 1.77437 1.75178975 1.8001315 2.36846 2.3444595 2.39536 0.817489 0.7961105 0.8420306 "Sul" 13 "Srxn1"
"Srxn1_1.15" 14 "Simu1" 0.35 0.35 0.130834404148981 0.201458252535194 0.0630441039595845 0.0692505659039369 1.54559465188555 0.192593982637498 1.889665 1.86650975 1.9162815 2.562325 2.53676975 2.59083125 0.8281385 0.80547685 0.85421435 "Sul" 14 "Srxn1"
"Srxn1_1.16" 15 "Simu1" 0.35 0.35 0.122851431460479 0.194475302058254 0.0534625665404382 0.0705329308361634 1.55312361822076 0.160950639231088 1.972595 1.94586925 2.00139025 2.74803 2.7213595 2.77809 0.838233 0.8143156 0.86594425 "Sul" 15 "Srxn1"
"Srxn1_1.17" 16 "Simu1" 0.35 0.35 0.112714110435306 0.184021650977949 0.0390282372921127 0.072525959852574 1.58578302774932 0.140958614235313 1.99228 1.96104875 2.02619125 2.92009 2.89288825 2.95059075 0.848111 0.82275325 0.8773731 "Sul" 16 "Srxn1"
"Srxn1_1.18" 17 "Simu1" 0.35 0.35 0.109512156044405 0.182540073832845 0.026792293910609 0.0783249198950846 1.60458486793884 0.142510752264869 1.986915 1.954708 2.0221205 3.04325 3.01329975 3.075343 0.857789 0.830844825 0.888557775 "Sul" 17 "Srxn1"
"Srxn1_1.19" 18 "Simu1" 0.35 0.35 0.112237443830729 0.175461972090864 0.0502718031253706 0.0626045781058293 1.41578739139916 0.377431624413285 1.978905 1.94628975 2.0149205 3.1008 3.06122475 3.14087 0.8673685 0.8389564 0.899585475 "Sul" 18 "Srxn1"
"Srxn1_1.20" 19 "Simu1" 0.35 0.35 0.106021859275669 0.202248380534323 0.0382089375181197 0.0856313855646598 1.57237484020949 0.0613322974265078 1.970535 1.9379495 2.007291 3.093905 3.050629 3.1382415 0.8767295 0.84704655 0.910332625 "Sul" 19 "Srxn1"
"Srxn1_1.21" 20 "Simu1" 0.35 0.35 0.102139703192183 0.173699510154112 0.0586728755735639 0.0624475242265013 1.56872516697412 0.0485518358593564 1.96227 1.92943 1.99917275 3.0892 3.04157675 3.13907925 0.8859435 0.855052575 0.921002225 "Sul" 20 "Srxn1"
"Srxn1_1.22" 21 "Simu1" 0.35 0.35 0.100014696876015 0.175712281970526 0.0405432993707142 0.0690299234899417 1.57245229892024 0.119716375037514 1.954125 1.92069975 1.991235 3.064015 3.0178755 3.114031 0.8950025 0.862712325 0.93164415 "Sul" 21 "Srxn1"
"Srxn1_1.23" 22 "Simu1" 0.35 0.35 0.0903886343155689 0.172861820442814 0.0330477039558769 0.0732169345317732 1.54297022177056 0.169794623784941 1.94621 1.91211875 1.98393075 3.03849 2.99282675 3.087772 0.9038705 0.8702079 0.9418097 "Sul" 22 "Srxn1"
"Srxn1_1.24" 23 "Simu1" 0.35 0.35 0.0882949002047399 0.170578609805707 0.0212505874098193 0.0758214612060847 1.54009540287382 0.214355850597634 1.93844 1.90403 1.9770905 3.01325 2.96821475 3.0620725 0.9125685 0.8777556 0.952097275 "Sul" 23 "Srxn1"
"Srxn1_1.25" 24 "Simu1" 0.35 0.35 0.0816501890579242 0.183156569524535 0.00106823767120467 0.0928300271922918 1.44740118218 0.234634416426113 1.930615 1.8957975 1.97037 2.988315 2.943627 3.036845 0.9211405 0.885140325 0.962127425 "Sul" 24 "Srxn1"
"Srxn1_1.26" 25 "Simu1" 0.35 0.35 0.096347621822092 0.168670545373686 0.0135200524155636 0.0781068470410262 1.38764513562744 0.236218695471699 1.92303 1.88755775 1.9635215 2.963785 2.91908975 3.012794 0.9296625 0.89229525 0.972083575 "Sul" 25 "Srxn1"
"Srxn1_1.27" 26 "Simu1" 0.35 0.35 0.0949786795829743 0.182027090423385 0.00890630326538489 0.0865645205560204 1.18412218735629 0.363244102840028 1.91543 1.87926 1.9566205 2.93959 2.89542875 2.9886715 0.9380445 0.899412875 0.981736075 "Sul" 26 "Srxn1"
"Srxn1_1.28" 27 "Simu1" 0.35 0.35 0.0779018201661818 0.152464034308671 0 0.0762868610293672 1.109771175485 0.368865953968736 1.908125 1.87127 1.9502805 2.91584 2.87166825 2.964822 0.946301 0.9064473 0.991236 "Sul" 27 "Srxn1"
"Srxn1_1.29" 28 "Simu1" 0.35 0.35 0.0895723853197273 0.165836454142622 0 0.0837153859612104 1.07105994540511 0.362185692089543 1.90097 1.8631695 1.9439025 2.892505 2.848448 2.9417005 0.9543845 0.913349375 1.00072225 "Sul" 28 "Srxn1"
"Srxn1_1.30" 29 "Simu1" 0.35 0.35 0.0886274485627041 0.153762769617308 0.0187744366440838 0.0676177119180975 1.05284629971027 0.339781888478694 1.893795 1.8551095 1.93768125 2.869485 2.825527 2.9186265 0.9624315 0.920129725 1.0100205 "Sul" 29 "Srxn1"
"Srxn1_1.31" 30 "Simu1" 0.35 0.35 0.0949843157827482 0.174579972031056 0.0251139314907033 0.0752061168035559 0.967336168521085 0.337265558342081 1.88682 1.84719975 1.9317005 2.84687 2.80274925 2.89621025 0.9702795 0.926691175 1.01894125 "Sul" 30 "Srxn1"
"Srxn1_1.32" 31 "Simu1" 0.35 0.35 0.0902383748245515 0.178270672812488 0.030273693327372 0.0778885088173063 0.899446509953701 0.319567420372509 1.880035 1.83929975 1.925762 2.82461 2.780348 2.87406525 0.9779835 0.93329365 1.02798375 "Sul" 31 "Srxn1"
"Srxn1_1.33" 32 "Simu1" 0.35 0.35 0.0797591136230044 0.139339768411123 0.0163282218982557 0.0615960906813328 0.842903682076036 0.377793711368508 1.873395 1.83153675 1.92005175 2.802815 2.75791825 2.85170325 0.9855595 0.939802 1.0369505 "Sul" 32 "Srxn1"
"Srxn1_2.1" 0 "Simu2" 0.75 0.75 0 0 0 0 0 0 0 0 0 0 0 0 0 0 0 "Sul" 0 "Srxn1"
"Srxn1_2.2" 1 "Simu2" 0.75 0.75 0.0743471090457677 0.152938153684788 0 0.0765573507582239 0.0313684804717027 0.0465108094914951 0.0231879 0.0211505925 0.0254426 0.0231879 0.0211505925 0.0254426 0.0231879 0.0211505925 0.0254426 "Sul" 1 "Srxn1"
"Srxn1_2.3" 2 "Simu2" 0.75 0.75 0.450585670864325 0.482911938849096 0.418270062155819 0.0323209396649038 0.0291355202978075 0.0464922646676179 0.06421175 0.0596210825 0.0704394975 0.08343105 0.0781878625 0.0943679 0.04601025 0.0419753725 0.0504742125 "Sul" 2 "Srxn1"
"Srxn1_2.4" 3 "Simu2" 0.75 0.75 0.534197443244587 0.668146604421088 0.396213485050274 0.136011451881511 0.0354066864859037 0.0431268770330225 0.2475605 0.2413488 0.255145025 0.278049 0.27113295 0.28956165 0.2177265 0.212033825 0.2241464 "Sul" 3 "Srxn1"
"Srxn1_2.5" 4 "Simu2" 0.75 0.75 0.538065737297214 0.711320090574134 0.39805368633907 0.159256861714594 0.12118278142523 0.0714379394667275 0.516622 0.5086398 0.525946225 0.609744 0.600799925 0.621888075 0.4224875 0.415021825 0.431025175 "Sul" 4 "Srxn1"
"Srxn1_2.6" 5 "Simu2" 0.75 0.75 0.475716420852403 0.636031915740653 0.344106525730887 0.148064570125889 0.461108673348812 0.122962794658883 0.834512 0.8243743 0.845888425 1.023995 1.01282975 1.03751025 0.662746 0.65344055 0.67342105 "Sul" 5 "Srxn1"
"Srxn1_2.7" 6 "Simu2" 0.75 0.75 0.399513976224617 0.518463184151322 0.294232613637084 0.112738390468583 1.14080948625397 0.249859433218581 1.15144 1.13905925 1.164941 1.44149 1.427799 1.45668025 0.8969775 0.8857169 0.9096944 "Sul" 6 "Srxn1"
"Srxn1_2.8" 7 "Simu2" 0.75 0.75 0.35877873277008 0.49750304581156 0.244067435188024 0.128412892135572 1.94186165397911 0.254221474580682 1.44236 1.42792975 1.457881 1.81262 1.79654 1.82960075 1.11593 1.10281925 1.13062075 "Sul" 7 "Srxn1"
"Srxn1_2.9" 8 "Simu2" 0.75 0.75 0.318329740492437 0.436089545315992 0.208218229984833 0.114128026321959 2.47857344950723 0.222346461412206 1.72104 1.7048195 1.73865025 2.19385 2.1756195 2.21285 1.31038 1.29546 1.3270705 "Sul" 8 "Srxn1"
"Srxn1_2.10" 9 "Simu2" 0.75 0.75 0.343045433881324 0.429194021431127 0.274468150490903 0.0788453348775237 3.12520626959086 0.167414285002917 1.980155 1.96215925 1.99951075 2.543535 2.5233 2.564582 1.484665 1.46809925 1.50322025 "Sul" 9 "Srxn1"
"Srxn1_2.11" 10 "Simu2" 0.75 0.75 0.311332963687369 0.370586662220558 0.219460325070578 0.0806708676303011 3.1370434177361 0.18678971211431 2.27144 2.251658 2.29275075 2.90126 2.87930925 2.924252 1.723325 1.7049795 1.7440005 "Sul" 10 "Srxn1"
"Srxn1_2.12" 11 "Simu2" 0.75 0.75 0.275010777067494 0.304498371142472 0.227349486647915 0.0416617333269745 3.22785411440532 0.280828656373817 2.54209 2.52064825 2.565186 3.216965 3.193116 3.241632 1.91858 1.89867925 1.94125175 "Sul" 11 "Srxn1"
"Srxn1_2.13" 12 "Simu2" 0.75 0.75 0.279288106649056 0.312325987644071 0.243413336472403 0.034543803033955 3.33382078795002 0.242045907036193 2.784765 2.76177975 2.8098215 3.476305 3.45141575 3.50265 2.125625 2.10412 2.15010275 "Sul" 12 "Srxn1"
"Srxn1_2.14" 13 "Simu2" 0.75 0.75 0.245264043848785 0.271102021879157 0.226087544190246 0.0232348288346434 3.38889857762488 0.319875273516708 3.035415 3.0110075 3.06230225 3.74821 3.72185975 3.776032 2.351515 2.32853825 2.377973 "Sul" 13 "Srxn1"
"Srxn1_2.15" 14 "Simu2" 0.75 0.75 0.222684808904702 0.259083284110043 0.186078100935112 0.0365030370416545 3.48724513813302 0.357748848680211 3.254845 3.22904 3.28351175 3.982465 3.9549 4.01180275 2.56282 2.53825975 2.590994 "Sul" 14 "Srxn1"
"Srxn1_2.16" 15 "Simu2" 0.75 0.75 0.201689295393068 0.239267653319725 0.151204734675961 0.0454279315274837 3.57813556055909 0.27278298119527 3.45299 3.42602 3.48341175 4.20631 4.1775195 4.23693525 2.73172 2.7060395 2.76141125 "Sul" 15 "Srxn1"
"Srxn1_2.17" 16 "Simu2" 0.75 0.75 0.191577461916476 0.213786421733615 0.148844577931729 0.0370173522354782 3.53359391514917 0.323526045668989 3.624675 3.59685925 3.655691 4.40919 4.37947975 4.4411115 2.815145 2.78753775 2.84441075 "Sul" 16 "Srxn1"
"Srxn1_2.18" 17 "Simu2" 0.75 0.75 0.186175313955827 0.208880981383661 0.153247113842688 0.0291917271717217 3.51103972035298 0.336336714351109 3.75658 3.72752975 3.78789025 4.5721 4.54233875 4.60373325 2.840055 2.806949 2.8751765 "Sul" 17 "Srxn1"
"Srxn1_2.19" 18 "Simu2" 0.75 0.75 0.172616100964027 0.204913068634017 0.113697075491298 0.0511042055264774 3.4597355182593 0.270675396835833 3.811495 3.77416875 3.8486515 4.68216 4.649669 4.71621225 2.836915 2.800109 2.8759015 "Sul" 18 "Srxn1"
"Srxn1_2.20" 19 "Simu2" 0.75 0.75 0.169585404819606 0.20539681937269 0.140228921711237 0.0330599958616208 3.47017161220664 0.427663931838185 3.79111 3.751679 3.83180025 4.70723 4.664659 4.74918 2.81505 2.7787385 2.85419 "Sul" 19 "Srxn1"
"Srxn1_2.21" 20 "Simu2" 0.75 0.75 0.165928768171316 0.210061762031152 0.13520716919103 0.0391880294449273 3.36255693181914 0.46540023912966 3.75721 3.71796 3.798712 4.67992 4.633709 4.7279155 2.79364 2.7575465 2.83321125 "Sul" 20 "Srxn1"
"Srxn1_2.22" 21 "Simu2" 0.75 0.75 0.162399790812802 0.191889746038318 0.121222669183014 0.0367546096665334 3.36818449467489 0.560195845570522 3.721015 3.68246 3.76237075 4.636395 4.589897 4.68621075 2.7722 2.7362595 2.8123805 "Sul" 21 "Srxn1"
"Srxn1_2.23" 22 "Simu2" 0.75 0.75 0.146064345216959 0.180661368817969 0.112223557043617 0.0342251725946262 3.36045766456883 0.627885681935249 3.684835 3.64709875 3.7257165 4.58631 4.54129775 4.63524425 2.750895 2.71509925 2.79184175 "Sul" 22 "Srxn1"
"Srxn1_2.24" 23 "Simu2" 0.75 0.75 0.14877611396613 0.185476804867334 0.128382552813977 0.0318493369612672 3.26298771183499 0.646297831251341 3.649105 3.612088 3.69034025 4.53653 4.492728 4.58435325 2.730185 2.69428875 2.7711775 "Sul" 23 "Srxn1"
"Srxn1_2.25" 24 "Simu2" 0.75 0.75 0.141741914712211 0.174707196048282 0.124310325166788 0.0285645380523936 3.20071442179745 0.710697694078068 3.6141 3.57700825 3.65517125 4.4871 4.44453875 4.53417425 2.70972 2.673659 2.75088025 "Sul" 24 "Srxn1"
"Srxn1_2.26" 25 "Simu2" 0.75 0.75 0.153518444886998 0.19528622381681 0.128839816239762 0.0363704627824444 2.99986736364742 0.676894909483307 3.579525 3.54242375 3.62078175 4.438805 4.3965195 4.484953 2.689695 2.6532995 2.730531 "Sul" 25 "Srxn1"
"Srxn1_2.27" 26 "Simu2" 0.75 0.75 0.134078041138651 0.181131000688344 0.0944275126261533 0.0438231753696936 2.9312890240041 0.699959332057779 3.54555 3.508019 3.586581 4.39102 4.34917825 4.43685475 2.670065 2.63350925 2.711422 "Sul" 26 "Srxn1"
"Srxn1_2.28" 27 "Simu2" 0.75 0.75 0.130445992972234 0.178553768433753 0.102927522497042 0.0418063616987293 2.82861384524115 0.756807170246499 3.512105 3.4746995 3.55295275 4.34407 4.3023755 4.38979 2.65072 2.61348925 2.69276725 "Sul" 27 "Srxn1"
"Srxn1_2.29" 28 "Simu2" 0.75 0.75 0.133365042335398 0.164603857531641 0.11036489114902 0.0280423440008924 2.69250599296144 0.694935498722042 3.479445 3.44135975 3.52071225 4.297915 4.25619925 4.34328075 2.6317 2.59405975 2.67436125 "Sul" 28 "Srxn1"
"Srxn1_2.30" 29 "Simu2" 0.75 0.75 0.122083173078532 0.148785216787627 0.0823551766165439 0.0350783999510154 2.63882894421516 0.744049430865621 3.44726 3.40878675 3.488483 4.252655 4.21123 4.29804075 2.61301 2.57458925 2.65634225 "Sul" 29 "Srxn1"
"Srxn1_2.31" 30 "Simu2" 0.75 0.75 0.11291386107882 0.133569282581615 0.0844857727930007 0.0254481530760523 2.46473343303578 0.655125787502567 3.415595 3.37639775 3.45747575 4.208205 4.16643925 4.253111 2.59462 2.55532975 2.63826075 "Sul" 30 "Srxn1"
"Srxn1_2.32" 31 "Simu2" 0.75 0.75 0.100359590775615 0.126067955763873 0.0839207149381049 0.022550832559868 2.33833192806286 0.628261209196307 3.38422 3.34450875 3.42714 4.16433 4.12252975 4.20903075 2.576505 2.535859 2.62097025 "Sul" 31 "Srxn1"
"Srxn1_2.33" 32 "Simu2" 0.75 0.75 0.101654621233261 0.13839736393954 0.0827106422428011 0.0318253002451069 2.18129364155549 0.622040250939916 3.353665 3.31287875 3.3970915 4.12114 4.0790385 4.16623025 2.558545 2.5172995 2.60372075 "Sul" 32 "Srxn1"
"Srxn1_3.1" 0 "Simu3" 1.62 1.62 0 0 0 0 0 0 0 0 0 0 0 0 0 0 0 "Sul" 0 "Srxn1"
"Srxn1_3.2" 1 "Simu3" 1.62 1.62 0.102896739617648 0.234485815832629 0 0.119847140521726 0 0 0.0231879 0.0211505925 0.0254426 0.0231879 0.0211505925 0.0254426 0.0231879 0.0211505925 0.0254426 "Sul" 1 "Srxn1"
"Srxn1_3.3" 2 "Simu3" 1.62 1.62 0.747875930411026 0.861695054282246 0.571871895857668 0.154594916239858 0 0 0.0712617 0.0664508 0.07908431 0.102984 0.09706538 0.1190969 0.04601025 0.0419753725 0.0504742125 "Sul" 2 "Srxn1"
"Srxn1_3.4" 3 "Simu3" 1.62 1.62 0.909104661804075 1.13655670909761 0.612979453257292 0.268459099334899 0.0142025684254413 0.0126269239368252 0.3611485 0.354625925 0.3697212 0.433454 0.425801925 0.450021075 0.2729525 0.2673256 0.279314075 "Sul" 3 "Srxn1"
"Srxn1_3.5" 4 "Simu3" 1.62 1.62 0.957814113678337 1.20863103914104 0.633471036947528 0.294545120857631 0.152847265036387 0.0616911543717269 0.8046875 0.795773925 0.814867525 0.983421 0.97306875 1.0001105 0.5786725 0.571056975 0.587251525 "Sul" 4 "Srxn1"
"Srxn1_3.6" 5 "Simu3" 1.62 1.62 0.937692057173333 1.20184142567634 0.610628106172741 0.300586062231353 0.803812868510447 0.163761886718979 1.35569 1.34365925 1.3684105 1.67396 1.6597295 1.69174075 0.9493015 0.939302975 0.960097975 "Sul" 5 "Srxn1"
"Srxn1_3.7" 6 "Simu3" 1.62 1.62 0.838620121793011 1.10238644950196 0.548883155812574 0.27766405883805 2.01418765755625 0.312332831155826 1.96374 1.9485 1.979141 2.44841 2.43002925 2.46889 1.35175 1.33941 1.36502 "Sul" 6 "Srxn1"
"Srxn1_3.8" 7 "Simu3" 1.62 1.62 0.751097813924107 1.01455361814788 0.465152443116292 0.275390174544002 3.23434474236418 0.284319524239052 2.55736 2.53899875 2.5754805 3.223715 3.20144925 3.24686025 1.746495 1.73185975 1.76202275 "Sul" 7 "Srxn1"
"Srxn1_3.9" 8 "Simu3" 1.62 1.62 0.679123484352349 0.966504654891967 0.378971698904784 0.29397459081799 4.34830586182876 0.290234416024002 3.124105 3.102759 3.14475075 3.98601 3.96014 4.01216025 2.10293 2.08623925 2.1207215 "Sul" 8 "Srxn1"
"Srxn1_3.10" 9 "Simu3" 1.62 1.62 0.699245310672325 0.904516561531317 0.506433943365836 0.199333587849558 5.56789976738888 0.992706929249397 3.66128 3.6373395 3.68430125 4.74965 4.7201795 4.7787905 2.40667 2.388098 2.42642 "Sul" 9 "Srxn1"
"Srxn1_3.11" 10 "Simu3" 1.62 1.62 0.643667560861191 0.845605138583043 0.431414206954878 0.207288068613386 6.07912653154631 1.0988148381224 4.23825 4.21173875 4.2637205 5.490385 5.45818825 5.52203275 2.83415 2.81325825 2.85624025 "Sul" 10 "Srxn1"
"Srxn1_3.12" 11 "Simu3" 1.62 1.62 0.5900933440742 0.78190714146961 0.386664774175285 0.197877005817595 6.4349625066557 1.1518353100248 4.78291 4.754419 4.8105905 6.200615 6.16576875 6.2344425 3.20584 3.1829985 3.22977125 "Sul" 11 "Srxn1"
"Srxn1_3.13" 12 "Simu3" 1.62 1.62 0.564258804955353 0.780921426627784 0.308194570790485 0.238813808976172 6.78825453897609 1.22469292533989 5.289195 5.25880925 5.31882025 6.86714 6.82998925 6.9032315 3.54431 3.51957825 3.5701905 "Sul" 12 "Srxn1"
"Srxn1_3.14" 13 "Simu3" 1.62 1.62 0.495437785173908 0.644486008818545 0.298133988380978 0.17814707623253 6.95517653669577 1.24587432171869 5.77918 5.746819 5.810303 7.54474 7.50525875 7.582871 3.81116 3.78510975 3.83891025 "Sul" 13 "Srxn1"
"Srxn1_3.15" 14 "Simu3" 1.62 1.62 0.440583578742688 0.572325479786711 0.253770395350559 0.166264758922718 7.15470921608125 1.20982900518015 6.205905 6.1720485 6.23892175 8.093195 8.052417 8.13284075 4.071465 4.04394975 4.10109025 "Sul" 14 "Srxn1"
"Srxn1_3.16" 15 "Simu3" 1.62 1.62 0.384903985179581 0.491141112015089 0.218063031340731 0.146278937040799 7.17575241456887 1.07256582058291 6.581305 6.5458385 6.615473 8.573115 8.530805 8.613885 4.288745 4.260236 4.31974 "Sul" 15 "Srxn1"
"Srxn1_3.17" 16 "Simu3" 1.62 1.62 0.359193998141808 0.48179222483494 0.178592579378278 0.159705303509395 7.35962323029384 1.19637496510725 6.90014 6.86370725 6.9357705 8.97102 8.927628 9.01304175 4.466635 4.4373395 4.49863175 "Sul" 16 "Srxn1"
"Srxn1_3.18" 17 "Simu3" 1.62 1.62 0.346105848078913 0.441306618411187 0.198700584753365 0.129454253341899 7.45620320436209 1.14490844282843 7.192565 7.155359 7.228864 9.36099 9.31629625 9.40351975 4.55162 4.5219065 4.58249025 "Sul" 17 "Srxn1"
"Srxn1_3.19" 18 "Simu3" 1.62 1.62 0.326713494381885 0.399188145659407 0.194202498028275 0.114926284988509 7.63851369434514 1.14965189049427 7.47023 7.43198825 7.50737075 9.70725 9.66151 9.750227 4.633325 4.59441925 4.67060075 "Sul" 18 "Srxn1"
"Srxn1_3.20" 19 "Simu3" 1.62 1.62 0.309843106075594 0.406363352381335 0.169885483558818 0.124078804998212 7.64534973068687 1.26945622746063 7.720355 7.6819995 7.7581615 10.0061 9.9598085 10.049805 4.631805 4.58482975 4.679023 "Sul" 19 "Srxn1"
"Srxn1_3.21" 20 "Simu3" 1.62 1.62 0.290131431522014 0.363348669871172 0.163888539783273 0.109794698468162 7.6855785788763 1.26970346878651 7.91305 7.8769285 7.9489205 10.3086 10.2619 10.352705 4.58465 4.53840875 4.63233025 "Sul" 20 "Srxn1"
"Srxn1_3.22" 21 "Simu3" 1.62 1.62 0.274962918578355 0.363422533300734 0.11975504835978 0.134851614796418 7.7112308569444 1.54303684708078 7.95501 7.9111465 7.99692 10.5169 10.4755 10.5574 4.535255 4.49036925 4.581812 "Sul" 21 "Srxn1"
"Srxn1_3.23" 22 "Simu3" 1.62 1.62 0.252383506650852 0.333591418410686 0.106567237969043 0.126553050000456 7.70193433892769 1.49406470129188 7.884045 7.83632975 7.93194425 10.6257 10.5794975 10.67 4.486015 4.44273925 4.53138025 "Sul" 22 "Srxn1"
"Srxn1_3.24" 23 "Simu3" 1.62 1.62 0.227310060246672 0.301542718279748 0.0838149234176083 0.124295279035875 7.64359006187528 1.4329491802559 7.784725 7.7389085 7.83132125 10.538 10.4846975 10.5912 4.437605 4.39531825 4.48252425 "Sul" 23 "Srxn1"
"Srxn1_3.25" 24 "Simu3" 1.62 1.62 0.226536711931977 0.297817271913823 0.0910597095788707 0.117379980429023 7.52551796206683 1.50423715686473 7.68394 7.64126775 7.728793 10.39835 10.3481975 10.4498025 4.389975 4.3482865 4.4344805 "Sul" 24 "Srxn1"
"Srxn1_3.26" 25 "Simu3" 1.62 1.62 0.217218112445501 0.297658164741137 0.0771771927074036 0.121725766816872 7.42108240054011 1.80205229647431 7.58454 7.54346925 7.62794125 10.2566 10.2089975 10.3064025 4.34293 4.3019985 4.387062 "Sul" 25 "Srxn1"
"Srxn1_3.27" 26 "Simu3" 1.62 1.62 0.209446264073234 0.301038728102718 0.072249956938008 0.121020074088039 7.24534049405932 1.83431704933578 7.48653 7.44697 7.5289005 10.11655 10.0717975 10.1636025 4.29673 4.25606925 4.3407345 "Sul" 26 "Srxn1"
"Srxn1_3.28" 27 "Simu3" 1.62 1.62 0.197763261353714 0.27515742675344 0.0443262966201996 0.132882027217891 7.15208993735373 1.95816985837013 7.390345 7.351847 7.4311905 9.97871 9.935399 10.0233 4.251385 4.21085975 4.2952605 "Sul" 27 "Srxn1"
"Srxn1_3.29" 28 "Simu3" 1.62 1.62 0.186054835776198 0.254376633688477 0.0565267667830729 0.112231003619045 6.86888385589605 1.74627585501053 7.295775 7.257279 7.335681 9.84284 9.80033875 9.8855605 4.20678 4.16643975 4.2501515 "Sul" 28 "Srxn1"
"Srxn1_3.30" 29 "Simu3" 1.62 1.62 0.183646273581811 0.261781045785346 0.0644205028430814 0.104900660617943 6.71342303059159 1.90460533180785 7.202625 7.164158 7.24242025 9.70926 9.66652775 9.75050325 4.16307 4.12275975 4.206032 "Sul" 29 "Srxn1"
"Srxn1_3.31" 30 "Simu3" 1.62 1.62 0.176000982122541 0.243400963106125 0.0502098703148418 0.109031384026168 6.59056551461227 1.83728206332974 7.110955 7.07181775 7.15099075 9.57765 9.5345475 9.61878025 4.120045 4.07956 4.16321675 "Sul" 30 "Srxn1"
"Srxn1_3.32" 31 "Simu3" 1.62 1.62 0.168096823624028 0.241462026644176 0.0345884594507849 0.115810483445779 6.43939753178719 1.88574200311944 7.021045 6.98039 7.06134 9.44814 9.403756 9.48975425 4.07748 4.03657375 4.1209425 "Sul" 31 "Srxn1"
"Srxn1_3.33" 32 "Simu3" 1.62 1.62 0.165150704464402 0.245304828760153 0.0468240451693977 0.104601683470688 6.30041627551358 1.99688798618082 6.93229 6.890399 6.97266025 9.32098 9.274828 9.362913 4.035605 3.99424675 4.0796615 "Sul" 32 "Srxn1"
"Srxn1_4.1" 0 "Simu4" 3.5 3.5 0 0 0 0 0 0 0 0 0 0 0 0 0 0 0 "Sul" 0 "Srxn1"
"Srxn1_4.2" 1 "Simu4" 3.5 3.5 0.0777021491078411 0.207869291982615 0.00637296703319001 0.112900936512363 0 0 0.0231879 0.0211505925 0.0254426 0.0231879 0.0211505925 0.0254426 0.0231879 0.0211505925 0.0254426 "Sul" 1 "Srxn1"
"Srxn1_4.3" 2 "Simu4" 3.5 3.5 0.843756813614745 1.05376705145908 0.572490041520683 0.246416643745966 0 0 0.0651902 0.06055595 0.071638905 0.0967275 0.091015745 0.111098275 0.0460103 0.0419753725 0.050474215 "Sul" 2 "Srxn1"
"Srxn1_4.4" 3 "Simu4" 3.5 3.5 1.13348180893696 1.51763614726643 0.663837756760692 0.433271613757184 0.0186702199662641 0.021706567927039 0.3895995 0.3832989 0.397191 0.4962795 0.48877985 0.5111132 0.2729525 0.2673256 0.279314075 "Sul" 3 "Srxn1"
"Srxn1_4.5" 4 "Simu4" 3.5 3.5 1.3242033162992 1.81975969845866 0.764579346886593 0.530499656350753 0.21867724685367 0.0991822521364434 0.9380935 0.9289143 0.947945625 1.224685 1.2135495 1.24013025 0.602623 0.5949592 0.61121115 "Sul" 4 "Srxn1"
"Srxn1_4.6" 5 "Simu4" 3.5 3.5 1.38366067785683 1.89115853933418 0.801786336714981 0.548481398504376 1.12629476270344 0.327760945071196 1.694295 1.6811585 1.707641 2.25785 2.24114975 2.27667025 1.047535 1.03732 1.05857075 "Sul" 5 "Srxn1"
"Srxn1_4.7" 6 "Simu4" 3.5 3.5 1.37427021629018 1.88982783848808 0.846826698827934 0.5216021474388 2.7352474007024 0.574532691907548 2.58641 2.56862925 2.60396025 3.47055 3.44741875 3.49450275 1.57222 1.55916975 1.58578125 "Sul" 6 "Srxn1"
"Srxn1_4.8" 7 "Simu4" 3.5 3.5 1.28524936890707 1.83394990588258 0.777308665074725 0.529498537242916 4.54923217551085 0.76561202533391 3.555385 3.53264975 3.5772905 4.79753 4.76793775 4.82709 2.17782 2.161509 2.1943 "Sul" 7 "Srxn1"
"Srxn1_4.9" 8 "Simu4" 3.5 3.5 1.21246922452391 1.73190373102951 0.717809794494671 0.507500720531496 6.13224800512699 0.840317903183662 4.523485 4.49616625 4.54940225 6.175515 6.13913825 6.21043525 2.770845 2.75141 2.79002225 "Sul" 8 "Srxn1"
"Srxn1_4.10" 9 "Simu4" 3.5 3.5 1.23139124989544 1.7296544676869 0.859011760940951 0.448764655016305 7.83562550989815 1.1323070969107 5.4829 5.45132975 5.51294 7.542945 7.50062975 7.583443 3.346255 3.32387 3.36827275 "Sul" 9 "Srxn1"
"Srxn1_4.11" 10 "Simu4" 3.5 3.5 1.18034034059087 1.66290274412344 0.780505567699513 0.446977728632942 8.82282982953502 1.30042236116117 6.49886 6.463248 6.532731 8.96567 8.91796625 9.011191 4.06902 4.0433695 4.09388225 "Sul" 10 "Srxn1"
"Srxn1_4.12" 11 "Simu4" 3.5 3.5 1.08097891791081 1.50674925844098 0.692578707850707 0.408369705476092 9.7765824547864 1.5121262618298 7.500035 7.46037925 7.5374 10.3721 10.3193 10.4220025 4.74211 4.7138495 4.76963125 "Sul" 11 "Srxn1"
"Srxn1_4.13" 12 "Simu4" 3.5 3.5 1.03426631624094 1.41246776467077 0.629747071319754 0.392023456899066 10.1577069893489 1.46430101907202 8.430795 8.38775925 8.47128225 11.66335 11.6065975 11.7172 5.347025 5.31631 5.376852 "Sul" 12 "Srxn1"
"Srxn1_4.14" 13 "Simu4" 3.5 3.5 0.948244857391241 1.2900291940498 0.606251820086852 0.34188873475575 10.6354224441187 1.24525704827806 9.33197 9.2864985 9.37567025 12.8844 12.8239975 12.942 5.900645 5.8679945 5.932674 "Sul" 13 "Srxn1"
"Srxn1_4.15" 14 "Simu4" 3.5 3.5 0.886905460417075 1.20285550373199 0.563499777295986 0.319743062716484 10.9323364482889 0.976553672570705 10.1581 10.110095 10.2037 13.9985 13.935295 14.0590075 6.43713 6.40235 6.47151125 "Sul" 14 "Srxn1"
"Srxn1_4.16" 15 "Simu4" 3.5 3.5 0.808160365512155 1.10526987163781 0.510996500704482 0.297136689195839 11.5199463228448 1.1589194621347 10.9286 10.8782975 10.9765 15.0331 14.9672975 15.0964025 6.93391 6.89749975 6.97005275 "Sul" 15 "Srxn1"
"Srxn1_4.17" 16 "Simu4" 3.5 3.5 0.765547527106899 1.04341985322238 0.45958227688795 0.292930859032518 11.8361078290436 1.19387681090819 11.6207 11.5690975 11.6702025 15.9712 15.9029975 16.0359 7.379015 7.340758 7.4166745 "Sul" 16 "Srxn1"
"Srxn1_4.18" 17 "Simu4" 3.5 3.5 0.741193361875304 1.01348482304939 0.435213112069609 0.290604101467046 12.027153888303 1.3378510323236 12.2703 12.2162975 12.3209 16.8461 16.7757975 16.912 7.770865 7.7313785 7.8097215 "Sul" 17 "Srxn1"
"Srxn1_4.19" 18 "Simu4" 3.5 3.5 0.699763928098381 0.957270775274397 0.415737436606497 0.271738951703985 12.2766107713826 1.38649421562143 12.8928 12.8375975 12.9451025 17.68845 17.6168 17.756505 8.13579 8.09542975 8.1765605 "Sul" 18 "Srxn1"
"Srxn1_4.20" 19 "Simu4" 3.5 3.5 0.62996307704776 0.8880122246288 0.357855948313952 0.265357569054616 12.4669029414704 1.37760452337892 13.4695 13.4131 13.5235025 18.469 18.3951 18.5382025 8.478935 8.43728475 8.520584 "Sul" 19 "Srxn1"
"Srxn1_4.21" 20 "Simu4" 3.5 3.5 0.621708197558626 0.908427213673242 0.354450748054275 0.277500532515011 12.7208758034092 1.25842768665096 13.9675 13.9095975 14.023 19.1708 19.0947 19.24281 8.74332 8.70271975 8.78428375 "Sul" 20 "Srxn1"
"Srxn1_4.22" 21 "Simu4" 3.5 3.5 0.568338356608494 0.832947225771719 0.291507165138028 0.270926878856068 12.7781221378448 1.48100610736582 14.45385 14.3942975 14.5107025 19.8917 19.8127925 19.9658075 8.95683 8.918267 8.995771 "Sul" 21 "Srxn1"
"Srxn1_4.23" 22 "Simu4" 3.5 3.5 0.556901054835245 0.846429128835191 0.272723273268529 0.286890347344956 13.0495981827437 1.76950382143157 14.8725 14.8122 14.9297 20.5238 20.4426975 20.6011 8.89474 8.85331975 8.934892 "Sul" 22 "Srxn1"
"Srxn1_4.24" 23 "Simu4" 3.5 3.5 0.49845238100375 0.735664907143453 0.245621494958418 0.245394756119796 12.9679329757295 1.65255131258741 15.257 15.1987975 15.312 21.1654 21.0818 21.2457 8.78387 8.7438285 8.82334575 "Sul" 23 "Srxn1"
"Srxn1_4.25" 24 "Simu4" 3.5 3.5 0.465348325103728 0.705320232502348 0.186514082720793 0.261577265971481 13.1275444645505 1.76073262580863 15.4109 15.3615925 15.4576025 21.6691 21.5847975 21.7498125 8.6676 8.63028825 8.70566125 "Sul" 24 "Srxn1"
"Srxn1_4.26" 25 "Simu4" 3.5 3.5 0.43623643218486 0.679201138068822 0.185297901811562 0.247048149363821 13.0808521613052 1.93868629469395 15.2966 15.2384 15.3512025 22.088 22.011995 22.1599 8.5524 8.51703825 8.58883175 "Sul" 25 "Srxn1"
"Srxn1_4.27" 26 "Simu4" 3.5 3.5 0.414066803988636 0.648123599238793 0.141871211535194 0.255272003758704 13.102629226344 2.22706858185747 15.0909 15.0355975 15.1452025 22.294 22.2339975 22.3508025 8.43914 8.4047075 8.474901 "Sul" 26 "Srxn1"
"Srxn1_4.28" 27 "Simu4" 3.5 3.5 0.380284426994957 0.65053293413421 0.0879627405317447 0.281933901148087 12.8360648549863 2.28489473318226 14.8752 14.8254 14.9266025 22.1577 22.0806 22.2297025 8.32763 8.29371875 8.3633455 "Sul" 27 "Srxn1"
"Srxn1_4.29" 28 "Simu4" 3.5 3.5 0.346541784987494 0.58714995631557 0.0714478520716935 0.259574875314628 12.7878384167522 2.37176118573751 14.6615 14.6147 14.709405 21.88825 21.806795 21.9698 8.218215 8.1838595 8.2538405 "Sul" 28 "Srxn1"
"Srxn1_4.30" 29 "Simu4" 3.5 3.5 0.332102350421674 0.552628350341896 0.0799190402224714 0.237939408125199 12.6659674917091 2.46553085258146 14.4509 14.4061 14.4965025 21.56735 21.491595 21.6428 8.11053 8.0748895 8.1467425 "Sul" 29 "Srxn1"
"Srxn1_4.31" 30 "Simu4" 3.5 3.5 0.321043909685716 0.53958191088538 0.0700133629147978 0.236464541631669 12.5393403726958 2.48939333696648 14.2438 14.1998 14.2879025 21.2472 21.1767975 21.3175025 8.004265 7.96729775 8.041693 "Sul" 30 "Srxn1"
"Srxn1_4.32" 31 "Simu4" 3.5 3.5 0.317232156393078 0.55983396138182 0.060705215695154 0.24985557477486 12.2771004088455 2.55681155559753 14.0402 13.995095 14.0832 20.9319 20.8660975 20.9984025 7.900115 7.86096625 7.93826225 "Sul" 31 "Srxn1"
"Srxn1_4.33" 32 "Simu4" 3.5 3.5 0.294682125812998 0.5097289980447 0.0657585110435698 0.22231030412376 12.1348162138907 2.54582726529279 13.8394 13.7936975 13.882805 20.6211 20.5571925 20.6847025 7.797535 7.7561495 7.83762175 "Sul" 32 "Srxn1"
"Srxn1_5.1" 0 "Simu5" 7.54 7.54 0 0 0 0 0 0 0 0 0 0 0 0 0 0 0 "Sul" 0 "Srxn1"
"Srxn1_5.2" 1 "Simu5" 7.54 7.54 0.181127519228745 0.309400957185379 0 0.161330107255733 0.00876622430182224 0.0151835458813011 0.0231879 0.0211505925 0.0254426 0.0231879 0.0211505925 0.0254426 0.0231879 0.0211505925 0.0254426 "Sul" 1 "Srxn1"
"Srxn1_5.3" 2 "Simu5" 7.54 7.54 1.03766135547027 1.38623902713457 0.596690575204798 0.402801507412664 0.0114460168793979 0.0198250827794081 0.090205 0.0847173125 0.102912725 0.121134 0.114543925 0.142064525 0.04601025 0.0419753725 0.0504742125 "Sul" 2 "Srxn1"
"Srxn1_5.4" 3 "Simu5" 7.54 7.54 1.31598156964536 1.82783859799688 0.706632318630206 0.566925418668752 0.0372054116406154 0.032948049909921 0.4840875 0.476795975 0.497152275 0.6397895 0.6312528 0.661104275 0.2819135 0.276271975 0.288291525 "Sul" 3 "Srxn1"
"Srxn1_5.5" 4 "Simu5" 7.54 7.54 1.66675038082709 2.31106775341831 0.959009338716034 0.678256891290703 0.251940970753022 0.0428466693769557 1.11747 1.10694 1.1314515 1.51231 1.49905975 1.533541 0.6316725 0.62395425 0.6402316 "Sul" 4 "Srxn1"
"Srxn1_5.6" 5 "Simu5" 7.54 7.54 1.82016594108308 2.56743882542255 1.12444721306614 0.722875903325277 1.33124241809203 0.167563723789168 2.065515 2.0499695 2.08267 2.81974 2.79971 2.844571 1.18587 1.17532925 1.1971405 "Sul" 5 "Srxn1"
"Srxn1_5.7" 6 "Simu5" 7.54 7.54 1.78552815026308 2.49255979759658 1.19833349698906 0.655382413675376 3.26780338269092 0.236096954895258 3.23505 3.213278 3.25727 4.46345 4.43454925 4.49497175 1.917345 1.90283 1.931691 "Sul" 6 "Srxn1"
"Srxn1_5.8" 7 "Simu5" 7.54 7.54 1.70362291432845 2.41394355070278 1.09954831142741 0.663607471310446 5.39193054993815 0.326635197965999 4.49085 4.4628185 4.51803075 6.209975 6.17246 6.24847225 2.77023 2.75110975 2.78852025 "Sul" 7 "Srxn1"
"Srxn1_5.9" 8 "Simu5" 7.54 7.54 1.66727492470587 2.3922074344912 1.06535967456729 0.671923492022731 7.39748912350909 0.344740868634398 5.771895 5.73771925 5.80458025 8.01965 7.9734995 8.06633225 3.606065 3.5830595 3.62803075 "Sul" 8 "Srxn1"
"Srxn1_5.10" 9 "Simu5" 7.54 7.54 1.75599478456322 2.42732275069374 1.35043792925844 0.58557317405393 9.35459344513914 0.757484828243005 7.091455 7.051518 7.1295415 9.90986 9.855499 9.96326225 4.457555 4.4306985 4.48286025 "Sul" 9 "Srxn1"
"Srxn1_5.11" 10 "Simu5" 7.54 7.54 1.65247068383212 2.28375977775476 1.27231232537644 0.550505651154268 11.0028328034717 1.21979966947651 8.5443 8.49870425 8.5877 11.9097 11.848 11.97 5.594825 5.56277725 5.62490075 "Sul" 10 "Srxn1"
"Srxn1_5.12" 11 "Simu5" 7.54 7.54 1.52468953092229 2.17590925550208 1.13732855434841 0.567343412208727 12.4855562410859 1.29790539399185 9.947315 9.896318 9.99530925 13.8413 13.772895 13.9080025 6.694985 6.658592 6.7293105 "Sul" 11 "Srxn1"
"Srxn1_5.13" 12 "Simu5" 7.54 7.54 1.48764934841598 1.97891513281304 1.17423564923559 0.430814102583184 13.5963183594052 1.34311582613352 11.2625 11.2072 11.3144 15.71625 15.6413975 15.7883025 7.691825 7.65162875 7.72963125 "Sul" 12 "Srxn1"
"Srxn1_5.14" 13 "Simu5" 7.54 7.54 1.39747251730485 1.84812987384206 1.07020017788604 0.403375197303375 14.5239612758525 1.39594604868401 12.5648 12.5059975 12.6213 17.4308 17.3509975 17.5071 8.74235 8.6981795 8.78395075 "Sul" 13 "Srxn1"
"Srxn1_5.15" 14 "Simu5" 7.54 7.54 1.30101718788641 1.73411589802678 0.976173810260431 0.39039526747292 15.2976413624516 1.5609325856494 13.79185 13.7291 13.8516025 19.0353 18.9509 19.1157025 9.70099 9.653539 9.74546525 "Sul" 14 "Srxn1"
"Srxn1_5.16" 15 "Simu5" 7.54 7.54 1.23562520137175 1.63124903881016 0.936219664664597 0.357365259612626 16.0766540319223 1.53320048964584 14.9306 14.8653925 14.9933 20.5367 20.4485 20.620405 10.5704 10.5208925 10.6174 "Sul" 15 "Srxn1"
"Srxn1_5.17" 16 "Simu5" 7.54 7.54 1.13859384486923 1.57351589637824 0.798813104279322 0.396017683701146 17.1092321611151 1.82543513029145 16.0077 15.9393975 16.0726075 21.93885 21.8475975 22.0252075 11.40215 11.3505 11.4525025 "Sul" 16 "Srxn1"
"Srxn1_5.18" 17 "Simu5" 7.54 7.54 1.08703372239717 1.4103434073685 0.811355049874658 0.302321514473365 17.42437879363 1.80078537850127 16.98395 16.913895 17.0507025 23.28385 23.1892975 23.373315 12.0899 12.0363975 12.142305 "Sul" 17 "Srxn1"
"Srxn1_5.19" 18 "Simu5" 7.54 7.54 1.04312648810403 1.43703300026548 0.753808376529579 0.353416216058032 18.2574616153661 2.51527690466081 17.9042 17.832295 17.9723025 24.45225 24.3553 24.5434 12.7908 12.7353925 12.845 "Sul" 18 "Srxn1"
"Srxn1_5.20" 19 "Simu5" 7.54 7.54 1.02909964976913 1.42279367855948 0.773231260913047 0.346019889416976 19.002702988945 2.6163029773816 18.775 18.7012 18.845405 25.6483 25.5475975 25.7426025 13.4283 13.3707975 13.4842025 "Sul" 19 "Srxn1"
"Srxn1_5.21" 20 "Simu5" 7.54 7.54 1.00786909116763 1.3495003187646 0.782229066565232 0.300898052124066 19.6183012481637 2.99645018590874 19.62715 19.55 19.6999025 26.82455 26.72099 26.9223 14.0843 14.0252 14.1417025 "Sul" 20 "Srxn1"
"Srxn1_5.22" 21 "Simu5" 7.54 7.54 0.938697531933416 1.31189520256096 0.700492844017274 0.327292743647317 20.1483400460546 3.74693732535032 20.4518 20.372195 20.527405 27.9138 27.805895 28.0144 14.7461 14.6847975 14.8057025 "Sul" 21 "Srxn1"
"Srxn1_5.23" 22 "Simu5" 7.54 7.54 0.913936994766224 1.23946548040669 0.693773348562582 0.287699996057179 20.318434168532 3.80945727882537 21.1932 21.11109 21.2716 28.9536 28.841795 29.0592 15.31135 15.2484 15.3726 "Sul" 22 "Srxn1"
"Srxn1_5.24" 23 "Simu5" 7.54 7.54 0.867852155942716 1.17158535544255 0.671870475937733 0.266714327820454 20.9404742930476 4.14460813011594 21.9009 21.8158975 21.982905 29.9028 29.7881 30.0135025 15.8628 15.7983975 15.9255 "Sul" 23 "Srxn1"
"Srxn1_5.25" 24 "Simu5" 7.54 7.54 0.821482334724632 1.1302227559003 0.608852877173815 0.273650553822735 21.3125080117301 4.55372234489224 22.5487 22.4605 22.6334025 30.76805 30.6500825 30.8835075 16.3679 16.3050975 16.4293075 "Sul" 24 "Srxn1"
"Srxn1_5.26" 25 "Simu5" 7.54 7.54 0.78731472390255 1.12750762871244 0.563981279356083 0.299387018246484 21.640663150857 4.81777487592957 23.1243 23.0361925 23.2087 31.5767 31.4549 31.6973 16.659 16.6053975 16.7109 "Sul" 25 "Srxn1"
"Srxn1_5.27" 26 "Simu5" 7.54 7.54 0.766544966445884 1.07525489242494 0.564729998252909 0.271530506375262 21.8332726458952 5.08139857061571 23.5845 23.509795 23.6554025 32.37215 32.2455975 32.49851 16.5989 16.5268 16.6648 "Sul" 26 "Srxn1"
"Srxn1_5.28" 27 "Simu5" 7.54 7.54 0.741711122533362 1.05182680862087 0.553454382104598 0.27061221490488 22.0063971717268 5.04249227882882 23.7895 23.7215975 23.8522 33.0766 32.950195 33.2013 16.4133 16.336095 16.4874 "Sul" 27 "Srxn1"
"Srxn1_5.29" 28 "Simu5" 7.54 7.54 0.705615530050393 0.97839566071285 0.514705935623014 0.242444073584067 22.1988505396296 5.44695839487779 23.63925 23.5417925 23.7319 33.6502 33.5436975 33.74871 16.1857 16.1128975 16.257 "Sul" 28 "Srxn1"
"Srxn1_5.30" 29 "Simu5" 7.54 7.54 0.672458229180926 0.952853287167565 0.481011843884212 0.248178336443583 22.5101737179197 5.53377482707073 23.3206 23.223495 23.4145025 33.714 33.6315975 33.7922 15.95215 15.8851 16.0178025 "Sul" 29 "Srxn1"
"Srxn1_5.31" 30 "Simu5" 7.54 7.54 0.643610257093908 0.97459208748524 0.459765738266592 0.287225667034067 22.5309417636227 5.89803849311426 22.97665 22.8880875 23.0646025 33.38455 33.2826975 33.4849025 15.7211 15.6582975 15.7814 "Sul" 30 "Srxn1"
"Srxn1_5.32" 31 "Simu5" 7.54 7.54 0.613326962709742 0.89171585886015 0.438630319240778 0.243691791003839 22.3268002614377 5.85344360486416 22.6341 22.5528 22.713705 32.9381 32.8327 33.0456025 15.4931 15.4360975 15.5503025 "Sul" 31 "Srxn1"
"Srxn1_5.33" 32 "Simu5" 7.54 7.54 0.600202483532374 0.87837652549326 0.424097597862246 0.243733297934087 22.5796592170159 6.42412409291327 22.2962 22.2220975 22.3706025 32.4416 32.3450975 32.54231 15.2689 15.2159 15.3233 "Sul" 32 "Srxn1"
"Srxn1_6.1" 0 "Simu6" 16.25 16.25 0 0 0 0 0 0 0 0 0 0 0 0 0 0 0 "Sul" 0 "Srxn1"
"Srxn1_6.2" 1 "Simu6" 16.25 16.25 0.317544497735514 0.492577339129185 0.192109964080086 0.156253495849204 0 0 0.0231879 0.0211505925 0.0254426 0.0231879 0.0211505925 0.0254426 0.0231879 0.0211505925 0.0254426 "Sul" 1 "Srxn1"
"Srxn1_6.3" 2 "Simu6" 16.25 16.25 1.15754792223202 1.25769610305897 1.10551980941793 0.0867528777375841 0.00125827185080653 0.00217939077533063 0.1233135 0.116640875 0.144819375 0.165755 0.157339 0.198733425 0.09284555 0.0872744875 0.106296125 "Sul" 2 "Srxn1"
"Srxn1_6.4" 3 "Simu6" 16.25 16.25 1.47917996806132 1.79364073692383 1.13369541674248 0.331064665459394 0.0188410256596117 0.0249030382546996 0.559888 0.551417675 0.581788125 0.6376265 0.62748095 0.671191375 0.511186 0.5037937 0.525014025 "Sul" 3 "Srxn1"
"Srxn1_6.5" 4 "Simu6" 16.25 16.25 2.01754334011397 2.48675809685304 1.52386479686196 0.481912579655111 0.213441945478212 0.113260790602575 1.26917 1.25700975 1.290901 1.49418 1.47995975 1.52777075 1.05839 1.04809975 1.072703 "Sul" 4 "Srxn1"
"Srxn1_6.6" 5 "Simu6" 16.25 16.25 2.48714084415174 2.90214771966291 2.19631489495523 0.36893857341566 1.17908497944175 0.4199338118209 2.41405 2.39594975 2.4379305 2.90221 2.880439 2.9361225 1.92627 1.9113795 1.94339075 "Sul" 5 "Srxn1"
"Srxn1_6.7" 6 "Simu6" 16.25 16.25 2.71578277267368 3.19456556162056 2.45297282300879 0.415298865843705 3.07448789680025 0.762290413790072 4.01225 3.98572 4.04211025 4.763095 4.73137925 4.80089125 3.34267 3.320189 3.3656015 "Sul" 6 "Srxn1"
"Srxn1_6.8" 7 "Simu6" 16.25 16.25 2.65678125108458 3.04865316847245 2.39887089638169 0.344983369872537 5.338560721784 0.88706826168117 5.92718 5.8910895 5.96439025 7.012265 6.9697295 7.0592615 5.07817 5.0472695 5.10861075 "Sul" 7 "Srxn1"
"Srxn1_6.9" 8 "Simu6" 16.25 16.25 2.53006990384602 2.95821291618052 2.27607368022457 0.372926014541687 7.7073721929125 1.04607581683482 7.931875 7.8864395 7.97764 9.307225 9.25429925 9.363255 6.89421 6.8542995 6.93242125 "Sul" 8 "Srxn1"
"Srxn1_6.10" 9 "Simu6" 16.25 16.25 2.64784036142754 3.1709018467955 2.24754275912403 0.473762840918496 9.82994973124788 1.05851271921502 9.93883 9.88444975 9.99247125 11.6508 11.5875975 11.7152025 8.705155 8.657609 8.75022075 "Sul" 9 "Srxn1"
"Srxn1_6.11" 10 "Simu6" 16.25 16.25 2.5247125264676 3.13100448669298 2.09405447547177 0.540325627743457 12.0318429136675 1.3616846391653 12.1334 12.0707975 12.1948 14.28 14.2060975 14.3529 10.5663 10.5113975 10.6186 "Sul" 10 "Srxn1"
"Srxn1_6.12" 11 "Simu6" 16.25 16.25 2.34857839273537 2.89453116704044 2.01015669833664 0.477316888522813 14.3512955006873 1.51184542233553 14.2836 14.213695 14.3517 16.95525 16.8713 17.0367 12.34425 12.2829975 12.4028025 "Sul" 11 "Srxn1"
"Srxn1_6.13" 12 "Simu6" 16.25 16.25 2.22625981798233 2.66885457491756 1.89353711920059 0.399165618706096 16.207893691237 1.57321317662212 16.317 16.2396875 16.3908 19.4676 19.3752975 19.55701 14.0843 14.0168 14.1478025 "Sul" 12 "Srxn1"
"Srxn1_6.14" 13 "Simu6" 16.25 16.25 2.14121039214023 2.50406477134264 1.86216330361629 0.329054889107365 18.1976938908607 1.45447159077132 18.2651 18.181995 18.3445075 21.8022 21.7024975 21.8974125 15.7411 15.668595 15.8098025 "Sul" 13 "Srxn1"
"Srxn1_6.15" 14 "Simu6" 16.25 16.25 2.04927613766421 2.38710152306405 1.78274444858084 0.308421727056192 19.8692891486424 1.36380866233224 20.1522 20.0635975 20.2362075 23.9994 23.894295 24.0992025 17.3867 17.3097 17.4605025 "Sul" 14 "Srxn1"
"Srxn1_6.16" 15 "Simu6" 16.25 16.25 1.95722563297254 2.25906981965738 1.74762002957042 0.26791078576553 21.5331613322291 1.62450831080581 21.9607 21.8676 22.0492075 26.09545 25.98559 26.2006075 18.9653 18.8843925 19.042205 "Sul" 15 "Srxn1"
"Srxn1_6.17" 16 "Simu6" 16.25 16.25 1.90803050353851 2.25940400784597 1.62822650003704 0.32161764049129 22.6144258924514 1.67824193650274 23.6823 23.5852975 23.7744025 28.0686 27.9535 28.1781125 20.5148 20.430795 20.5955075 "Sul" 16 "Srxn1"
"Srxn1_6.18" 17 "Simu6" 16.25 16.25 1.81634590901746 2.15894392608256 1.57839568849459 0.304092806610881 24.0093512152743 1.40182503566556 25.3555 25.254395 25.4518025 30.04645 29.927095 30.1612025 21.9401 21.853 22.024805 "Sul" 17 "Srxn1"
"Srxn1_6.19" 18 "Simu6" 16.25 16.25 1.7510696752414 2.05313746342178 1.48458495348108 0.285941611350739 25.2604805196321 1.28670141088272 26.92875 26.8238975 27.0284025 31.9155 31.7911 32.0334025 23.3112 23.220395 23.3979125 "Sul" 18 "Srxn1"
"Srxn1_6.20" 19 "Simu6" 16.25 16.25 1.67022314395321 1.96496478557457 1.43280729457003 0.270670618371964 26.0390637085978 0.865255609681267 28.4279 28.3194925 28.5307075 33.6656 33.5374975 33.78582 24.5776 24.4831975 24.6675 "Sul" 19 "Srxn1"
"Srxn1_6.21" 20 "Simu6" 16.25 16.25 1.64354671587426 1.88953058311904 1.42742467527254 0.232495729067233 26.8305301161468 0.509278268516137 29.8326 29.719195 29.9389025 35.31125 35.1771975 35.4359025 25.7822 25.684395 25.8757025 "Sul" 20 "Srxn1"
"Srxn1_6.22" 21 "Simu6" 16.25 16.25 1.61884703543953 1.91505907303264 1.38928173744515 0.269150130185234 27.7823009607079 0.349092024330905 31.2006 31.08319 31.3114075 36.86515 36.726395 36.9946 26.9734 26.87149 27.07132 "Sul" 21 "Srxn1"
"Srxn1_6.23" 22 "Simu6" 16.25 16.25 1.57456840090956 1.85384187522239 1.31766558882558 0.26878725308315 28.3644978183344 0.728432667938816 32.5311 32.4088975 32.64811 38.4365 38.2927975 38.57391 28.11475 28.008895 28.216 "Sul" 22 "Srxn1"
"Srxn1_6.24" 23 "Simu6" 16.25 16.25 1.59932150355066 1.8805099146127 1.42340643653991 0.246064534507445 29.637349533878 1.08191983024891 33.8016 33.6748975 33.9245 39.92645 39.7769775 40.0719 29.16645 29.0565975 29.2725075 "Sul" 23 "Srxn1"
"Srxn1_6.25" 24 "Simu6" 16.25 16.25 1.53374180614864 1.85795942696276 1.27205551144719 0.297915213799456 30.4393770620466 1.89421459601628 35.087 34.95629 35.2162025 41.4338 41.2786925 41.5858025 30.3271 30.2128 30.4386025 "Sul" 24 "Srxn1"
"Srxn1_6.26" 25 "Simu6" 16.25 16.25 1.53631086348468 1.84769238031755 1.31861144277048 0.27670184489593 31.222567849306 2.45835436323954 36.28715 36.151495 36.4215 42.9 42.7380975 43.060705 31.3047 31.1858925 31.4207025 "Sul" 25 "Srxn1"
"Srxn1_6.27" 26 "Simu6" 16.25 16.25 1.54711297393565 1.85365832172338 1.32858277091604 0.273379009427062 32.0139360558126 3.40594255139075 37.4753 37.3344925 37.6169025 44.33945 44.1712925 44.5080025 32.325 32.202185 32.446 "Sul" 26 "Srxn1"
"Srxn1_6.28" 27 "Simu6" 16.25 16.25 1.4806450026472 1.81345591072663 1.24718403031451 0.29592020535278 32.7056424405588 3.72639543973 38.6629 38.514 38.8112 45.76865 45.5932875 45.9471 33.3424 33.2143925 33.4687025 "Sul" 27 "Srxn1"
"Srxn1_6.29" 28 "Simu6" 16.25 16.25 1.43803315682238 1.76514352181752 1.18051183540158 0.298463613242184 33.4233497491475 4.08078756928751 39.7545 39.5993 39.9095075 47.1335 46.9500975 47.32152 34.2277 34.0992975 34.3525025 "Sul" 28 "Srxn1"
"Srxn1_6.30" 29 "Simu6" 16.25 16.25 1.40203845252412 1.76092309414138 1.11011641849663 0.330530369826068 34.2799886154374 4.19267337648317 40.7534 40.598495 40.905305 48.4208 48.2291 48.6183125 34.8736 34.7723975 34.969105 "Sul" 29 "Srxn1"
"Srxn1_6.31" 30 "Simu6" 16.25 16.25 1.3684567255305 1.7311352568356 1.09893410064922 0.326233187531684 35.3246334073698 5.23373763447391 41.5569 41.429695 41.6761025 49.6663 49.47099 49.8661025 34.93275 34.8255 35.0310025 "Sul" 30 "Srxn1"
"Srxn1_6.32" 31 "Simu6" 16.25 16.25 1.33039730743297 1.73312671680501 1.11527196537822 0.34904525211018 36.0773968596347 5.54886757697103 41.86855 41.747285 41.978805 50.7622 50.581695 50.931105 34.6023 34.463695 34.7398025 "Sul" 31 "Srxn1"
"Srxn1_6.33" 32 "Simu6" 16.25 16.25 1.30142880659731 1.70283028644528 1.05767884043426 0.350279312689016 37.1128842973912 5.70863232138955 41.5672 41.3898975 41.7406025 51.5293 51.40069 51.6541 34.1354 33.995985 34.2841025 "Sul" 32 "Srxn1"
