"medianM" "LCLM" "UCLM" "medianH" "LCLH" "UCLH" "medianL" "LCLL" "UCLL" "Simulation" "Chemical" "Times" "variables"
"Srxn1_1.1" 0 0 0 0 0 0 0 0 0 "Sim1" "Sulf" 0 "Srxn1"
"Srxn1_1.2" 0.02318315 0.021147395 0.025441205 0.02318315 0.021147395 0.025441205 0.02318315 0.021147395 0.025441205 "Sim1" "Sulf" 1 "Srxn1"
"Srxn1_1.3" 0.0518574 0.0478256525 0.05625381 0.0568631 0.05255155 0.0618898325 0.04599495 0.04196027 0.050473 "Sim1" "Sulf" 2 "Srxn1"
"Srxn1_1.4" 0.1397425 0.133858975 0.14616 0.194043 0.188031975 0.20081025 0.068442 0.0624569475 0.0750939 "Sim1" "Sulf" 3 "Srxn1"
"Srxn1_1.5" 0.26097 0.253353 0.26940405 0.4020025 0.394319 0.41073205 0.0905382 0.0826158725 0.0993111575 "Sim1" "Sulf" 4 "Srxn1"
"Srxn1_1.6" 0.404041 0.394717675 0.414532 0.658982 0.649467925 0.66966725 0.112283 0.102453825 0.123136 "Sim1" "Sulf" 5 "Srxn1"
"Srxn1_1.7" 0.555778 0.544768875 0.568297375 0.9326625 0.921220975 0.94538505 0.133672 0.121972 0.14657805 "Sim1" "Sulf" 6 "Srxn1"
"Srxn1_1.8" 0.7027775 0.690013875 0.717295125 1.22633 1.2129 1.24119 0.154727 0.141178 0.169634125 "Sim1" "Sulf" 7 "Srxn1"
"Srxn1_1.9" 0.850197 0.835674975 0.8666771 1.51158 1.49623 1.52851025 0.17544 0.160081 0.19232105 "Sim1" "Sulf" 8 "Srxn1"
"Srxn1_1.10" 1.00607 0.9898778 1.0245 1.82303 1.80576925 1.84220025 0.195808 0.178672975 0.214631075 "Sim1" "Sulf" 9 "Srxn1"
"Srxn1_1.11" 1.15611 1.13819 1.17643 2.13871 2.11956 2.16006 0.2158575 0.197001 0.23658025 "Sim1" "Sulf" 10 "Srxn1"
"Srxn1_1.12" 1.32475 1.30513975 1.3469505 2.50952 2.48835 2.53306025 0.235594 0.2150349 0.25819365 "Sim1" "Sulf" 11 "Srxn1"
"Srxn1_1.13" 1.49099 1.46972975 1.51508 2.89135 2.86826 2.91709 0.255024 0.2327908 0.279465275 "Sim1" "Sulf" 12 "Srxn1"
"Srxn1_1.14" 1.6604 1.6375695 1.68623 3.27439 3.24932975 3.30226025 0.27414 0.25024395 0.300365825 "Sim1" "Sulf" 13 "Srxn1"
"Srxn1_1.15" 1.809495 1.78540975 1.8368 3.62358 3.59685925 3.65361 0.292964 0.267446 0.3209483 "Sim1" "Sulf" 14 "Srxn1"
"Srxn1_1.16" 1.930635 1.90597975 1.9585705 3.95581 3.92748 3.98784025 0.3114665 0.284393775 0.341188 "Sim1" "Sulf" 15 "Srxn1"
"Srxn1_1.17" 1.98256 1.95231975 2.01503075 4.241315 4.21143 4.27498025 0.32967 0.301041 0.361079 "Sim1" "Sulf" 16 "Srxn1"
"Srxn1_1.18" 1.97844 1.94731975 2.01239 4.51158 4.48052925 4.5465805 0.347596 0.317421 0.380673 "Sim1" "Sulf" 17 "Srxn1"
"Srxn1_1.19" 1.971715 1.940268 2.00632025 4.748985 4.71713975 4.784621 0.365245 0.333549775 0.399968525 "Sim1" "Sulf" 18 "Srxn1"
"Srxn1_1.20" 1.964075 1.93208 1.99914075 5.00073 4.96840975 5.03651 0.3826145 0.349411825 0.418934025 "Sim1" "Sulf" 19 "Srxn1"
"Srxn1_1.21" 1.95598 1.92366975 1.99168025 5.15229 5.11145825 5.19172075 0.399727 0.365017825 0.437649 "Sim1" "Sulf" 20 "Srxn1"
"Srxn1_1.22" 1.94788 1.91512 1.98433025 5.21478 5.15517975 5.2720405 0.4165315 0.380383 0.456092 "Sim1" "Sulf" 21 "Srxn1"
"Srxn1_1.23" 1.93998 1.90669975 1.97756025 5.15645 5.0989595 5.21209025 0.433087 0.395515 0.4742272 "Sim1" "Sulf" 22 "Srxn1"
"Srxn1_1.24" 1.93213 1.89823 1.97074075 5.097565 5.04228925 5.15126075 0.4493965 0.410445 0.49204445 "Sim1" "Sulf" 23 "Srxn1"
"Srxn1_1.25" 1.92448 1.8900895 1.9641 5.03955 4.98660925 5.09145 0.465424 0.425145725 0.5095465 "Sim1" "Sulf" 24 "Srxn1"
"Srxn1_1.26" 1.91705 1.88179 1.9576205 4.98242 4.9313995 5.03339025 0.481145 0.439596 0.526755625 "Sim1" "Sulf" 25 "Srxn1"
"Srxn1_1.27" 1.909645 1.87384925 1.95117025 4.94173 4.88858 4.99601 0.496643 0.4538289 0.543736075 "Sim1" "Sulf" 26 "Srxn1"
"Srxn1_1.28" 1.90236 1.86575975 1.94466 4.886105 4.8343195 4.9394205 0.5118745 0.467820675 0.5603 "Sim1" "Sulf" 27 "Srxn1"
"Srxn1_1.29" 1.8952 1.85763 1.93885 4.831285 4.78104875 4.88387075 0.5268605 0.481517175 0.57662525 "Sim1" "Sulf" 28 "Srxn1"
"Srxn1_1.30" 1.888225 1.84973 1.9328405 4.77726 4.7284495 4.829141 0.541667 0.49505485 0.592725 "Sim1" "Sulf" 29 "Srxn1"
"Srxn1_1.31" 1.88133 1.8418495 1.92686 4.72416 4.67656975 4.7755305 0.556251 0.508488325 0.608591075 "Sim1" "Sulf" 30 "Srxn1"
"Srxn1_1.32" 1.874605 1.8340695 1.92098025 4.671925 4.62522 4.72299025 0.570573 0.52161435 0.62423205 "Sim1" "Sulf" 31 "Srxn1"
"Srxn1_1.33" 1.867945 1.82625925 1.91525 4.620565 4.5741995 4.67112 0.584668 0.534509975 0.639656 "Sim1" "Sulf" 32 "Srxn1"
"Srxn1_1.34" 1.8614 1.818709 1.90962125 4.569995 4.52418975 4.620112 0.59851 0.547185 0.654908 "Sim1" "Sulf" 33 "Srxn1"
"Srxn1_1.35" 1.854965 1.81098975 1.90430025 4.52031 4.474709 4.5700105 0.612169 0.559682975 0.669922 "Sim1" "Sulf" 34 "Srxn1"
"Srxn1_1.36" 1.8486 1.80353 1.89888025 4.47145 4.4257695 4.52096075 0.625572 0.571966 0.684645 "Sim1" "Sulf" 35 "Srxn1"
"Srxn1_1.37" 1.84235 1.79624 1.8937305 4.423285 4.37772 4.4729005 0.638829 0.584062 0.69895725 "Sim1" "Sulf" 36 "Srxn1"
"Srxn1_1.38" 1.836135 1.78897 1.888661 4.37597 4.33015925 4.42593075 0.6518045 0.59596395 0.713075 "Sim1" "Sulf" 37 "Srxn1"
"Srxn1_1.39" 1.83 1.78186 1.88378125 4.329305 4.2831195 4.37979025 0.664576 0.607694575 0.727053 "Sim1" "Sulf" 38 "Srxn1"
"Srxn1_1.40" 1.824055 1.77481975 1.8788605 4.28355 4.23654975 4.3345305 0.677156 0.619234225 0.740844 "Sim1" "Sulf" 39 "Srxn1"
"Srxn1_1.41" 1.81821 1.76784925 1.8742105 4.23845 4.19094975 4.29032 0.6895165 0.63058 0.7544085 "Sim1" "Sulf" 40 "Srxn1"
"Srxn1_1.42" 1.81241 1.76107 1.869371 4.193915 4.14579 4.2465505 0.701734 0.641747 0.767771175 "Sim1" "Sulf" 41 "Srxn1"
"Srxn1_1.43" 1.806755 1.75424 1.86475225 4.150295 4.10114925 4.203791 0.7137115 0.652726825 0.781038 "Sim1" "Sulf" 42 "Srxn1"
"Srxn1_1.44" 1.80114 1.74764975 1.86026 4.10738 4.05731975 4.16187075 0.725493 0.663506925 0.79397005 "Sim1" "Sulf" 43 "Srxn1"
"Srxn1_1.45" 1.79565 1.7411595 1.8557815 4.065105 4.0139085 4.12059025 0.7370995 0.6741457 0.8067679 "Sim1" "Sulf" 44 "Srxn1"
"Srxn1_1.46" 1.79023 1.73469 1.8514505 4.02348 3.97124 4.0798405 0.7485155 0.684604 0.81919765 "Sim1" "Sulf" 45 "Srxn1"
"Srxn1_1.47" 1.78491 1.72838 1.8470905 3.982505 3.92928925 4.03958 0.759757 0.6949198 0.831503675 "Sim1" "Sulf" 46 "Srxn1"
"Srxn1_1.48" 1.779665 1.72211925 1.84280025 3.94223 3.88796975 4.00042125 0.770784 0.70511755 0.843764 "Sim1" "Sulf" 47 "Srxn1"
"Srxn1_1.49" 1.77444 1.7160295 1.83847075 3.9026 3.84705975 3.96189075 0.781677 0.715129 0.85570835 "Sim1" "Sulf" 48 "Srxn1"
"Srxn1_2.1" 0 0 0 0 0 0 0 0 0 "Sim2" "Sulf" 0 "Srxn1"
"Srxn1_2.2" 0.02318315 0.021147395 0.025441205 0.02318315 0.021147395 0.025441205 0.02318315 0.021147395 0.025441205 "Sim2" "Sulf" 1 "Srxn1"
"Srxn1_2.3" 0.04611895 0.042110295 0.0505571675 0.0533337 0.0491889875 0.0579415225 0.04599495 0.04196027 0.050473 "Sim2" "Sulf" 2 "Srxn1"
"Srxn1_2.4" 0.218218 0.212564925 0.224622 0.2529085 0.247129 0.259369175 0.186567 0.180813975 0.19300215 "Sim2" "Sulf" 3 "Srxn1"
"Srxn1_2.5" 0.472677 0.465301975 0.481137 0.555166 0.547577925 0.56365525 0.364154 0.356731 0.372633025 "Sim2" "Sulf" 4 "Srxn1"
"Srxn1_2.6" 0.765826 0.756388925 0.77643305 0.8927635 0.883014925 0.903411 0.56981 0.560649975 0.580399025 "Sim2" "Sulf" 5 "Srxn1"
"Srxn1_2.7" 1.08826 1.07673 1.10104025 1.28443 1.27244975 1.29739025 0.764794 0.75377685 0.777368 "Sim2" "Sulf" 6 "Srxn1"
"Srxn1_2.8" 1.39095 1.37741 1.40588 1.65508 1.64093975 1.67030025 0.9772065 0.96436665 0.991845125 "Sim2" "Sulf" 7 "Srxn1"
"Srxn1_2.9" 1.68372 1.66829 1.70077 2.04184 2.02554975 2.0593105 1.17776 1.16312 1.1943705 "Sim2" "Sulf" 8 "Srxn1"
"Srxn1_2.10" 1.97497 1.9577 1.99413025 2.43303 2.41462975 2.45280025 1.38483 1.36845 1.40347 "Sim2" "Sulf" 9 "Srxn1"
"Srxn1_2.11" 2.2505 2.23146 2.2716105 2.81704 2.79658975 2.8389905 1.588315 1.57022975 1.60889 "Sim2" "Sulf" 10 "Srxn1"
"Srxn1_2.12" 2.518765 2.49808 2.54185 3.21739 3.19489975 3.24155 1.76832 1.74866 1.79072 "Sim2" "Sulf" 11 "Srxn1"
"Srxn1_2.13" 2.75896 2.73672 2.7838705 3.58318 3.55880975 3.60938025 1.91227 1.89108975 1.93625 "Sim2" "Sulf" 12 "Srxn1"
"Srxn1_2.14" 2.98561 2.9618 3.0122 3.9307 3.9047095 3.95871 2.05695 2.03439 2.08252 "Sim2" "Sulf" 13 "Srxn1"
"Srxn1_2.15" 3.22092 3.19565975 3.24931025 4.28546 4.25795975 4.31538025 2.233305 2.20933 2.26058 "Sim2" "Sulf" 14 "Srxn1"
"Srxn1_2.16" 3.43421 3.40765975 3.46431 4.58663 4.55769 4.61831025 2.37469 2.3500695 2.40277025 "Sim2" "Sulf" 15 "Srxn1"
"Srxn1_2.17" 3.5952 3.56814975 3.62551 4.84845 4.81825 4.8816005 2.37194 2.34666975 2.40046025 "Sim2" "Sulf" 16 "Srxn1"
"Srxn1_2.18" 3.76061 3.7327495 3.79084 5.1296 5.09823925 5.16425025 2.40645 2.37704925 2.43916025 "Sim2" "Sulf" 17 "Srxn1"
"Srxn1_2.19" 3.86094 3.82555975 3.89659 5.413425 5.38089975 5.44939 2.39792 2.36723875 2.43234075 "Sim2" "Sulf" 18 "Srxn1"
"Srxn1_2.20" 3.866045 3.82280875 3.90968025 5.687385 5.65451975 5.7238305 2.38341 2.3524395 2.41821025 "Sim2" "Sulf" 19 "Srxn1"
"Srxn1_2.21" 3.839745 3.79477875 3.88602 5.89935 5.86547975 5.93499 2.368565 2.33736 2.403981 "Sim2" "Sulf" 20 "Srxn1"
"Srxn1_2.22" 3.80265 3.7588795 3.84839 5.99591 5.9452785 6.04357025 2.3539 2.32233975 2.3899905 "Sim2" "Sulf" 21 "Srxn1"
"Srxn1_2.23" 3.76511 3.7226095 3.81025025 5.98828 5.925429 6.0507005 2.339565 2.30742875 2.37629 "Sim2" "Sulf" 22 "Srxn1"
"Srxn1_2.24" 3.72829 3.68655 3.77287175 5.9411 5.874459 6.00970025 2.32545 2.29271975 2.36300075 "Sim2" "Sulf" 23 "Srxn1"
"Srxn1_2.25" 3.691855 3.65072 3.73640075 5.873525 5.8088095 5.94122025 2.31157 2.27812975 2.35001075 "Sim2" "Sulf" 24 "Srxn1"
"Srxn1_2.26" 3.65607 3.6156 3.7003505 5.803835 5.74152 5.8692105 2.2979 2.2637995 2.33721 "Sim2" "Sulf" 25 "Srxn1"
"Srxn1_2.27" 3.62104 3.58093975 3.66530025 5.74939 5.6854575 5.81840075 2.2845 2.2495095 2.32476025 "Sim2" "Sulf" 26 "Srxn1"
"Srxn1_2.28" 3.58632 3.5465085 3.63067 5.68198 5.620059 5.7493 2.27126 2.23537975 2.31244025 "Sim2" "Sulf" 27 "Srxn1"
"Srxn1_2.29" 3.55232 3.51271 3.59669075 5.61447 5.55503975 5.6800825 2.258245 2.22141975 2.30044025 "Sim2" "Sulf" 28 "Srxn1"
"Srxn1_2.30" 3.51888 3.47915 3.56300025 5.548105 5.49071975 5.61189125 2.24549 2.20763975 2.28860025 "Sim2" "Sulf" 29 "Srxn1"
"Srxn1_2.31" 3.48593 3.44608975 3.53035 5.48279 5.42696925 5.5450905 2.23291 2.19407975 2.276781 "Sim2" "Sulf" 30 "Srxn1"
"Srxn1_2.32" 3.45362 3.41339975 3.49849 5.41867 5.36440925 5.4792805 2.22048 2.1805295 2.26544 "Sim2" "Sulf" 31 "Srxn1"
"Srxn1_2.33" 3.421685 3.3811595 3.46703175 5.355355 5.30215775 5.414451 2.208295 2.16718975 2.25427025 "Sim2" "Sulf" 32 "Srxn1"
"Srxn1_2.34" 3.390305 3.34922925 3.43636025 5.2931 5.24088 5.351081 2.1963 2.1540695 2.243431 "Sim2" "Sulf" 33 "Srxn1"
"Srxn1_2.35" 3.35957 3.31781 3.40612025 5.231745 5.1802985 5.288924 2.18456 2.14128975 2.23294025 "Sim2" "Sulf" 34 "Srxn1"
"Srxn1_2.36" 3.329285 3.28677925 3.37661075 5.17155 5.12050875 5.2279205 2.17297 2.1285 2.22225025 "Sim2" "Sulf" 35 "Srxn1"
"Srxn1_2.37" 3.29936 3.2560495 3.34737025 5.11232 5.0619295 5.1682215 2.16151 2.116 2.21201075 "Sim2" "Sulf" 36 "Srxn1"
"Srxn1_2.38" 3.26996 3.22580975 3.3188205 5.05406 5.00361975 5.109251 2.15019 2.10372 2.201811 "Sim2" "Sulf" 37 "Srxn1"
"Srxn1_2.39" 3.241 3.19602975 3.2907115 4.99656 4.9461895 5.0517105 2.13915 2.09153975 2.1920105 "Sim2" "Sulf" 38 "Srxn1"
"Srxn1_2.40" 3.212675 3.16646 3.26329 4.940045 4.88943975 4.99489075 2.128275 2.07946975 2.18228025 "Sim2" "Sulf" 39 "Srxn1"
"Srxn1_2.41" 3.18463 3.13735925 3.23629 4.884485 4.83356925 4.93939 2.11755 2.06761975 2.172631 "Sim2" "Sulf" 40 "Srxn1"
"Srxn1_2.42" 3.15707 3.108779 3.2097615 4.82987 4.77869 4.88488 2.10701 2.05597 2.163051 "Sim2" "Sulf" 41 "Srxn1"
"Srxn1_2.43" 3.12985 3.08039 3.18387 4.77604 4.7243595 4.8318705 2.0966 2.04461 2.15366 "Sim2" "Sulf" 42 "Srxn1"
"Srxn1_2.44" 3.10318 3.05272 3.15822 4.72304 4.67100875 4.77942025 2.08635 2.03333 2.14438025 "Sim2" "Sulf" 43 "Srxn1"
"Srxn1_2.45" 3.07686 3.02526925 3.13309075 4.670965 4.61785975 4.7278605 2.0763 2.02219875 2.13539 "Sim2" "Sulf" 44 "Srxn1"
"Srxn1_2.46" 3.05096 2.9982495 3.10829075 4.61966 4.56593975 4.6770205 2.066355 2.01126925 2.12661025 "Sim2" "Sulf" 45 "Srxn1"
"Srxn1_2.47" 3.02552 2.97157 3.08381075 4.56912 4.51452 4.62765075 2.056645 2.00046925 2.11790025 "Sim2" "Sulf" 46 "Srxn1"
"Srxn1_2.48" 3.00048 2.94521975 3.0598135 4.51957 4.46379 4.57902025 2.047015 1.989979 2.109212 "Sim2" "Sulf" 47 "Srxn1"
"Srxn1_2.49" 2.975865 2.91948 3.03614075 4.470585 4.41395975 4.53091475 2.037545 1.9795 2.1009005 "Sim2" "Sulf" 48 "Srxn1"
"Srxn1_3.1" 0 0 0 0 0 0 0 0 0 "Sim3" "Sulf" 0 "Srxn1"
"Srxn1_3.2" 0.02318315 0.021147395 0.025441205 0.02318315 0.021147395 0.025441205 0.02318315 0.021147395 0.025441205 "Sim3" "Sulf" 1 "Srxn1"
"Srxn1_3.3" 0.05359565 0.0494400825 0.058226155 0.0690915 0.0643175625 0.0761935 0.04599495 0.04196027 0.050473 "Sim3" "Sulf" 2 "Srxn1"
"Srxn1_3.4" 0.289388 0.283640925 0.295854 0.347476 0.341057 0.3556331 0.233144 0.227487925 0.23953715 "Sim3" "Sulf" 3 "Srxn1"
"Srxn1_3.5" 0.7114085 0.703505975 0.719958075 0.845808 0.837047975 0.855758075 0.5770655 0.569509975 0.5855951 "Sim3" "Sulf" 4 "Srxn1"
"Srxn1_3.6" 1.25641 1.24575 1.26769 1.46798 1.45601975 1.48076 1.01101 1.00105 1.02184 "Sim3" "Sulf" 5 "Srxn1"
"Srxn1_3.7" 1.84583 1.83198975 1.86018025 2.14554 2.13002975 2.16162025 1.47721 1.46482 1.490501 "Sim3" "Sulf" 6 "Srxn1"
"Srxn1_3.8" 2.46281 2.44564975 2.48023 2.86003 2.84087975 2.87935075 1.94181 1.92691 1.95762 "Sim3" "Sulf" 7 "Srxn1"
"Srxn1_3.9" 3.09579 3.07556 3.1161405 3.58273 3.56020975 3.60545025 2.421475 2.40404 2.43991025 "Sim3" "Sulf" 8 "Srxn1"
"Srxn1_3.10" 3.670075 3.64712925 3.6930305 4.23171 4.20639975 4.25721025 2.8574 2.83778 2.87811075 "Sim3" "Sulf" 9 "Srxn1"
"Srxn1_3.11" 4.192435 4.16726 4.21776 4.80836 4.7806895 4.83624025 3.26714 3.24544975 3.2899705 "Sim3" "Sulf" 10 "Srxn1"
"Srxn1_3.12" 4.68456 4.65746975 4.71218025 5.36953 5.3399 5.39977 3.64288 3.61934 3.66769025 "Sim3" "Sulf" 11 "Srxn1"
"Srxn1_3.13" 5.146755 5.11786 5.17627025 5.90643 5.87476975 5.93858 4.01714 3.99188 4.04374075 "Sim3" "Sulf" 12 "Srxn1"
"Srxn1_3.14" 5.58683 5.55635925 5.61822 6.428595 6.39501975 6.46252 4.335275 4.30855975 4.3634105 "Sim3" "Sulf" 13 "Srxn1"
"Srxn1_3.15" 6.0056 5.97384975 6.0386505 6.90432 6.86925975 6.93995 4.64938 4.62137 4.6795105 "Sim3" "Sulf" 14 "Srxn1"
"Srxn1_3.16" 6.40045 6.36726975 6.4350815 7.37315 7.33662975 7.41040025 4.9355 4.9061695 4.9673005 "Sim3" "Sulf" 15 "Srxn1"
"Srxn1_3.17" 6.770285 6.73573925 6.806271 7.834155 7.79627975 7.8729205 5.217915 5.18729 5.2511305 "Sim3" "Sulf" 16 "Srxn1"
"Srxn1_3.18" 7.12952 7.09364975 7.16680025 8.25072 8.21141 8.29103025 5.52743 5.4954195 5.5622805 "Sim3" "Sulf" 17 "Srxn1"
"Srxn1_3.19" 7.43982 7.40279 7.47838075 8.64142 8.60063975 8.68288075 5.71856 5.68701975 5.7525905 "Sim3" "Sulf" 18 "Srxn1"
"Srxn1_3.20" 7.72484 7.68709975 7.7641405 8.98062 8.93881975 9.02325025 5.87709 5.84441975 5.91063025 "Sim3" "Sulf" 19 "Srxn1"
"Srxn1_3.21" 7.96558 7.9296995 8.00303025 9.2798 9.23791975 9.322621 5.88324 5.84167 5.9244915 "Sim3" "Sulf" 20 "Srxn1"
"Srxn1_3.22" 8.00696 7.96720975 8.04640125 9.54393 9.5048995 9.5837 5.8126 5.77317 5.85235125 "Sim3" "Sulf" 21 "Srxn1"
"Srxn1_3.23" 7.93081 7.88890925 7.97413 9.67176 9.6268495 9.71412 5.74298 5.70522975 5.7816905 "Sim3" "Sulf" 22 "Srxn1"
"Srxn1_3.24" 7.82954 7.79016925 7.87124 9.562865 9.51743975 9.60683025 5.67443 5.6383695 5.71258025 "Sim3" "Sulf" 23 "Srxn1"
"Srxn1_3.25" 7.72848 7.69097 7.7686215 9.442475 9.39900875 9.48603 5.60702 5.57209 5.64495075 "Sim3" "Sulf" 24 "Srxn1"
"Srxn1_3.26" 7.628485 7.5924795 7.66714075 9.31953 9.2781395 9.36176025 5.54068 5.50629975 5.57818025 "Sim3" "Sulf" 25 "Srxn1"
"Srxn1_3.27" 7.53072 7.49558925 7.5685205 9.20025 9.16015925 9.2420705 5.475525 5.4412285 5.51286025 "Sim3" "Sulf" 26 "Srxn1"
"Srxn1_3.28" 7.433795 7.39928975 7.4711905 9.07786 9.03891 9.11838 5.41143 5.37716 5.44868 "Sim3" "Sulf" 27 "Srxn1"
"Srxn1_3.29" 7.33845 7.30416975 7.37551025 8.95651 8.91884925 8.9955605 5.348365 5.31379975 5.38609 "Sim3" "Sulf" 28 "Srxn1"
"Srxn1_3.30" 7.24465 7.20963975 7.28210025 8.836885 8.79988975 8.87541125 5.286285 5.25104 5.32427 "Sim3" "Sulf" 29 "Srxn1"
"Srxn1_3.31" 7.15246 7.11624975 7.19020075 8.71921 8.68197 8.75768 5.22526 5.18901975 5.2639705 "Sim3" "Sulf" 30 "Srxn1"
"Srxn1_3.32" 7.061565 7.0239395 7.10037025 8.60339 8.5651195 8.64219 5.165165 5.12772975 5.2046605 "Sim3" "Sulf" 31 "Srxn1"
"Srxn1_3.33" 6.97213 6.93300925 7.01240075 8.48937 8.4498595 8.5292405 5.10599 5.06729975 5.14663025 "Sim3" "Sulf" 32 "Srxn1"
"Srxn1_3.34" 6.88415 6.8434195 6.92583175 8.3771 8.3360095 8.4185105 5.04775 5.00778 5.08945075 "Sim3" "Sulf" 33 "Srxn1"
"Srxn1_3.35" 6.79752 6.75522975 6.84104075 8.26678 8.22374 8.30986025 4.990415 4.94926975 5.03334 "Sim3" "Sulf" 34 "Srxn1"
"Srxn1_3.36" 6.7122 6.66808975 6.7576405 8.15804 8.1128395 8.20322 4.93402 4.89144975 4.97855025 "Sim3" "Sulf" 35 "Srxn1"
"Srxn1_3.37" 6.62833 6.58233 6.67556 8.05105 8.00373925 8.09839025 4.87851 4.8344995 4.9246105 "Sim3" "Sulf" 36 "Srxn1"
"Srxn1_3.38" 6.54572 6.49785975 6.5950305 7.94578 7.896339 7.995781 4.82391 4.77845975 4.87146125 "Sim3" "Sulf" 37 "Srxn1"
"Srxn1_3.39" 6.4645 6.41463 6.515562 7.84217 7.7903985 7.89472 4.77017 4.72295925 4.81912025 "Sim3" "Sulf" 38 "Srxn1"
"Srxn1_3.40" 6.384545 6.33281975 6.43770025 7.740255 7.68649875 7.79513025 4.71721 4.66847925 4.76776 "Sim3" "Sulf" 39 "Srxn1"
"Srxn1_3.41" 6.305875 6.2522195 6.3611705 7.63993 7.5838995 7.69740125 4.665095 4.61491975 4.71709 "Sim3" "Sulf" 40 "Srxn1"
"Srxn1_3.42" 6.22835 6.1731085 6.28602 7.541275 7.4830395 7.601351 4.61386 4.56219975 4.6676205 "Sim3" "Sulf" 41 "Srxn1"
"Srxn1_3.43" 6.15212 6.0949795 6.212151 7.44417 7.38370975 7.50677125 4.563455 4.51039 4.6184445 "Sim3" "Sulf" 42 "Srxn1"
"Srxn1_3.44" 6.077205 6.018067 6.13948025 7.34862 7.285749 7.41378075 4.51385 4.4592975 4.57053 "Sim3" "Sulf" 43 "Srxn1"
"Srxn1_3.45" 6.00349 5.94228925 6.06780025 7.25458 7.189259 7.32224 4.465015 4.40899 4.52311 "Sim3" "Sulf" 44 "Srxn1"
"Srxn1_3.46" 5.930825 5.86774975 5.99733 7.161975 7.09421875 7.23213 4.4169 4.35951925 4.4766825 "Sim3" "Sulf" 45 "Srxn1"
"Srxn1_3.47" 5.85941 5.7946595 5.92806 7.07085 7.0010595 7.14354025 4.36971 4.31061 4.43091025 "Sim3" "Sulf" 46 "Srxn1"
"Srxn1_3.48" 5.789105 5.72254925 5.85983 6.981215 6.9093395 7.05629025 4.323145 4.26260975 4.38592225 "Sim3" "Sulf" 47 "Srxn1"
"Srxn1_3.49" 5.71993 5.65145925 5.79271125 6.89295 6.81913925 6.97045075 4.27738 4.21539925 4.34164 "Sim3" "Sulf" 48 "Srxn1"
"Srxn1_4.1" 0 0 0 0 0 0 0 0 0 "Sim4" "Sulf" 0 "Srxn1"
"Srxn1_4.2" 0.02318315 0.021147395 0.025441205 0.02318315 0.021147395 0.025441205 0.02318315 0.021147395 0.025441205 "Sim4" "Sulf" 1 "Srxn1"
"Srxn1_4.3" 0.0758923 0.070906995 0.08472231 0.1040145 0.0980177925 0.1202804 0.04599495 0.04196027 0.050473 "Sim4" "Sulf" 2 "Srxn1"
"Srxn1_4.4" 0.412777 0.406091975 0.4221804 0.553118 0.545323 0.56941705 0.2492715 0.243646975 0.25565605 "Sim4" "Sulf" 3 "Srxn1"
"Srxn1_4.5" 1.00427 0.994798975 1.01543025 1.267495 1.25612 1.28465 0.6474705 0.639804975 0.655995 "Sim4" "Sulf" 4 "Srxn1"
"Srxn1_4.6" 1.81042 1.7968095 1.82498025 2.26241 2.24584 2.2824215 1.18779 1.17744 1.1988405 "Sim4" "Sulf" 5 "Srxn1"
"Srxn1_4.7" 2.7949 2.77632975 2.81408025 3.4432 3.42053 3.46789 1.83475 1.82105 1.84899 "Sim4" "Sulf" 6 "Srxn1"
"Srxn1_4.8" 3.87656 3.8526 3.90082 4.77063 4.7415495 4.80100025 2.51817 2.50083 2.53577075 "Sim4" "Sulf" 7 "Srxn1"
"Srxn1_4.9" 5.022455 4.99310975 5.051651 6.14338 6.10801975 6.1796 3.289335 3.26827975 3.31057025 "Sim4" "Sulf" 8 "Srxn1"
"Srxn1_4.10" 6.16593 6.1315995 6.1999005 7.5238 7.4825495 7.5657605 4.02395 3.99952 4.04834 "Sim4" "Sulf" 9 "Srxn1"
"Srxn1_4.11" 7.24496 7.20643925 7.28319075 8.83047 8.78399875 8.87743025 4.6971 4.6699195 4.7244115 "Sim4" "Sulf" 10 "Srxn1"
"Srxn1_4.12" 8.239675 8.19739975 8.28139025 10.0124 9.962019 10.0631 5.334485 5.3048495 5.36442025 "Sim4" "Sulf" 11 "Srxn1"
"Srxn1_4.13" 9.16618 9.12095 9.21086025 11.1203 11.0668 11.1748 5.91949 5.88767975 5.95187025 "Sim4" "Sulf" 12 "Srxn1"
"Srxn1_4.14" 10.0368 9.98910975 10.0842 12.1534 12.0966 12.2105025 6.4669 6.43337 6.50129025 "Sim4" "Sulf" 13 "Srxn1"
"Srxn1_4.15" 10.86555 10.8156975 10.9152 13.1601 13.1007 13.2196 6.98122 6.9459795 7.0175305 "Sim4" "Sulf" 14 "Srxn1"
"Srxn1_4.16" 11.635 11.5832 11.6868 14.0732 14.0115 14.135 7.47547 7.4388485 7.51356025 "Sim4" "Sulf" 15 "Srxn1"
"Srxn1_4.17" 12.3399 12.2865 12.3933 14.9287 14.8648 14.9924 7.90241 7.86439975 7.9418305 "Sim4" "Sulf" 16 "Srxn1"
"Srxn1_4.18" 12.9916 12.9361 13.0468 15.7074 15.6410975 15.7723 8.35188 8.3123495 8.39288025 "Sim4" "Sulf" 17 "Srxn1"
"Srxn1_4.19" 13.6168 13.5597 13.6732025 16.4584 16.3901975 16.525 8.754955 8.71401 8.79727 "Sim4" "Sulf" 18 "Srxn1"
"Srxn1_4.20" 14.2191 14.1603 14.2773 17.17 17.0997 17.2384025 9.192085 9.1495695 9.23589175 "Sim4" "Sulf" 19 "Srxn1"
"Srxn1_4.21" 14.7427 14.6818 14.8023 17.7858 17.7132975 17.8561 9.54728 9.5038495 9.5920115 "Sim4" "Sulf" 20 "Srxn1"
"Srxn1_4.22" 15.221 15.1586975 15.282 18.3468 18.2720975 18.4191 9.90053 9.85716975 9.94531025 "Sim4" "Sulf" 21 "Srxn1"
"Srxn1_4.23" 15.6368 15.5733 15.6986 18.8446 18.7679925 18.9186025 10.0794 10.0391 10.1195 "Sim4" "Sulf" 22 "Srxn1"
"Srxn1_4.24" 16.0403 15.9783975 16.1003 19.2955 19.2179 19.3708 10.2694 10.2069 10.3245 "Sim4" "Sulf" 23 "Srxn1"
"Srxn1_4.25" 16.28295 16.2336975 16.3316025 19.78585 19.7081 19.8601025 10.1369 10.0773975 10.1902 "Sim4" "Sulf" 24 "Srxn1"
"Srxn1_4.26" 16.1761 16.1232 16.2284025 20.1095 20.0485 20.1676025 9.99854 9.94382975 10.0487 "Sim4" "Sulf" 25 "Srxn1"
"Srxn1_4.27" 16.26875 16.1752 16.3625 20.2595 20.1932 20.3200025 10.1216 10.0217 10.2181025 "Sim4" "Sulf" 26 "Srxn1"
"Srxn1_4.28" 16.1369 16.0241 16.2578 20.1581 20.0613 20.2516 10.0189 9.91352975 10.1246025 "Sim4" "Sulf" 27 "Srxn1"
"Srxn1_4.29" 15.912 15.8034 16.0291025 19.9151 19.8120975 20.0186025 9.88407 9.78294975 9.98621325 "Sim4" "Sulf" 28 "Srxn1"
"Srxn1_4.30" 15.6847 15.581495 15.7964 19.6319 19.534 19.7322 9.75021 9.6536765 9.847923 "Sim4" "Sulf" 29 "Srxn1"
"Srxn1_4.31" 15.4583 15.3611975 15.5639 19.3451 19.2533 19.4395 9.61802 9.525739 9.71156025 "Sim4" "Sulf" 30 "Srxn1"
"Srxn1_4.32" 15.235 15.1434 15.3344 19.0601 18.9743975 19.1483 9.487695 9.39950975 9.5772905 "Sim4" "Sulf" 31 "Srxn1"
"Srxn1_4.33" 15.0153 14.9288 15.1090025 18.7795 18.699 18.8624 9.359535 9.27497 9.44531025 "Sim4" "Sulf" 32 "Srxn1"
"Srxn1_4.34" 14.7991 14.7167975 14.8875 18.5034 18.426 18.5819 9.2335 9.15240975 9.31558 "Sim4" "Sulf" 33 "Srxn1"
"Srxn1_4.35" 14.5866 14.507 14.6713025 18.2316 18.1560975 18.3067 9.10936 9.03190975 9.1883 "Sim4" "Sulf" 34 "Srxn1"
"Srxn1_4.36" 14.3772 14.2999975 14.4584025 17.9642 17.8893 18.0378 8.987295 8.91289975 9.06335 "Sim4" "Sulf" 35 "Srxn1"
"Srxn1_4.37" 14.1714 14.0955975 14.2501 17.701 17.6257 17.7732 8.86721 8.79553825 8.94050075 "Sim4" "Sulf" 36 "Srxn1"
"Srxn1_4.38" 13.9688 13.8938 14.0447 17.4419 17.3653975 17.5144 8.74901 8.679277 8.8205515 "Sim4" "Sulf" 37 "Srxn1"
"Srxn1_4.39" 13.7694 13.6938 13.8438025 17.187 17.1083975 17.2611 8.63271 8.56419825 8.70189 "Sim4" "Sulf" 38 "Srxn1"
"Srxn1_4.40" 13.5728 13.4968 13.6471025 16.93605 16.8551 17.0129 8.518345 8.45083 8.58634025 "Sim4" "Sulf" 39 "Srxn1"
"Srxn1_4.41" 13.3797 13.3028 13.4537025 16.689 16.605 16.7695 8.40556 8.33922 8.47272 "Sim4" "Sulf" 40 "Srxn1"
"Srxn1_4.42" 13.1898 13.1113975 13.2645025 16.4462 16.3585 16.5306 8.29471 8.2286685 8.36094 "Sim4" "Sulf" 41 "Srxn1"
"Srxn1_4.43" 13.0025 12.9223975 13.0787 16.207 16.1157 16.2964025 8.185615 8.1196095 8.25135 "Sim4" "Sulf" 42 "Srxn1"
"Srxn1_4.44" 12.8182 12.7364975 12.8964 15.97135 15.8765 16.066 8.07829 8.012159 8.143331 "Sim4" "Sulf" 43 "Srxn1"
"Srxn1_4.45" 12.6372 12.5526 12.7175025 15.7396 15.6409 15.8390025 7.97263 7.90644 8.0380905 "Sim4" "Sulf" 44 "Srxn1"
"Srxn1_4.46" 12.4588 12.3715975 12.5418 15.5113 15.4092 15.6167 7.86866 7.801939 7.93438 "Sim4" "Sulf" 45 "Srxn1"
"Srxn1_4.47" 12.2832 12.1936 12.3691 15.287 15.1809 15.3977025 7.76645 7.69855 7.8324105 "Sim4" "Sulf" 46 "Srxn1"
"Srxn1_4.48" 12.1103 12.0182975 12.1995025 15.0662 14.9558 15.1821 7.665685 7.5968195 7.732581 "Sim4" "Sulf" 47 "Srxn1"
"Srxn1_4.49" 11.9401 11.8462 12.033 14.8489 14.7347 14.9701 7.56659 7.49686925 7.63466025 "Sim4" "Sulf" 48 "Srxn1"
"Srxn1_5.1" 0 0 0 0 0 0 0 0 0 "Sim5" "Sulf" 0 "Srxn1"
"Srxn1_5.2" 0.02318315 0.021147395 0.025441205 0.02318315 0.021147395 0.025441205 0.02318315 0.021147395 0.025441205 "Sim5" "Sulf" 1 "Srxn1"
"Srxn1_5.3" 0.09119785 0.085629575 0.104062 0.121958 0.115299925 0.143061125 0.04599495 0.04196027 0.050473 "Sim5" "Sulf" 2 "Srxn1"
"Srxn1_5.4" 0.5012445 0.49396 0.514272925 0.6585925 0.64995085 0.679654025 0.31133 0.305779 0.317718 "Sim5" "Sulf" 3 "Srxn1"
"Srxn1_5.5" 1.19934 1.18866 1.21359 1.54872 1.53549 1.57034 0.788978 0.781037875 0.79766225 "Sim5" "Sulf" 4 "Srxn1"
"Srxn1_5.6" 2.25944 2.24331 2.27751 2.86796 2.84768975 2.8933 1.54974 1.53801975 1.56184025 "Sim5" "Sulf" 5 "Srxn1"
"Srxn1_5.7" 3.56245 3.53946975 3.58642025 4.43853 4.41002925 4.47017 2.55133 2.53441 2.56838025 "Sim5" "Sulf" 6 "Srxn1"
"Srxn1_5.8" 5.03875 5.00868975 5.06973 6.190515 6.15335875 6.2299405 3.71406 3.69133 3.73671 "Sim5" "Sulf" 7 "Srxn1"
"Srxn1_5.9" 6.61868 6.58115975 6.656791 8.037245 7.99155925 8.0847405 4.969005 4.94032925 4.99733025 "Sim5" "Sulf" 8 "Srxn1"
"Srxn1_5.10" 8.267535 8.22264 8.3123705 9.974615 9.920617 10.0299 6.28798 6.25340975 6.32189025 "Sim5" "Sulf" 9 "Srxn1"
"Srxn1_5.11" 9.88053 9.82934 9.9316515 11.9064 11.845 11.9688025 7.575685 7.5358 7.61472025 "Sim5" "Sulf" 10 "Srxn1"
"Srxn1_5.12" 11.4729 11.416 11.5297025 13.8176 13.7493975 13.8868 8.795135 8.75064 8.8384505 "Sim5" "Sulf" 11 "Srxn1"
"Srxn1_5.13" 12.92975 12.8681 12.9915025 15.5522 15.4784 15.6271 9.93965 9.89122975 9.98685175 "Sim5" "Sulf" 12 "Srxn1"
"Srxn1_5.14" 14.342 14.2764975 14.4082 17.1914 17.1129 17.271 11.015 10.9635 11.0661 "Sim5" "Sulf" 13 "Srxn1"
"Srxn1_5.15" 15.6861 15.6168 15.7558 18.6887 18.6061 18.772 12.1286 12.0738 12.1831 "Sim5" "Sulf" 14 "Srxn1"
"Srxn1_5.16" 16.9379 16.8648975 17.0108 20.0803 19.9940975 20.1667 13.1724 13.1145975 13.2301 "Sim5" "Sulf" 15 "Srxn1"
"Srxn1_5.17" 18.1022 18.0261975 18.1775 21.4065 21.3169 21.4956025 14.0948 14.0344 14.1549 "Sim5" "Sulf" 16 "Srxn1"
"Srxn1_5.18" 19.2357 19.1572 19.3137 22.7131 22.62 22.8050025 14.9587 14.8962 15.0211 "Sim5" "Sulf" 17 "Srxn1"
"Srxn1_5.19" 20.3077 20.2259975 20.3877 23.9616 23.8654975 24.0564025 15.76795 15.7032 15.8324075 "Sim5" "Sulf" 18 "Srxn1"
"Srxn1_5.20" 21.3538 21.2694 21.4365025 25.1719 25.0724975 25.2702 16.5356 16.4684 16.6018 "Sim5" "Sulf" 19 "Srxn1"
"Srxn1_5.21" 22.3474 22.2597 22.4331025 26.3426 26.2397975 26.444 17.265 17.1956 17.333 "Sim5" "Sulf" 20 "Srxn1"
"Srxn1_5.22" 23.2903 23.1995 23.3792 27.4206 27.3133 27.5251 17.985 17.9134 18.0554 "Sim5" "Sulf" 21 "Srxn1"
"Srxn1_5.23" 24.2517 24.1563 24.3435025 28.4579 28.3460975 28.5656 18.757 18.6825975 18.8302025 "Sim5" "Sulf" 22 "Srxn1"
"Srxn1_5.24" 25.0882 24.9893 25.1837 29.4511 29.3356 29.5630025 19.311 19.2347 19.3861025 "Sim5" "Sulf" 23 "Srxn1"
"Srxn1_5.25" 25.88 25.7779 25.9794 30.3405 30.2211 30.4572025 19.8698 19.7919 19.9461 "Sim5" "Sulf" 24 "Srxn1"
"Srxn1_5.26" 26.6094 26.5045 26.7119 31.1789 31.0552975 31.300405 20.3813 20.3075 20.4518 "Sim5" "Sulf" 25 "Srxn1"
"Srxn1_5.27" 27.5411 27.4315 27.6482 32.0447 31.9162 32.1715025 21.3995 21.3222975 21.4744 "Sim5" "Sulf" 26 "Srxn1"
"Srxn1_5.28" 28.3868 28.2761 28.4937 32.9385 32.806 33.0687 22.2092 22.1353 22.28 "Sim5" "Sulf" 27 "Srxn1"
"Srxn1_5.29" 29.0516 28.9601 29.1362025 33.76625 33.6372 33.8892025 22.6651 22.5915975 22.7305025 "Sim5" "Sulf" 28 "Srxn1"
"Srxn1_5.30" 29.4208 29.3348975 29.498 34.3921 34.2959 34.4817 22.8905 22.7394 23.0196 "Sim5" "Sulf" 29 "Srxn1"
"Srxn1_5.31" 29.2719 29.1362 29.3988 34.4821 34.3758975 34.5785 22.69515 22.5145975 22.863705 "Sim5" "Sulf" 30 "Srxn1"
"Srxn1_5.32" 28.8714 28.7357975 29.0023 34.1222 33.9895 34.2513025 22.3689 22.1960975 22.5324025 "Sim5" "Sulf" 31 "Srxn1"
"Srxn1_5.33" 28.441 28.3159 28.5637 33.6245 33.4980925 33.7491 22.0384 21.8761 22.1936 "Sim5" "Sulf" 32 "Srxn1"
"Srxn1_5.34" 28.0122 27.8971 28.1251025 33.1157 32.9992 33.2306 21.7107 21.5578 21.8554025 "Sim5" "Sulf" 33 "Srxn1"
"Srxn1_5.35" 27.5889 27.4830975 27.693 32.6116 32.5047 32.7184 21.3874 21.2448 21.5229025 "Sim5" "Sulf" 34 "Srxn1"
"Srxn1_5.36" 27.1721 27.0739 27.2697025 32.1148 32.0131 32.2156 21.0693 20.9353 21.1966075 "Sim5" "Sulf" 35 "Srxn1"
"Srxn1_5.37" 26.762 26.6684975 26.8543 31.6259 31.5272975 31.7232025 20.7565 20.6312975 20.8764 "Sim5" "Sulf" 36 "Srxn1"
"Srxn1_5.38" 26.3584 26.267 26.4480025 31.1444 31.0460975 31.2425025 20.4487 20.331 20.5629 "Sim5" "Sulf" 37 "Srxn1"
"Srxn1_5.39" 25.9609 25.871 26.0504025 30.6705 30.5695 30.7713025 20.1457 20.0346 20.2543025 "Sim5" "Sulf" 38 "Srxn1"
"Srxn1_5.40" 25.56985 25.4781 25.6612025 30.2043 30.0992 30.3106025 19.8476 19.741195 19.9516 "Sim5" "Sulf" 39 "Srxn1"
"Srxn1_5.41" 25.1852 25.0902975 25.28 29.7456 29.6343 29.8586 19.5544 19.4514975 19.6546 "Sim5" "Sulf" 40 "Srxn1"
"Srxn1_5.42" 24.8067 24.7074 24.9062 29.2939 29.1755 29.417 19.2657 19.1653 19.3634 "Sim5" "Sulf" 41 "Srxn1"
"Srxn1_5.43" 24.4339 24.3295 24.5402 28.8495 28.7224 28.9817 18.9814 18.883 19.0779 "Sim5" "Sulf" 42 "Srxn1"
"Srxn1_5.44" 24.067 23.9568975 24.1813025 28.4123 28.2761975 28.5551 18.7016 18.6041 18.7977025 "Sim5" "Sulf" 43 "Srxn1"
"Srxn1_5.45" 23.7058 23.5891975 23.8282 27.982 27.8385 28.135 18.4265 18.3289975 18.5232025 "Sim5" "Sulf" 44 "Srxn1"
"Srxn1_5.46" 23.3507 23.227 23.480905 27.5589 27.4065975 27.7226 18.1557 18.0573975 18.2539 "Sim5" "Sulf" 45 "Srxn1"
"Srxn1_5.47" 23.0013 22.8714 23.1395025 27.142 26.9807975 27.317 17.8895 17.7888 17.9894 "Sim5" "Sulf" 46 "Srxn1"
"Srxn1_5.48" 22.6575 22.5204975 22.8035 26.732 26.5622 26.9176 17.6274 17.5252 17.7305025 "Sim5" "Sulf" 47 "Srxn1"
"Srxn1_5.49" 22.3192 22.175 22.4738 26.32855 26.15 26.5245 17.3694 17.264 17.4761025 "Sim5" "Sulf" 48 "Srxn1"
"Srxn1_6.1" 0 0 0 0 0 0 0 0 0 "Sim6" "Sulf" 0 "Srxn1"
"Srxn1_6.2" 0.02318315 0.021147395 0.025441205 0.02318315 0.021147395 0.025441205 0.02318315 0.021147395 0.025441205 "Sim6" "Sulf" 1 "Srxn1"
"Srxn1_6.3" 0.136497 0.129240975 0.161671125 0.160226 0.152058975 0.19183605 0.110812 0.104569925 0.128889025 "Sim6" "Sulf" 2 "Srxn1"
"Srxn1_6.4" 0.6109655 0.601932975 0.635835525 0.7441865 0.73396295 0.775559925 0.4964835 0.488522975 0.514580075 "Sim6" "Sulf" 3 "Srxn1"
"Srxn1_6.5" 1.4095 1.39649 1.43468025 1.73264 1.7173595 1.76433025 1.11852 1.10748975 1.13695 "Sim6" "Sulf" 4 "Srxn1"
"Srxn1_6.6" 2.65163 2.63204975 2.6788605 3.20268 3.1792995 3.236431 2.126145 2.11001 2.14671 "Sim6" "Sulf" 5 "Srxn1"
"Srxn1_6.7" 4.37421 4.34569925 4.40742025 5.19989 5.16577975 5.2402005 3.48994 3.46689975 3.5155805 "Sim6" "Sulf" 6 "Srxn1"
"Srxn1_6.8" 6.52027 6.4809595 6.56268 7.66174 7.61533775 7.712521 5.22452 5.19288975 5.2577205 "Sim6" "Sulf" 7 "Srxn1"
"Srxn1_6.9" 8.92397 8.87346 8.976891 10.4782 10.4184 10.5410025 7.171375 7.130589 7.21306 "Sim6" "Sulf" 8 "Srxn1"
"Srxn1_6.10" 11.4401 11.3786 11.5033025 13.3684 13.2959975 13.4433 9.24813 9.1981 9.29865025 "Sim6" "Sulf" 9 "Srxn1"
"Srxn1_6.11" 13.9268 13.8552 13.9996 16.3261 16.2417 16.4123 11.2911 11.233 11.3494 "Sim6" "Sulf" 10 "Srxn1"
"Srxn1_6.12" 16.4071 16.3265 16.4884 19.1547 19.0598 19.2506025 13.3652 13.2996 13.4311 "Sim6" "Sulf" 11 "Srxn1"
"Srxn1_6.13" 18.7822 18.6936 18.8714025 21.9309 21.8271 22.0349 15.3164 15.2439975 15.3888 "Sim6" "Sulf" 12 "Srxn1"
"Srxn1_6.14" 21.1166 21.0211 21.2128 24.565 24.4533 24.6767025 17.32375 17.2451 17.4026 "Sim6" "Sulf" 13 "Srxn1"
"Srxn1_6.15" 23.3653 23.2632 23.4677025 27.1043 26.9858975 27.2232 19.2238 19.1399975 19.3079 "Sim6" "Sulf" 14 "Srxn1"
"Srxn1_6.16" 25.4653 25.3571 25.573 29.4361 29.3108 29.5604025 20.9873 20.8984 21.0757025 "Sim6" "Sulf" 15 "Srxn1"
"Srxn1_6.17" 27.406 27.293 27.518405 31.5405 31.4101 31.6699 22.7023 22.6084 22.7961 "Sim6" "Sulf" 16 "Srxn1"
"Srxn1_6.18" 29.326 29.2080975 29.4429 33.6175 33.4828 33.751605 24.4019 24.3042975 24.4991025 "Sim6" "Sulf" 17 "Srxn1"
"Srxn1_6.19" 31.2086 31.087 31.3303 35.5778 35.4374 35.7167025 26.133 26.0308 26.2344025 "Sim6" "Sulf" 18 "Srxn1"
"Srxn1_6.20" 33.0112 32.8841 33.1371025 37.4299 37.284895 37.5734 27.81535 27.7086 27.9212 "Sim6" "Sulf" 19 "Srxn1"
"Srxn1_6.21" 34.6775 34.5454 34.8077025 39.1866 39.0359 39.3342 29.2878 29.1761975 29.3977 "Sim6" "Sulf" 20 "Srxn1"
"Srxn1_6.22" 36.3068 36.1691975 36.441705 40.9162 40.7598925 41.0698 30.7263 30.61 30.8411 "Sim6" "Sulf" 21 "Srxn1"
"Srxn1_6.23" 37.86425 37.7204975 38.0047 42.5976 42.4348975 42.7563 32.0522 31.9306975 32.1709 "Sim6" "Sulf" 22 "Srxn1"
"Srxn1_6.24" 39.3963 39.2468975 39.5426025 44.262 44.0931975 44.4285 33.3637 33.2358975 33.4868025 "Sim6" "Sulf" 23 "Srxn1"
"Srxn1_6.25" 40.9146 40.7591 41.0672 45.899 45.7233 46.0730025 34.64515 34.5128975 34.7737025 "Sim6" "Sulf" 24 "Srxn1"
"Srxn1_6.26" 42.44025 42.2786 42.6004 47.5452 47.361895 47.72741 36.0187 35.8811 36.153705 "Sim6" "Sulf" 25 "Srxn1"
"Srxn1_6.27" 44.2725 44.1023975 44.4408 49.43435 49.2415975 49.6256025 37.8682 37.7226975 38.011 "Sim6" "Sulf" 26 "Srxn1"
"Srxn1_6.28" 46.1224 45.9429975 46.3002025 51.2663 51.0642975 51.4671 39.7047 39.5517 39.8567 "Sim6" "Sulf" 27 "Srxn1"
"Srxn1_6.29" 47.9018 47.7116 48.0888025 53.045 52.8311975 53.2573025 41.4769 41.3151975 41.6377 "Sim6" "Sulf" 28 "Srxn1"
"Srxn1_6.30" 49.6644 49.4641975 49.8626 54.8212 54.5951 55.0471075 43.2391 43.0679 43.4091025 "Sim6" "Sulf" 29 "Srxn1"
"Srxn1_6.31" 51.4205 51.2106 51.6299 56.59785 56.3601 56.8361 45.0046 44.8246975 45.1827025 "Sim6" "Sulf" 30 "Srxn1"
"Srxn1_6.32" 53.0582 52.8419 53.271905 58.2236 57.9771975 58.4691025 46.7011 46.5168975 46.8824 "Sim6" "Sulf" 31 "Srxn1"
"Srxn1_6.33" 54.54265 54.3396 54.736 59.723 59.4826 59.952905 48.209 48.0415 48.367505 "Sim6" "Sulf" 32 "Srxn1"
"Srxn1_6.34" 55.6065 55.4594 55.7545025 60.9707 60.7854975 61.1413025 49.0813 48.9228 49.2348 "Sim6" "Sulf" 33 "Srxn1"
"Srxn1_6.35" 55.9269 55.6537 56.1733 61.5283 61.3094 61.727805 49.3135 48.9891 49.6111 "Sim6" "Sulf" 34 "Srxn1"
"Srxn1_6.36" 55.4682 55.1060825 55.8252025 61.09315 60.7665 61.4109 48.79015 48.4148975 49.1622025 "Sim6" "Sulf" 35 "Srxn1"
"Srxn1_6.37" 54.6875 54.3242925 55.0576025 60.2543 59.92 60.59561 48.0807 47.7144875 48.4512 "Sim6" "Sulf" 36 "Srxn1"
"Srxn1_6.38" 53.8547 53.5109925 54.2091 59.3394 59.0205925 59.667505 47.3489 47.0022975 47.70151 "Sim6" "Sulf" 37 "Srxn1"
"Srxn1_6.39" 53.023 52.6989 53.3583075 58.42025 58.1205925 58.7324 46.6196 46.293795 46.9534 "Sim6" "Sulf" 38 "Srxn1"
"Srxn1_6.40" 52.2017 51.8967 52.5181025 57.5124 57.2310975 57.8065 45.9 45.5923975 46.2162025 "Sim6" "Sulf" 39 "Srxn1"
"Srxn1_6.41" 51.3923 51.106095 51.6930025 56.61835 56.352 56.8990025 45.1918 44.9023925 45.4905025 "Sim6" "Sulf" 40 "Srxn1"
"Srxn1_6.42" 50.596 50.3245975 50.881805 55.73845 55.482695 56.0058 44.4939 44.2211975 44.7790025 "Sim6" "Sulf" 41 "Srxn1"
"Srxn1_6.43" 49.8116 49.552895 50.0863 54.87265 54.6239 55.1320025 43.8076 43.5485975 44.0781 "Sim6" "Sulf" 42 "Srxn1"
"Srxn1_6.44" 49.04 48.7901 49.3052 54.0207 53.7729975 54.2756 43.1322 42.8851975 43.3926 "Sim6" "Sulf" 43 "Srxn1"
"Srxn1_6.45" 48.2808 48.037 48.539305 53.1827 52.9335 53.4363025 42.4669 42.2301975 42.717 "Sim6" "Sulf" 44 "Srxn1"
"Srxn1_6.46" 47.5342 47.2905925 47.7874025 52.3577 52.1053 52.6144075 41.8127 41.582895 42.0555025 "Sim6" "Sulf" 45 "Srxn1"
"Srxn1_6.47" 46.8003 46.5542975 47.0534 51.5459 51.2871 51.809105 41.1689 40.9426 41.4063025 "Sim6" "Sulf" 46 "Srxn1"
"Srxn1_6.48" 46.07665 45.8305925 46.3307 50.7463 50.481095 51.0181 40.53555 40.3092975 40.7714025 "Sim6" "Sulf" 47 "Srxn1"
"Srxn1_6.49" 45.3651 45.1145 45.6237 49.9597 49.6848975 50.2429025 39.9125 39.6851975 40.1483 "Sim6" "Sulf" 48 "Srxn1"
