"medianM" "LCLM" "UCLM" "medianH" "LCLH" "UCLH" "medianL" "LCLL" "UCLL" "Simulation" "Chemical" "Times" "variables"
"Srxn1_1.1" 0 0 0 0 0 0 0 0 0 "Sim1" "Sul" 0 "Srxn1"
"Srxn1_1.2" 0.0231879 0.0211505925 0.0254426 0.0231879 0.0211505925 0.0254426 0.0231879 0.0211505925 0.0254426 "Sim1" "Sul" 1 "Srxn1"
"Srxn1_1.3" 0.05982935 0.0553680125 0.0653227475 0.08464575 0.0793590575 0.0958939025 0.04601025 0.0419753725 0.0504742125 "Sim1" "Sul" 2 "Srxn1"
"Srxn1_1.4" 0.1948375 0.18867385 0.2019712 0.2487715 0.241771875 0.260598025 0.14436 0.138538975 0.1508644 "Sim1" "Sul" 3 "Srxn1"
"Srxn1_1.5" 0.3671275 0.35935825 0.376111825 0.4888795 0.480024925 0.501179 0.2435085 0.235906825 0.25204835 "Sim1" "Sul" 4 "Srxn1"
"Srxn1_1.6" 0.550214 0.54064385 0.5612691 0.754231 0.7434965 0.767535025 0.341267 0.3318738 0.351818125 "Sim1" "Sul" 5 "Srxn1"
"Srxn1_1.7" 0.7274315 0.716047925 0.74038105 0.970214 0.957669 0.9848993 0.445697 0.434522825 0.4582814 "Sim1" "Sul" 6 "Srxn1"
"Srxn1_1.8" 0.8895865 0.8765074 0.904380225 1.172905 1.15864925 1.18936075 0.5443705 0.53144395 0.5589953 "Sim1" "Sul" 7 "Srxn1"
"Srxn1_1.9" 1.02935 1.01465 1.04618025 1.34859 1.33263 1.36671125 0.608054 0.5936077 0.624410725 "Sim1" "Sul" 8 "Srxn1"
"Srxn1_1.10" 1.17332 1.1568795 1.1920305 1.54708 1.52954875 1.56707125 0.6243745 0.60852785 0.642303775 "Sim1" "Sul" 9 "Srxn1"
"Srxn1_1.11" 1.3618 1.34376975 1.38246 1.763795 1.7445395 1.7855025 0.7630545 0.745547975 0.782830725 "Sim1" "Sul" 10 "Srxn1"
"Srxn1_1.12" 1.48957 1.4699895 1.5119325 1.932755 1.9120595 1.956131 0.7922695 0.77371565 0.813577 "Sim1" "Sul" 11 "Srxn1"
"Srxn1_1.13" 1.639895 1.61863975 1.66415025 2.15669 2.13428925 2.18186025 0.807289 0.787118475 0.830235725 "Sim1" "Sul" 12 "Srxn1"
"Srxn1_1.14" 1.77437 1.75178975 1.8001315 2.36846 2.3444595 2.39536 0.817489 0.7961105 0.8420306 "Sim1" "Sul" 13 "Srxn1"
"Srxn1_1.15" 1.889665 1.86650975 1.9162815 2.562325 2.53676975 2.59083125 0.8281385 0.80547685 0.85421435 "Sim1" "Sul" 14 "Srxn1"
"Srxn1_1.16" 1.972595 1.94586925 2.00139025 2.74803 2.7213595 2.77809 0.838233 0.8143156 0.86594425 "Sim1" "Sul" 15 "Srxn1"
"Srxn1_1.17" 1.99228 1.96104875 2.02619125 2.92009 2.89288825 2.95059075 0.848111 0.82275325 0.8773731 "Sim1" "Sul" 16 "Srxn1"
"Srxn1_1.18" 1.986915 1.954708 2.0221205 3.04325 3.01329975 3.075343 0.857789 0.830844825 0.888557775 "Sim1" "Sul" 17 "Srxn1"
"Srxn1_1.19" 1.978905 1.94628975 2.0149205 3.1008 3.06122475 3.14087 0.8673685 0.8389564 0.899585475 "Sim1" "Sul" 18 "Srxn1"
"Srxn1_1.20" 1.970535 1.9379495 2.007291 3.093905 3.050629 3.1382415 0.8767295 0.84704655 0.910332625 "Sim1" "Sul" 19 "Srxn1"
"Srxn1_1.21" 1.96227 1.92943 1.99917275 3.0892 3.04157675 3.13907925 0.8859435 0.855052575 0.921002225 "Sim1" "Sul" 20 "Srxn1"
"Srxn1_1.22" 1.954125 1.92069975 1.991235 3.064015 3.0178755 3.114031 0.8950025 0.862712325 0.93164415 "Sim1" "Sul" 21 "Srxn1"
"Srxn1_1.23" 1.94621 1.91211875 1.98393075 3.03849 2.99282675 3.087772 0.9038705 0.8702079 0.9418097 "Sim1" "Sul" 22 "Srxn1"
"Srxn1_1.24" 1.93844 1.90403 1.9770905 3.01325 2.96821475 3.0620725 0.9125685 0.8777556 0.952097275 "Sim1" "Sul" 23 "Srxn1"
"Srxn1_1.25" 1.930615 1.8957975 1.97037 2.988315 2.943627 3.036845 0.9211405 0.885140325 0.962127425 "Sim1" "Sul" 24 "Srxn1"
"Srxn1_1.26" 1.92303 1.88755775 1.9635215 2.963785 2.91908975 3.012794 0.9296625 0.89229525 0.972083575 "Sim1" "Sul" 25 "Srxn1"
"Srxn1_1.27" 1.91543 1.87926 1.9566205 2.93959 2.89542875 2.9886715 0.9380445 0.899412875 0.981736075 "Sim1" "Sul" 26 "Srxn1"
"Srxn1_1.28" 1.908125 1.87127 1.9502805 2.91584 2.87166825 2.964822 0.946301 0.9064473 0.991236 "Sim1" "Sul" 27 "Srxn1"
"Srxn1_1.29" 1.90097 1.8631695 1.9439025 2.892505 2.848448 2.9417005 0.9543845 0.913349375 1.00072225 "Sim1" "Sul" 28 "Srxn1"
"Srxn1_1.30" 1.893795 1.8551095 1.93768125 2.869485 2.825527 2.9186265 0.9624315 0.920129725 1.0100205 "Sim1" "Sul" 29 "Srxn1"
"Srxn1_1.31" 1.88682 1.84719975 1.9317005 2.84687 2.80274925 2.89621025 0.9702795 0.926691175 1.01894125 "Sim1" "Sul" 30 "Srxn1"
"Srxn1_1.32" 1.880035 1.83929975 1.925762 2.82461 2.780348 2.87406525 0.9779835 0.93329365 1.02798375 "Sim1" "Sul" 31 "Srxn1"
"Srxn1_1.33" 1.873395 1.83153675 1.92005175 2.802815 2.75791825 2.85170325 0.9855595 0.939802 1.0369505 "Sim1" "Sul" 32 "Srxn1"
"Srxn1_2.1" 0 0 0 0 0 0 0 0 0 "Sim2" "Sul" 0 "Srxn1"
"Srxn1_2.2" 0.0231879 0.0211505925 0.0254426 0.0231879 0.0211505925 0.0254426 0.0231879 0.0211505925 0.0254426 "Sim2" "Sul" 1 "Srxn1"
"Srxn1_2.3" 0.06421175 0.0596210825 0.0704394975 0.08343105 0.0781878625 0.0943679 0.04601025 0.0419753725 0.0504742125 "Sim2" "Sul" 2 "Srxn1"
"Srxn1_2.4" 0.2475605 0.2413488 0.255145025 0.278049 0.27113295 0.28956165 0.2177265 0.212033825 0.2241464 "Sim2" "Sul" 3 "Srxn1"
"Srxn1_2.5" 0.516622 0.5086398 0.525946225 0.609744 0.600799925 0.621888075 0.4224875 0.415021825 0.431025175 "Sim2" "Sul" 4 "Srxn1"
"Srxn1_2.6" 0.834512 0.8243743 0.845888425 1.023995 1.01282975 1.03751025 0.662746 0.65344055 0.67342105 "Sim2" "Sul" 5 "Srxn1"
"Srxn1_2.7" 1.15144 1.13905925 1.164941 1.44149 1.427799 1.45668025 0.8969775 0.8857169 0.9096944 "Sim2" "Sul" 6 "Srxn1"
"Srxn1_2.8" 1.44236 1.42792975 1.457881 1.81262 1.79654 1.82960075 1.11593 1.10281925 1.13062075 "Sim2" "Sul" 7 "Srxn1"
"Srxn1_2.9" 1.72104 1.7048195 1.73865025 2.19385 2.1756195 2.21285 1.31038 1.29546 1.3270705 "Sim2" "Sul" 8 "Srxn1"
"Srxn1_2.10" 1.980155 1.96215925 1.99951075 2.543535 2.5233 2.564582 1.484665 1.46809925 1.50322025 "Sim2" "Sul" 9 "Srxn1"
"Srxn1_2.11" 2.27144 2.251658 2.29275075 2.90126 2.87930925 2.924252 1.723325 1.7049795 1.7440005 "Sim2" "Sul" 10 "Srxn1"
"Srxn1_2.12" 2.54209 2.52064825 2.565186 3.216965 3.193116 3.241632 1.91858 1.89867925 1.94125175 "Sim2" "Sul" 11 "Srxn1"
"Srxn1_2.13" 2.784765 2.76177975 2.8098215 3.476305 3.45141575 3.50265 2.125625 2.10412 2.15010275 "Sim2" "Sul" 12 "Srxn1"
"Srxn1_2.14" 3.035415 3.0110075 3.06230225 3.74821 3.72185975 3.776032 2.351515 2.32853825 2.377973 "Sim2" "Sul" 13 "Srxn1"
"Srxn1_2.15" 3.254845 3.22904 3.28351175 3.982465 3.9549 4.01180275 2.56282 2.53825975 2.590994 "Sim2" "Sul" 14 "Srxn1"
"Srxn1_2.16" 3.45299 3.42602 3.48341175 4.20631 4.1775195 4.23693525 2.73172 2.7060395 2.76141125 "Sim2" "Sul" 15 "Srxn1"
"Srxn1_2.17" 3.624675 3.59685925 3.655691 4.40919 4.37947975 4.4411115 2.815145 2.78753775 2.84441075 "Sim2" "Sul" 16 "Srxn1"
"Srxn1_2.18" 3.75658 3.72752975 3.78789025 4.5721 4.54233875 4.60373325 2.840055 2.806949 2.8751765 "Sim2" "Sul" 17 "Srxn1"
"Srxn1_2.19" 3.811495 3.77416875 3.8486515 4.68216 4.649669 4.71621225 2.836915 2.800109 2.8759015 "Sim2" "Sul" 18 "Srxn1"
"Srxn1_2.20" 3.79111 3.751679 3.83180025 4.70723 4.664659 4.74918 2.81505 2.7787385 2.85419 "Sim2" "Sul" 19 "Srxn1"
"Srxn1_2.21" 3.75721 3.71796 3.798712 4.67992 4.633709 4.7279155 2.79364 2.7575465 2.83321125 "Sim2" "Sul" 20 "Srxn1"
"Srxn1_2.22" 3.721015 3.68246 3.76237075 4.636395 4.589897 4.68621075 2.7722 2.7362595 2.8123805 "Sim2" "Sul" 21 "Srxn1"
"Srxn1_2.23" 3.684835 3.64709875 3.7257165 4.58631 4.54129775 4.63524425 2.750895 2.71509925 2.79184175 "Sim2" "Sul" 22 "Srxn1"
"Srxn1_2.24" 3.649105 3.612088 3.69034025 4.53653 4.492728 4.58435325 2.730185 2.69428875 2.7711775 "Sim2" "Sul" 23 "Srxn1"
"Srxn1_2.25" 3.6141 3.57700825 3.65517125 4.4871 4.44453875 4.53417425 2.70972 2.673659 2.75088025 "Sim2" "Sul" 24 "Srxn1"
"Srxn1_2.26" 3.579525 3.54242375 3.62078175 4.438805 4.3965195 4.484953 2.689695 2.6532995 2.730531 "Sim2" "Sul" 25 "Srxn1"
"Srxn1_2.27" 3.54555 3.508019 3.586581 4.39102 4.34917825 4.43685475 2.670065 2.63350925 2.711422 "Sim2" "Sul" 26 "Srxn1"
"Srxn1_2.28" 3.512105 3.4746995 3.55295275 4.34407 4.3023755 4.38979 2.65072 2.61348925 2.69276725 "Sim2" "Sul" 27 "Srxn1"
"Srxn1_2.29" 3.479445 3.44135975 3.52071225 4.297915 4.25619925 4.34328075 2.6317 2.59405975 2.67436125 "Sim2" "Sul" 28 "Srxn1"
"Srxn1_2.30" 3.44726 3.40878675 3.488483 4.252655 4.21123 4.29804075 2.61301 2.57458925 2.65634225 "Sim2" "Sul" 29 "Srxn1"
"Srxn1_2.31" 3.415595 3.37639775 3.45747575 4.208205 4.16643925 4.253111 2.59462 2.55532975 2.63826075 "Sim2" "Sul" 30 "Srxn1"
"Srxn1_2.32" 3.38422 3.34450875 3.42714 4.16433 4.12252975 4.20903075 2.576505 2.535859 2.62097025 "Sim2" "Sul" 31 "Srxn1"
"Srxn1_2.33" 3.353665 3.31287875 3.3970915 4.12114 4.0790385 4.16623025 2.558545 2.5172995 2.60372075 "Sim2" "Sul" 32 "Srxn1"
"Srxn1_3.1" 0 0 0 0 0 0 0 0 0 "Sim3" "Sul" 0 "Srxn1"
"Srxn1_3.2" 0.0231879 0.0211505925 0.0254426 0.0231879 0.0211505925 0.0254426 0.0231879 0.0211505925 0.0254426 "Sim3" "Sul" 1 "Srxn1"
"Srxn1_3.3" 0.0712617 0.0664508 0.07908431 0.102984 0.09706538 0.1190969 0.04601025 0.0419753725 0.0504742125 "Sim3" "Sul" 2 "Srxn1"
"Srxn1_3.4" 0.3611485 0.354625925 0.3697212 0.433454 0.425801925 0.450021075 0.2729525 0.2673256 0.279314075 "Sim3" "Sul" 3 "Srxn1"
"Srxn1_3.5" 0.8046875 0.795773925 0.814867525 0.983421 0.97306875 1.0001105 0.5786725 0.571056975 0.587251525 "Sim3" "Sul" 4 "Srxn1"
"Srxn1_3.6" 1.35569 1.34365925 1.3684105 1.67396 1.6597295 1.69174075 0.9493015 0.939302975 0.960097975 "Sim3" "Sul" 5 "Srxn1"
"Srxn1_3.7" 1.96374 1.9485 1.979141 2.44841 2.43002925 2.46889 1.35175 1.33941 1.36502 "Sim3" "Sul" 6 "Srxn1"
"Srxn1_3.8" 2.55736 2.53899875 2.5754805 3.223715 3.20144925 3.24686025 1.746495 1.73185975 1.76202275 "Sim3" "Sul" 7 "Srxn1"
"Srxn1_3.9" 3.124105 3.102759 3.14475075 3.98601 3.96014 4.01216025 2.10293 2.08623925 2.1207215 "Sim3" "Sul" 8 "Srxn1"
"Srxn1_3.10" 3.66128 3.6373395 3.68430125 4.74965 4.7201795 4.7787905 2.40667 2.388098 2.42642 "Sim3" "Sul" 9 "Srxn1"
"Srxn1_3.11" 4.23825 4.21173875 4.2637205 5.490385 5.45818825 5.52203275 2.83415 2.81325825 2.85624025 "Sim3" "Sul" 10 "Srxn1"
"Srxn1_3.12" 4.78291 4.754419 4.8105905 6.200615 6.16576875 6.2344425 3.20584 3.1829985 3.22977125 "Sim3" "Sul" 11 "Srxn1"
"Srxn1_3.13" 5.289195 5.25880925 5.31882025 6.86714 6.82998925 6.9032315 3.54431 3.51957825 3.5701905 "Sim3" "Sul" 12 "Srxn1"
"Srxn1_3.14" 5.77918 5.746819 5.810303 7.54474 7.50525875 7.582871 3.81116 3.78510975 3.83891025 "Sim3" "Sul" 13 "Srxn1"
"Srxn1_3.15" 6.205905 6.1720485 6.23892175 8.093195 8.052417 8.13284075 4.071465 4.04394975 4.10109025 "Sim3" "Sul" 14 "Srxn1"
"Srxn1_3.16" 6.581305 6.5458385 6.615473 8.573115 8.530805 8.613885 4.288745 4.260236 4.31974 "Sim3" "Sul" 15 "Srxn1"
"Srxn1_3.17" 6.90014 6.86370725 6.9357705 8.97102 8.927628 9.01304175 4.466635 4.4373395 4.49863175 "Sim3" "Sul" 16 "Srxn1"
"Srxn1_3.18" 7.192565 7.155359 7.228864 9.36099 9.31629625 9.40351975 4.55162 4.5219065 4.58249025 "Sim3" "Sul" 17 "Srxn1"
"Srxn1_3.19" 7.47023 7.43198825 7.50737075 9.70725 9.66151 9.750227 4.633325 4.59441925 4.67060075 "Sim3" "Sul" 18 "Srxn1"
"Srxn1_3.20" 7.720355 7.6819995 7.7581615 10.0061 9.9598085 10.049805 4.631805 4.58482975 4.679023 "Sim3" "Sul" 19 "Srxn1"
"Srxn1_3.21" 7.91305 7.8769285 7.9489205 10.3086 10.2619 10.352705 4.58465 4.53840875 4.63233025 "Sim3" "Sul" 20 "Srxn1"
"Srxn1_3.22" 7.95501 7.9111465 7.99692 10.5169 10.4755 10.5574 4.535255 4.49036925 4.581812 "Sim3" "Sul" 21 "Srxn1"
"Srxn1_3.23" 7.884045 7.83632975 7.93194425 10.6257 10.5794975 10.67 4.486015 4.44273925 4.53138025 "Sim3" "Sul" 22 "Srxn1"
"Srxn1_3.24" 7.784725 7.7389085 7.83132125 10.538 10.4846975 10.5912 4.437605 4.39531825 4.48252425 "Sim3" "Sul" 23 "Srxn1"
"Srxn1_3.25" 7.68394 7.64126775 7.728793 10.39835 10.3481975 10.4498025 4.389975 4.3482865 4.4344805 "Sim3" "Sul" 24 "Srxn1"
"Srxn1_3.26" 7.58454 7.54346925 7.62794125 10.2566 10.2089975 10.3064025 4.34293 4.3019985 4.387062 "Sim3" "Sul" 25 "Srxn1"
"Srxn1_3.27" 7.48653 7.44697 7.5289005 10.11655 10.0717975 10.1636025 4.29673 4.25606925 4.3407345 "Sim3" "Sul" 26 "Srxn1"
"Srxn1_3.28" 7.390345 7.351847 7.4311905 9.97871 9.935399 10.0233 4.251385 4.21085975 4.2952605 "Sim3" "Sul" 27 "Srxn1"
"Srxn1_3.29" 7.295775 7.257279 7.335681 9.84284 9.80033875 9.8855605 4.20678 4.16643975 4.2501515 "Sim3" "Sul" 28 "Srxn1"
"Srxn1_3.30" 7.202625 7.164158 7.24242025 9.70926 9.66652775 9.75050325 4.16307 4.12275975 4.206032 "Sim3" "Sul" 29 "Srxn1"
"Srxn1_3.31" 7.110955 7.07181775 7.15099075 9.57765 9.5345475 9.61878025 4.120045 4.07956 4.16321675 "Sim3" "Sul" 30 "Srxn1"
"Srxn1_3.32" 7.021045 6.98039 7.06134 9.44814 9.403756 9.48975425 4.07748 4.03657375 4.1209425 "Sim3" "Sul" 31 "Srxn1"
"Srxn1_3.33" 6.93229 6.890399 6.97266025 9.32098 9.274828 9.362913 4.035605 3.99424675 4.0796615 "Sim3" "Sul" 32 "Srxn1"
"Srxn1_4.1" 0 0 0 0 0 0 0 0 0 "Sim4" "Sul" 0 "Srxn1"
"Srxn1_4.2" 0.0231879 0.0211505925 0.0254426 0.0231879 0.0211505925 0.0254426 0.0231879 0.0211505925 0.0254426 "Sim4" "Sul" 1 "Srxn1"
"Srxn1_4.3" 0.0651902 0.06055595 0.071638905 0.0967275 0.091015745 0.111098275 0.0460103 0.0419753725 0.050474215 "Sim4" "Sul" 2 "Srxn1"
"Srxn1_4.4" 0.3895995 0.3832989 0.397191 0.4962795 0.48877985 0.5111132 0.2729525 0.2673256 0.279314075 "Sim4" "Sul" 3 "Srxn1"
"Srxn1_4.5" 0.9380935 0.9289143 0.947945625 1.224685 1.2135495 1.24013025 0.602623 0.5949592 0.61121115 "Sim4" "Sul" 4 "Srxn1"
"Srxn1_4.6" 1.694295 1.6811585 1.707641 2.25785 2.24114975 2.27667025 1.047535 1.03732 1.05857075 "Sim4" "Sul" 5 "Srxn1"
"Srxn1_4.7" 2.58641 2.56862925 2.60396025 3.47055 3.44741875 3.49450275 1.57222 1.55916975 1.58578125 "Sim4" "Sul" 6 "Srxn1"
"Srxn1_4.8" 3.555385 3.53264975 3.5772905 4.79753 4.76793775 4.82709 2.17782 2.161509 2.1943 "Sim4" "Sul" 7 "Srxn1"
"Srxn1_4.9" 4.523485 4.49616625 4.54940225 6.175515 6.13913825 6.21043525 2.770845 2.75141 2.79002225 "Sim4" "Sul" 8 "Srxn1"
"Srxn1_4.10" 5.4829 5.45132975 5.51294 7.542945 7.50062975 7.583443 3.346255 3.32387 3.36827275 "Sim4" "Sul" 9 "Srxn1"
"Srxn1_4.11" 6.49886 6.463248 6.532731 8.96567 8.91796625 9.011191 4.06902 4.0433695 4.09388225 "Sim4" "Sul" 10 "Srxn1"
"Srxn1_4.12" 7.500035 7.46037925 7.5374 10.3721 10.3193 10.4220025 4.74211 4.7138495 4.76963125 "Sim4" "Sul" 11 "Srxn1"
"Srxn1_4.13" 8.430795 8.38775925 8.47128225 11.66335 11.6065975 11.7172 5.347025 5.31631 5.376852 "Sim4" "Sul" 12 "Srxn1"
"Srxn1_4.14" 9.33197 9.2864985 9.37567025 12.8844 12.8239975 12.942 5.900645 5.8679945 5.932674 "Sim4" "Sul" 13 "Srxn1"
"Srxn1_4.15" 10.1581 10.110095 10.2037 13.9985 13.935295 14.0590075 6.43713 6.40235 6.47151125 "Sim4" "Sul" 14 "Srxn1"
"Srxn1_4.16" 10.9286 10.8782975 10.9765 15.0331 14.9672975 15.0964025 6.93391 6.89749975 6.97005275 "Sim4" "Sul" 15 "Srxn1"
"Srxn1_4.17" 11.6207 11.5690975 11.6702025 15.9712 15.9029975 16.0359 7.379015 7.340758 7.4166745 "Sim4" "Sul" 16 "Srxn1"
"Srxn1_4.18" 12.2703 12.2162975 12.3209 16.8461 16.7757975 16.912 7.770865 7.7313785 7.8097215 "Sim4" "Sul" 17 "Srxn1"
"Srxn1_4.19" 12.8928 12.8375975 12.9451025 17.68845 17.6168 17.756505 8.13579 8.09542975 8.1765605 "Sim4" "Sul" 18 "Srxn1"
"Srxn1_4.20" 13.4695 13.4131 13.5235025 18.469 18.3951 18.5382025 8.478935 8.43728475 8.520584 "Sim4" "Sul" 19 "Srxn1"
"Srxn1_4.21" 13.9675 13.9095975 14.023 19.1708 19.0947 19.24281 8.74332 8.70271975 8.78428375 "Sim4" "Sul" 20 "Srxn1"
"Srxn1_4.22" 14.45385 14.3942975 14.5107025 19.8917 19.8127925 19.9658075 8.95683 8.918267 8.995771 "Sim4" "Sul" 21 "Srxn1"
"Srxn1_4.23" 14.8725 14.8122 14.9297 20.5238 20.4426975 20.6011 8.89474 8.85331975 8.934892 "Sim4" "Sul" 22 "Srxn1"
"Srxn1_4.24" 15.257 15.1987975 15.312 21.1654 21.0818 21.2457 8.78387 8.7438285 8.82334575 "Sim4" "Sul" 23 "Srxn1"
"Srxn1_4.25" 15.4109 15.3615925 15.4576025 21.6691 21.5847975 21.7498125 8.6676 8.63028825 8.70566125 "Sim4" "Sul" 24 "Srxn1"
"Srxn1_4.26" 15.2966 15.2384 15.3512025 22.088 22.011995 22.1599 8.5524 8.51703825 8.58883175 "Sim4" "Sul" 25 "Srxn1"
"Srxn1_4.27" 15.0909 15.0355975 15.1452025 22.294 22.2339975 22.3508025 8.43914 8.4047075 8.474901 "Sim4" "Sul" 26 "Srxn1"
"Srxn1_4.28" 14.8752 14.8254 14.9266025 22.1577 22.0806 22.2297025 8.32763 8.29371875 8.3633455 "Sim4" "Sul" 27 "Srxn1"
"Srxn1_4.29" 14.6615 14.6147 14.709405 21.88825 21.806795 21.9698 8.218215 8.1838595 8.2538405 "Sim4" "Sul" 28 "Srxn1"
"Srxn1_4.30" 14.4509 14.4061 14.4965025 21.56735 21.491595 21.6428 8.11053 8.0748895 8.1467425 "Sim4" "Sul" 29 "Srxn1"
"Srxn1_4.31" 14.2438 14.1998 14.2879025 21.2472 21.1767975 21.3175025 8.004265 7.96729775 8.041693 "Sim4" "Sul" 30 "Srxn1"
"Srxn1_4.32" 14.0402 13.995095 14.0832 20.9319 20.8660975 20.9984025 7.900115 7.86096625 7.93826225 "Sim4" "Sul" 31 "Srxn1"
"Srxn1_4.33" 13.8394 13.7936975 13.882805 20.6211 20.5571925 20.6847025 7.797535 7.7561495 7.83762175 "Sim4" "Sul" 32 "Srxn1"
"Srxn1_5.1" 0 0 0 0 0 0 0 0 0 "Sim5" "Sul" 0 "Srxn1"
"Srxn1_5.2" 0.0231879 0.0211505925 0.0254426 0.0231879 0.0211505925 0.0254426 0.0231879 0.0211505925 0.0254426 "Sim5" "Sul" 1 "Srxn1"
"Srxn1_5.3" 0.090205 0.0847173125 0.102912725 0.121134 0.114543925 0.142064525 0.04601025 0.0419753725 0.0504742125 "Sim5" "Sul" 2 "Srxn1"
"Srxn1_5.4" 0.4840875 0.476795975 0.497152275 0.6397895 0.6312528 0.661104275 0.2819135 0.276271975 0.288291525 "Sim5" "Sul" 3 "Srxn1"
"Srxn1_5.5" 1.11747 1.10694 1.1314515 1.51231 1.49905975 1.533541 0.6316725 0.62395425 0.6402316 "Sim5" "Sul" 4 "Srxn1"
"Srxn1_5.6" 2.065515 2.0499695 2.08267 2.81974 2.79971 2.844571 1.18587 1.17532925 1.1971405 "Sim5" "Sul" 5 "Srxn1"
"Srxn1_5.7" 3.23505 3.213278 3.25727 4.46345 4.43454925 4.49497175 1.917345 1.90283 1.931691 "Sim5" "Sul" 6 "Srxn1"
"Srxn1_5.8" 4.49085 4.4628185 4.51803075 6.209975 6.17246 6.24847225 2.77023 2.75110975 2.78852025 "Sim5" "Sul" 7 "Srxn1"
"Srxn1_5.9" 5.771895 5.73771925 5.80458025 8.01965 7.9734995 8.06633225 3.606065 3.5830595 3.62803075 "Sim5" "Sul" 8 "Srxn1"
"Srxn1_5.10" 7.091455 7.051518 7.1295415 9.90986 9.855499 9.96326225 4.457555 4.4306985 4.48286025 "Sim5" "Sul" 9 "Srxn1"
"Srxn1_5.11" 8.5443 8.49870425 8.5877 11.9097 11.848 11.97 5.594825 5.56277725 5.62490075 "Sim5" "Sul" 10 "Srxn1"
"Srxn1_5.12" 9.947315 9.896318 9.99530925 13.8413 13.772895 13.9080025 6.694985 6.658592 6.7293105 "Sim5" "Sul" 11 "Srxn1"
"Srxn1_5.13" 11.2625 11.2072 11.3144 15.71625 15.6413975 15.7883025 7.691825 7.65162875 7.72963125 "Sim5" "Sul" 12 "Srxn1"
"Srxn1_5.14" 12.5648 12.5059975 12.6213 17.4308 17.3509975 17.5071 8.74235 8.6981795 8.78395075 "Sim5" "Sul" 13 "Srxn1"
"Srxn1_5.15" 13.79185 13.7291 13.8516025 19.0353 18.9509 19.1157025 9.70099 9.653539 9.74546525 "Sim5" "Sul" 14 "Srxn1"
"Srxn1_5.16" 14.9306 14.8653925 14.9933 20.5367 20.4485 20.620405 10.5704 10.5208925 10.6174 "Sim5" "Sul" 15 "Srxn1"
"Srxn1_5.17" 16.0077 15.9393975 16.0726075 21.93885 21.8475975 22.0252075 11.40215 11.3505 11.4525025 "Sim5" "Sul" 16 "Srxn1"
"Srxn1_5.18" 16.98395 16.913895 17.0507025 23.28385 23.1892975 23.373315 12.0899 12.0363975 12.142305 "Sim5" "Sul" 17 "Srxn1"
"Srxn1_5.19" 17.9042 17.832295 17.9723025 24.45225 24.3553 24.5434 12.7908 12.7353925 12.845 "Sim5" "Sul" 18 "Srxn1"
"Srxn1_5.20" 18.775 18.7012 18.845405 25.6483 25.5475975 25.7426025 13.4283 13.3707975 13.4842025 "Sim5" "Sul" 19 "Srxn1"
"Srxn1_5.21" 19.62715 19.55 19.6999025 26.82455 26.72099 26.9223 14.0843 14.0252 14.1417025 "Sim5" "Sul" 20 "Srxn1"
"Srxn1_5.22" 20.4518 20.372195 20.527405 27.9138 27.805895 28.0144 14.7461 14.6847975 14.8057025 "Sim5" "Sul" 21 "Srxn1"
"Srxn1_5.23" 21.1932 21.11109 21.2716 28.9536 28.841795 29.0592 15.31135 15.2484 15.3726 "Sim5" "Sul" 22 "Srxn1"
"Srxn1_5.24" 21.9009 21.8158975 21.982905 29.9028 29.7881 30.0135025 15.8628 15.7983975 15.9255 "Sim5" "Sul" 23 "Srxn1"
"Srxn1_5.25" 22.5487 22.4605 22.6334025 30.76805 30.6500825 30.8835075 16.3679 16.3050975 16.4293075 "Sim5" "Sul" 24 "Srxn1"
"Srxn1_5.26" 23.1243 23.0361925 23.2087 31.5767 31.4549 31.6973 16.659 16.6053975 16.7109 "Sim5" "Sul" 25 "Srxn1"
"Srxn1_5.27" 23.5845 23.509795 23.6554025 32.37215 32.2455975 32.49851 16.5989 16.5268 16.6648 "Sim5" "Sul" 26 "Srxn1"
"Srxn1_5.28" 23.7895 23.7215975 23.8522 33.0766 32.950195 33.2013 16.4133 16.336095 16.4874 "Sim5" "Sul" 27 "Srxn1"
"Srxn1_5.29" 23.63925 23.5417925 23.7319 33.6502 33.5436975 33.74871 16.1857 16.1128975 16.257 "Sim5" "Sul" 28 "Srxn1"
"Srxn1_5.30" 23.3206 23.223495 23.4145025 33.714 33.6315975 33.7922 15.95215 15.8851 16.0178025 "Sim5" "Sul" 29 "Srxn1"
"Srxn1_5.31" 22.97665 22.8880875 23.0646025 33.38455 33.2826975 33.4849025 15.7211 15.6582975 15.7814 "Sim5" "Sul" 30 "Srxn1"
"Srxn1_5.32" 22.6341 22.5528 22.713705 32.9381 32.8327 33.0456025 15.4931 15.4360975 15.5503025 "Sim5" "Sul" 31 "Srxn1"
"Srxn1_5.33" 22.2962 22.2220975 22.3706025 32.4416 32.3450975 32.54231 15.2689 15.2159 15.3233 "Sim5" "Sul" 32 "Srxn1"
"Srxn1_6.1" 0 0 0 0 0 0 0 0 0 "Sim6" "Sul" 0 "Srxn1"
"Srxn1_6.2" 0.0231879 0.0211505925 0.0254426 0.0231879 0.0211505925 0.0254426 0.0231879 0.0211505925 0.0254426 "Sim6" "Sul" 1 "Srxn1"
"Srxn1_6.3" 0.1233135 0.116640875 0.144819375 0.165755 0.157339 0.198733425 0.09284555 0.0872744875 0.106296125 "Sim6" "Sul" 2 "Srxn1"
"Srxn1_6.4" 0.559888 0.551417675 0.581788125 0.6376265 0.62748095 0.671191375 0.511186 0.5037937 0.525014025 "Sim6" "Sul" 3 "Srxn1"
"Srxn1_6.5" 1.26917 1.25700975 1.290901 1.49418 1.47995975 1.52777075 1.05839 1.04809975 1.072703 "Sim6" "Sul" 4 "Srxn1"
"Srxn1_6.6" 2.41405 2.39594975 2.4379305 2.90221 2.880439 2.9361225 1.92627 1.9113795 1.94339075 "Sim6" "Sul" 5 "Srxn1"
"Srxn1_6.7" 4.01225 3.98572 4.04211025 4.763095 4.73137925 4.80089125 3.34267 3.320189 3.3656015 "Sim6" "Sul" 6 "Srxn1"
"Srxn1_6.8" 5.92718 5.8910895 5.96439025 7.012265 6.9697295 7.0592615 5.07817 5.0472695 5.10861075 "Sim6" "Sul" 7 "Srxn1"
"Srxn1_6.9" 7.931875 7.8864395 7.97764 9.307225 9.25429925 9.363255 6.89421 6.8542995 6.93242125 "Sim6" "Sul" 8 "Srxn1"
"Srxn1_6.10" 9.93883 9.88444975 9.99247125 11.6508 11.5875975 11.7152025 8.705155 8.657609 8.75022075 "Sim6" "Sul" 9 "Srxn1"
"Srxn1_6.11" 12.1334 12.0707975 12.1948 14.28 14.2060975 14.3529 10.5663 10.5113975 10.6186 "Sim6" "Sul" 10 "Srxn1"
"Srxn1_6.12" 14.2836 14.213695 14.3517 16.95525 16.8713 17.0367 12.34425 12.2829975 12.4028025 "Sim6" "Sul" 11 "Srxn1"
"Srxn1_6.13" 16.317 16.2396875 16.3908 19.4676 19.3752975 19.55701 14.0843 14.0168 14.1478025 "Sim6" "Sul" 12 "Srxn1"
"Srxn1_6.14" 18.2651 18.181995 18.3445075 21.8022 21.7024975 21.8974125 15.7411 15.668595 15.8098025 "Sim6" "Sul" 13 "Srxn1"
"Srxn1_6.15" 20.1522 20.0635975 20.2362075 23.9994 23.894295 24.0992025 17.3867 17.3097 17.4605025 "Sim6" "Sul" 14 "Srxn1"
"Srxn1_6.16" 21.9607 21.8676 22.0492075 26.09545 25.98559 26.2006075 18.9653 18.8843925 19.042205 "Sim6" "Sul" 15 "Srxn1"
"Srxn1_6.17" 23.6823 23.5852975 23.7744025 28.0686 27.9535 28.1781125 20.5148 20.430795 20.5955075 "Sim6" "Sul" 16 "Srxn1"
"Srxn1_6.18" 25.3555 25.254395 25.4518025 30.04645 29.927095 30.1612025 21.9401 21.853 22.024805 "Sim6" "Sul" 17 "Srxn1"
"Srxn1_6.19" 26.92875 26.8238975 27.0284025 31.9155 31.7911 32.0334025 23.3112 23.220395 23.3979125 "Sim6" "Sul" 18 "Srxn1"
"Srxn1_6.20" 28.4279 28.3194925 28.5307075 33.6656 33.5374975 33.78582 24.5776 24.4831975 24.6675 "Sim6" "Sul" 19 "Srxn1"
"Srxn1_6.21" 29.8326 29.719195 29.9389025 35.31125 35.1771975 35.4359025 25.7822 25.684395 25.8757025 "Sim6" "Sul" 20 "Srxn1"
"Srxn1_6.22" 31.2006 31.08319 31.3114075 36.86515 36.726395 36.9946 26.9734 26.87149 27.07132 "Sim6" "Sul" 21 "Srxn1"
"Srxn1_6.23" 32.5311 32.4088975 32.64811 38.4365 38.2927975 38.57391 28.11475 28.008895 28.216 "Sim6" "Sul" 22 "Srxn1"
"Srxn1_6.24" 33.8016 33.6748975 33.9245 39.92645 39.7769775 40.0719 29.16645 29.0565975 29.2725075 "Sim6" "Sul" 23 "Srxn1"
"Srxn1_6.25" 35.087 34.95629 35.2162025 41.4338 41.2786925 41.5858025 30.3271 30.2128 30.4386025 "Sim6" "Sul" 24 "Srxn1"
"Srxn1_6.26" 36.28715 36.151495 36.4215 42.9 42.7380975 43.060705 31.3047 31.1858925 31.4207025 "Sim6" "Sul" 25 "Srxn1"
"Srxn1_6.27" 37.4753 37.3344925 37.6169025 44.33945 44.1712925 44.5080025 32.325 32.202185 32.446 "Sim6" "Sul" 26 "Srxn1"
"Srxn1_6.28" 38.6629 38.514 38.8112 45.76865 45.5932875 45.9471 33.3424 33.2143925 33.4687025 "Sim6" "Sul" 27 "Srxn1"
"Srxn1_6.29" 39.7545 39.5993 39.9095075 47.1335 46.9500975 47.32152 34.2277 34.0992975 34.3525025 "Sim6" "Sul" 28 "Srxn1"
"Srxn1_6.30" 40.7534 40.598495 40.905305 48.4208 48.2291 48.6183125 34.8736 34.7723975 34.969105 "Sim6" "Sul" 29 "Srxn1"
"Srxn1_6.31" 41.5569 41.429695 41.6761025 49.6663 49.47099 49.8661025 34.93275 34.8255 35.0310025 "Sim6" "Sul" 30 "Srxn1"
"Srxn1_6.32" 41.86855 41.747285 41.978805 50.7622 50.581695 50.931105 34.6023 34.463695 34.7398025 "Sim6" "Sul" 31 "Srxn1"
"Srxn1_6.33" 41.5672 41.3898975 41.7406025 51.5293 51.40069 51.6541 34.1354 33.995985 34.2841025 "Sim6" "Sul" 32 "Srxn1"
