"1_0" "2.15_0" "4.64_0" "10_0" "21.54_0" "46.42_0" "0_1" "1_1" "2.15_1" "4.64_1" "10_1" "21.54_1" "46.42_1" "0_2.15" "1_2.15" "2.15_2.15" "4.64_2.15" "10_2.15" "21.54_2.15" "46.42_2.15" "0_4.64" "1_4.64" "2.15_4.64" "4.64_4.64" "10_4.64" "21.54_4.64" "46.42_4.64" "0_10" "1_10" "2.15_10" "4.64_10" "10_10" "21.54_10" "46.42_10" "0_21.54" "1_21.54" "2.15_21.54" "4.64_21.54" "10_21.54" "21.54_21.54" "46.42_21.54" "0_46.42" "1_46.42" "2.15_46.42" "4.64_46.42" "10_46.42" "21.54_46.42" "46.42_46.42"
"1" 0 0 0 0 0 0 0 0 0 0 0 0 0 0 0 0 0 0 0 0 0 0 0 0 0 0 0 0 0 0 0 0 0 0 0 0 0 0 0 0 0 0 0 0 0 0 0 0.00666123443984223
"2" 0 0 0 0 0.146084598716359 0.377923762610079 0 0 0 0 0 0 0 0 0 0 0 0 0.0191698392361039 0.0087635276887339 0 0 0 0 0 0 0.115352954222039 0 0 0 0 0 0.109871588820459 0.195660503981294 0 0 0 0 0 0.0679942411050538 0.319903357619479 0 0 0 0.0223832204281489 0 0.0900443727136839 0.388314849229654
"3" 0 0 0 0.112961686589171 0.340687947791186 0.737719829148734 0 0 0 0 0 0.0621564236965158 0.428447149573561 0 0 0 0 0 0.230207427586231 0.463942868465646 0 0 0 0 0 0.148537828737716 0.556919330066036 0 0 0 0 0.106105003292761 0.388754019636016 0.720430867131911 0 0 0 0.0115043624886508 0.190827672980711 0.393224954462851 0.843826047891366 0 0 0 0.094763432799216 0.106407469004736 0.358945762682806 0.867458867760486
"4" 0 0 0 0.165662196950114 0.434242392546194 0.768373705667839 0 0 0 0 0 0.163814784411394 0.599598463722044 0 0 0 0 0 0.300736263076164 0.592320021546874 0 0 0 0 0 0.244633370644419 0.686232515271809 0 0 0 0 0.111422930502774 0.477224051821304 0.832031135898314 0 0 0 0.0291790967581491 0.179637943856269 0.460234619067149 0.908435105281389 0 0 0 0.102995143564994 0.136307423133424 0.397748560591409 0.940799450466484
"5" 0 0 0.0147711450761701 0.13228517436816 0.35906146817592 0.798550628288887 0 0 0 0 0 0.0959671604786951 0.538341251563685 0 0 0 0 0 0.339073838793415 0.579622770401235 0 0 0 0 0 0.202198810037205 0.666947441788865 0 0 0 0 0.13168808039921 0.462231669752695 0.831030746703725 0 0 0 0.0343684103267949 0.164830273390265 0.434649791858685 0.86601794450888 0 0 0 0.1103312754904 0.0893827144384249 0.374154188045795 0.963263085092935
"6" 0 0 0.015369140944733 0.199338149155148 0.426206301282653 0.821275446029928 0 0 0 0 0 0.122123318883318 0.583018188917723 0 0 0 0 0 0.347789755861558 0.576834202412568 0 0 0 0 0 0.212669428618038 0.675752679987253 0 0 0 0 0.129326151570233 0.495434049959018 0.859154422108528 0 0 0 0.0454297594823081 0.180951549696958 0.448528936000333 0.859255812465358 0 0 0 0.108531493973898 0.102278603598683 0.411201098218643 0.945775423277838
"7" 0 0 0.002601745388914 0.172072184379794 0.437830976236029 0.798342823859519 0 0 0 0 0 0.0931090426672638 0.620617653171789 0 0 0 0 0 0.313812370280379 0.599516541047929 0 0 0 0 0 0.200318890223859 0.689019056051599 0 0 0 0.0106387781644788 0.105055600825939 0.485982682476314 0.914078469193284 0 0 0 0.0592450967144589 0.159927456993064 0.417772128519889 0.907152609424614 0 0 0 0.0770921516070437 0.115468924878899 0.397302882366844 0.975695621338299
"8" 0 0 0.00844230269422286 0.147738285889648 0.388555094632253 0.744943574683963 0 0 0 0 0 0.079184892646573 0.609684660784598 0 0 0 0.0134145555394529 0 0.283799356086768 0.546117500848983 0 0 0 0 0 0.208568502644423 0.664153893452343 0 0 0 0.00693664425938789 0.107705304420208 0.415221712903403 0.876123647135023 0 0 0 0.0459158369180381 0.138862122599968 0.419035735964918 0.862197199026148 0 0 0 0.112078198982663 0.114784158838313 0.391722637757683 0.852821419486513
"9" 0 0 0.0260983250661968 0.0559373031776569 0.206438751300972 0.423021514687567 0 0 0 0 0 0.0665165915467518 0.651021637917362 0 0 0 0 0 0.273743139421702 0.418933147713672 0 0 0 0 0 0.101697706827417 0.518667064868382 0 0 0 0 0 0.239655153929102 0.560059402526167 0 0 0 0 0.023147941620522 0.260637751012197 0.547835608615792 0 0 0 0 0 0.211368670554192 0.614592266745642
"10" 0 0 0 0.0806945808058568 0.168874190816232 0.327154343748542 0 0 0 0 0 0 0.183030173509012 0 0 0 0 0 0.0616878585865759 0.153155225633477 0 0 0 0 0 0 0.237217922621007 0 0 0 0 0.0225260867680017 0.322814296287162 0.350521244193397 0 0 0 0.0868526579216069 0.132383924730202 0.257382020938942 0.429099361780567 0.0567657989279118 0.141390404227532 0.103945529069532 0.360021665480412 0.265433757327172 0.440867631565002 0.695318031422742
"11" 0 0 0.0218897599966108 0.0297377263142007 0.146661389576746 0.289260047034356 0 0 0 0 0 0 0.0411223031822656 0 0 0 0 0 0.0657691375105431 0.0899563705812008 0 0 0 0 0 0 0.199585959696546 0 0 0 0.0287594410772356 0.122133124719256 0.391495438711291 0.391794208029516 0 0.163634291015011 0.222342624926806 0.281613963365516 0.274112068406711 0.400732473744366 0.519973242558836 0.453631418259301 0.501646281979821 0.499629701222346 0.800905943444576 0.657677661875086 0.759251230199726 0.920244740513665
"12" 0 0 0.0375620083708608 0.0276717715651107 0.137647034092556 0.211019415391476 0 0 0 0 0 0 0.0832103271094209 0 0 0 0 0 0.079017111913811 0.0949095708802559 0 0 0 0 0 0 0.259874808740511 0 0 0 0.0471529139445157 0.180007987321631 0.502355317505236 0.459183243562991 0.00212570850732074 0.224431916927756 0.341180667149886 0.402909358926816 0.390224813539251 0.480573767410071 0.572461296924721 0.519253804244396 0.548303337429741 0.555917226731961 0.826772797866956 0.805726011538751 0.830264222200191 1.01376391344368
"13" 0 0 0 0 0.107687840207828 0.172109151084173 0 0 0 0 0 0 0.0338634975262133 0 0 0 0 0 0.0432974147884808 0.0351719376811281 0 0 0 0 0 0 0.161525093395718 0 0 0.0119727405222532 0.0428282087116882 0.118184226194493 0.421087231310328 0.408122209025063 0 0.204562374262903 0.332277311744583 0.334265118267263 0.350604909753143 0.423451051583963 0.548504780542483 0.483599858571768 0.462084779663783 0.520065346128488 0.736606584998883 0.646579894529138 0.743706033394618 0.904626759756958
"14" 0 0 0 0.0087950000647341 0.0690451129101088 0.095608469713079 0 0 0 0 0 0 0.0179969916089788 0 0 0 0 0 0.0535625216551239 0.0532879713388039 0 0 0 0 0 0 0.120951827348014 0 0 0.0124869826630238 0.0685028789329789 0.140458306125934 0.408561761686074 0.323161851193834 0.0670089134872789 0.218674632274594 0.303390309785204 0.378076921931019 0.328367252606319 0.406182470355584 0.499936559585119 0.496920161915299 0.516859370849509 0.517332820320149 0.794099933604444 0.620704599884529 0.746548916171354 0.855239932087524
"15" 0 0 0 0.0122729165709188 0.081314387363369 0.0906208870012839 0 0 0 0 0 0 0 0 0 0 0 0 0.0436737625911239 0 0 0 0 0 0 0 0.120121302177624 0 0 0 0.0957839850925091 0.180162933052489 0.463779497474254 0.258047355949899 0.035005345689114 0.242419692991974 0.292872872925234 0.370790007268094 0.290582236943954 0.387916530047134 0.514084552466489 0.524747000869874 0.555381227500744 0.536290612321664 0.791760541913414 0.651714788795364 0.713357968027054 0.909805626886494
"16" 0 0 0 0.0111025383360392 0.0515189524485593 0.0878317803420192 0 0 0 0 0 0 0 0 0 0 0 0 0.0518766771732317 0 0 0 0 0 0 0 0.108113957975954 0 0 0 0.0960177849917292 0.179448012201849 0.432727405575234 0.253437110907449 0.0536622798152542 0.249597368502479 0.261345860849189 0.351245276968774 0.302640949662539 0.393601909842729 0.487705561476764 0.556186333809464 0.582611883362044 0.578186722318129 0.785827924475929 0.654282851566494 0.721858673268389 0.897507351593764
"17" 0 0 0 0.0087898721151507 0.0519492251682359 0.0649167791267058 0 0 0 0 0 0 0 0 0 0 0 0 0.0544664073413577 0 0 0 0 0 0 0 0.0767811077739056 0 0 0 0.0369698164423757 0.173479234910626 0.410525149163561 0.175285427484866 0.0686560805026757 0.214762608126221 0.229421342715166 0.380770996092941 0.319600517256631 0.375742027329076 0.414979985968396 0.513915365943676 0.600662759694841 0.597990101431106 0.746944268516866 0.62317020061181 0.740962647217561 0.849033820743886
"18" 0 0 0 0.0104436896056535 0.0678277355138732 0.0762163078171583 0 0 0 0 0 0 0 0 0 0 0 0 0.0505892959633434 0 0 0 0 0 0 0 0.0968088552169333 0 0 0.0100285854812183 0.137499060784738 0.175382292167668 0.435016945105278 0.168226486562683 0.0560880592676483 0.244140610305158 0.227920081225583 0.392056818265858 0.310307163574278 0.341812114294408 0.445521363319053 0.531626742048603 0.551318946682868 0.583200043857498 0.758565516450368 0.697696649755778 0.628141930752273 0.873104684291448
"19" 0 0 0 0.0236947099090365 0.0677411252862681 0.0751636720107229 0 0 0 0 0 0 0 0 0 0 0 0 0.0834534160312825 0 0 0 0 0 0 0 0.046074196321763 0 0 0 0.123568917248823 0.202182610823998 0.457081240680533 0.124907688895838 0.0579506244722381 0.195796411260288 0.251992655090758 0.406863134173038 0.278478848651253 0.308509389977623 0.421101255095478 0.481963616724818 0.569693645188143 0.526697386117748 0.767996701989403 0.658593178813373 0.617898291524188 0.811380334555093
"20" 0 0 0 0.0166967969899863 0.0442694604589713 0.0671060300814164 0 0 0 0 0 0 0 0 0 0 0 0 0.0458467611156159 0 0 0 0 0 0 0 0.0202745664638713 0 0 0 0.153265311968306 0.198294120105781 0.413347401009911 0.0898017196785863 0.0514210330511313 0.176395361627066 0.234330740971696 0.438324977975696 0.295268602554506 0.300703276827226 0.420137070115721 0.489591434484491 0.548655552288746 0.497791092549606 0.744869443390501 0.609844569544121 0.570465604687286 0.895549455234156
"21" 0 0 0 0.0385460678373299 0.0746545599271098 0.0734207503152449 0 0 0 0 0 0 0 0 0 0 0 0 0.0624471531454625 0 0 0 0 0 0 0 0.09451427210429 0 0 0 0.14601040475392 0.205563754965225 0.425244230575639 0.0752401396397799 0.0318367117350951 0.16454622821275 0.221965062409655 0.405453436998225 0.31825342343791 0.32089322470059 0.463670064940615 0.52941461180152 0.63965943571511 0.52009974245151 0.73374947926621 0.62354067317016 0.541999996051495 0.82094496461525
"22" 0 0 0 0.0140121093604386 0.0467609014806286 0.0538776643349446 0 0 0 0 0 0 0 0 0 0 0 0 0.0603216446790156 0 0 0 0 0 0 0 0.0749626658161497 0 0 0 0.0978349004013597 0.207811927538205 0.410672876501391 0.0849584137020836 0 0.144547809713945 0.21225360571222 0.406689710604734 0.3219297971481 0.285106378889264 0.43293860304884 0.48917224103122 0.54167002657838 0.503074913038829 0.69977498371887 0.57673741242259 0.50900429405854 0.840359740193315
"23" 0 0 0 0.0352763990771121 0.0543952861087271 0.071961439460732 0 0 0 0 0 0 0 0 0 0 0 0 0.0617790177761022 0 0 0 0 0 0 0 0.0629604597616671 0 0 0 0.117050446507232 0.189631499333482 0.395153600839246 0.0665066599031181 0 0.145136363303612 0.195713444357097 0.425436299738267 0.274173093416267 0.281233773734107 0.412555216134872 0.455431668026722 0.519661991629907 0.468496954373732 0.701603031050332 0.607539973908802 0.531571126694317 0.826572401740527
"24" 0 0 0 0.0289246512362136 0.0509455487665835 0.0653778904334885 0 0 0 0 0 0 0 0 0 0 0 0 0.0668583405846714 0 0 0 0 0 0 0 0.0711655853216884 0 0 0 0.102622679995368 0.179571840336118 0.395361450196642 0.0618780909365819 0.00240498372461762 0.145624569519399 0.161176328019433 0.394585743121868 0.310227228992243 0.277669284226844 0.383709960212588 0.464826148460993 0.481230723035984 0.427034785069673 0.637993332181418 0.558680513914054 0.468611583111239 0.805652587850274
"25" 0 0 0 0.00631443684374844 0.0567827838345609 0.0602658845293134 0 0 0 0 0 0 0 0 0 0 0 0 0.0815959939098918 0.00120201788867735 0 0 0 0 0 0 0.0333416921034291 0 0 0 0.0978998453511499 0.144858560803631 0.359768299122204 0.0162524231009245 0 0.129454744472311 0.159921262783856 0.388573189747781 0.279227858662131 0.292639717309381 0.404072310879361 0.428161852479766 0.515536613886141 0.428981855754601 0.602642552991041 0.565822923200431 0.485347376232696 0.792095565277311
"26" 0 0 0 0 0.0472207160431353 0.0841262055937801 0 0 0 0 0 0 0 0 0 0 0 0 0.0687705717502669 0 0 0 0 0 0 0 0.0488647989469158 0 0 0 0.0982517821492543 0.111835664320855 0.395707682514061 0.0457411792966669 0 0.13673483305753 0.16616502742538 0.390250850562385 0.264182779982485 0.27075758956073 0.387116967841255 0.43014639597419 0.434742550515135 0.403612226642525 0.63253585418986 0.55787617329005 0.475067307847055 0.72873654422084
"27" 0 0 0 0.00408010155800143 0.0611486943903078 0.0576315864892958 0 0 0 0 0 0 0 0 0 0 0 0 0.0654756689395768 0 0 0 0 0 0 0 0.0408606223390822 0 0 0 0.0704972390796315 0.136149960627857 0.358458397386616 0.0486658803211257 0.0310294134970979 0.180394252162707 0.184489063156257 0.427616371025678 0.264728785863263 0.255697267759742 0.371153361316607 0.427541104848552 0.428174433829632 0.440131381773947 0.616190412767222 0.559009504244072 0.495782088878952 0.796865129051577
"28" 0 0 0 0 0.0533312077552044 0.0650754152279432 0 0 0 0 0 0 0 0 0 0 0 0 0.0681736287404507 0 0 0 0 0 0 0 0.0464880710986081 0 0 0.0126753339936633 0.109400376971629 0.109894137121744 0.365186060853275 0.0359090925412727 0.0419878517708737 0.208039778419389 0.182120061962849 0.415980181021139 0.307938034163574 0.280229884926584 0.378900582716039 0.409084601905829 0.400684193320629 0.423716102958684 0.562294285819839 0.564109881686949 0.472736719054344 0.82798086193372
"29" 0 0 0 0.00215613889077171 0.0433849501100546 0.0711544897408577 0 0 0 0 0 0 0 0 0 0 0 0 0.0745631879713146 0 0 0 0 0 0 0 0.0357112845667756 0 0 0.0194317753919465 0.102806114330248 0.0892315272803698 0.356453046513884 0.0390761888392571 0.0136175615055617 0.14351970809176 0.129251352487178 0.41891868032592 0.275545617086795 0.267681204078109 0.39431857684491 0.40491739785904 0.436961347450415 0.39320660789881 0.58988026239054 0.541257294762415 0.47060160425761 0.744069724285215
"30" 0 0 0 0 0.0368836050300441 0.0419258737626391 0 0 0 0 0 0 0 0 0 0 0 0 0.0514180740824031 0 0 0 0 0 0 0 0.0496166065934711 0 0 0.00654203170464163 0.117547984559466 0.0590508882692793 0.366945663970509 0.0373488913797477 0 0.119556385981569 0.125371419961979 0.437049222473199 0.293508690391484 0.238977715341084 0.350141162137504 0.393294257554634 0.411988953789199 0.383911615957864 0.590514506182089 0.576020053290139 0.413858381988974 0.664754071832244
"31" 0 0 0 0 0.021225602223974 0.0821142762993811 0 0 0 0 0 0 0 0 0 0 0 0 0.086281886086475 0 0 0 0 0 0 0 0.0471774649547546 0 0 0.0195475086102154 0.0910788531200321 0.0871681163186814 0.382114789153127 0.0567157137267921 0 0.115123571967297 0.0966529101276276 0.409625418422097 0.240459184374412 0.242739769267097 0.372418083427897 0.376512427120417 0.417797282218156 0.423448780827187 0.608763499528252 0.574907557542012 0.393070437514052 0.695612753688377
"32" 0 0 0 0 0.015339883487919 0.0504472865956134 0 0 0 0 0 0 0 0 0 0 0 0 0.066592095951588 0 0 0 0 0 0 0 0.0428546866410888 0 0 0 0.120675733919125 0.056439927965146 0.344673996494556 0.0405169472913129 0 0.0890625140156611 0.141048423494311 0.398683380539385 0.25690464254627 0.263250388928671 0.381003569837385 0.394936825081005 0.357802196357101 0.423531908996216 0.579285621769665 0.55468497140529 0.406058801162566 0.718245211180122
