"time" "Srxn1_max" "NRF2_max" "time2" "Srxn1_mean" "NRF2_mean" "time3" "Srxn1_min" "NRF2_min" "dose1" "dose2" "Simulation" "SRXN1_observed" "SRXN1_SD"
"Conti_0.1_0.11" 0 0 0 0 0 0 0 0 0 0.1 0.1 "simulation1" 0 0
"Conti_0.1_0.12" 1 0.0312503348343993 0.080343379137727 1 0.0210193766443462 0.0365592048272522 1 0.0208181256650988 0 0.1 0.1 "simulation1" 0.00455682374803401 0.00789265025273135
"Conti_0.1_0.13" 2 0.0610833451963202 0.0117166882237594 2 0.0413903841767506 0.00390556274125312 2 0.0410108798352633 0 0.1 0.1 "simulation1" 0 0
"Conti_0.1_0.14" 3 0.0882509858474488 0.0794941243399867 3 0.0611877442012145 0.0383247522221812 3 0.0605963988651711 0 0.1 0.1 "simulation1" 0 0
"Conti_0.1_0.15" 4 0.129245819684508 0.0632713144571989 4 0.0814214975748458 0.040423274859613 4 0.0795942026294409 0 0.1 0.1 "simulation1" 0 0
"Conti_0.1_0.16" 5 0.187280951253431 0.115788476416331 5 0.1030526360582 0.0515882661769616 5 0.0980214964843565 0 0.1 0.1 "simulation1" 0.0196044852596801 0.0339559645260011
"Conti_0.1_0.17" 6 0.247098247611642 0.0692275580513186 6 0.123448147831904 0.0359921104791706 6 0.115895443730863 0 0.1 0.1 "simulation1" 0.0862589655254466 0.0599562014449025
"Conti_0.1_0.18" 7 0.277391204101835 0.0699392120104743 7 0.141123479636366 0.0366911816631011 7 0.133232660663031 0 0.1 0.1 "simulation1" 0.191920631002405 0.0791785863750381
"Conti_0.1_0.19" 8 0.325490935898972 0.101094371396279 8 0.1630467521234 0.0631241364814096 8 0.150049237256778 0 0.1 0.1 "simulation1" 0.269022298541306 0.145695779627004
"Conti_0.1_0.110" 9 0.398850261539823 0.127291539624838 9 0.20127785385762 0.0779870021223359 9 0.166360812253017 0 0.1 0.1 "simulation1" 0.331311583757579 0.177748421467099
"Conti_0.1_0.111" 10 0.489000181172674 0.150343042514947 10 0.247816640996383 0.0809820267112898 10 0.182182554048416 0 0.1 0.1 "simulation1" 0.341357758557848 0.207461732973935
"Conti_0.1_0.112" 11 0.568075780117151 0.109942953976063 11 0.288961334898059 0.0711893090257495 11 0.197529172278372 0 0.1 0.1 "simulation1" 0.358529512543967 0.218248417582644
"Conti_0.1_0.113" 12 0.63003615793338 0.10887675229805 12 0.315244190068816 0.0571878953278885 12 0.212414934285319 0 0.1 0.1 "simulation1" 0.365152268659605 0.243600744918032
"Conti_0.1_0.114" 13 0.694843162132572 0.121678647975606 13 0.340765667191583 0.0695352812196506 13 0.226853679905284 0 0.1 0.1 "simulation1" 0.394895674768612 0.214049595548816
"Conti_0.1_0.115" 14 0.759888445093789 0.112812567606724 14 0.36653653423631 0.0585149682969478 14 0.240858833141375 0 0.1 0.1 "simulation1" 0.428464161282935 0.277432497932536
"Conti_0.1_0.116" 15 0.815925661644704 0.104275558394785 15 0.386792358563103 0.0601407193620829 15 0.254443414556589 0 0.1 0.1 "simulation1" 0.419929412953641 0.264447815805204
"Conti_0.1_0.117" 16 0.856764551521718 0.0863576685450057 16 0.404208536262037 0.0521629118740951 16 0.267620053822705 0 0.1 0.1 "simulation1" 0.339171724319983 0.269159702139243
"Conti_0.1_0.118" 17 0.90532698652586 0.121671855870745 17 0.419430583012418 0.0550754428523561 17 0.280401001357235 0 0.1 0.1 "simulation1" 0.32360091731048 0.272458813001221
"Conti_0.1_0.119" 18 0.963312441350594 0.106486609163655 18 0.432813952479084 0.0462728552534206 18 0.292798139700294 0 0.1 0.1 "simulation1" 0.33326659231964 0.304093089478495
"Conti_0.1_0.120" 19 0.991081497169355 0.0669955562158658 19 0.44262245971809 0.0406579008261322 19 0.304822994562022 0 0.1 0.1 "simulation1" 0.363571716815508 0.347581523712247
"Conti_0.1_0.121" 20 1.00856794381005 0.0899346754339351 20 0.451596187256798 0.0409447019851253 20 0.316486745537785 0 0.1 0.1 "simulation1" 0.352741388601871 0.365746655943162
"Conti_0.1_0.122" 21 1.05566561646629 0.122810058134827 21 0.462266405043943 0.053113978098726 21 0.327800236502037 0 0.1 0.1 "simulation1" 0.398906939533119 0.364789229899895
"Conti_0.1_0.123" 22 1.11359848835801 0.120066737045803 22 0.474750633196047 0.0498439425250444 22 0.338773985689818 0 0.1 0.1 "simulation1" 0.397848730420871 0.447522473662148
"Conti_0.1_0.124" 23 1.16459777659269 0.109929750048386 23 0.486012471944283 0.0506934878814696 23 0.349418195476527 0 0.1 0.1 "simulation1" 0.338827742619939 0.422790173289598
"Conti_0.1_0.125" 24 1.19069630048592 0.0793158969335038 24 0.4949642143769 0.0453231761319034 24 0.359742761866674 0 0.1 0.1 "simulation1" 0.353253696038762 0.471643229057851
"Conti_0.1_0.126" 25 1.25356020627209 0.191187391259183 25 0.536377761947894 0.116496812157156 25 0.369757283681161 0 0.1 0.1 "simulation1" 0.442273321501446 0.518007661833521
"Conti_0.1_0.127" 26 1.30752428421341 0.0611243723480767 26 0.569065707197914 0.0272397332725799 26 0.379471071490656 0 0.1 0.1 "simulation1" 0.297724588252255 0.337763416700816
"Conti_0.1_0.128" 27 1.29198143078395 0.039249778304971 27 0.572821441394163 0.0171113027111596 27 0.388893156275013 0 0.1 0.1 "simulation1" 0.31898569299998 0.373342451101988
"Conti_0.1_0.129" 28 1.27544349392983 0.0456415245835869 28 0.576453109197927 0.0216816883543732 28 0.398032297816321 0 0.1 0.1 "simulation1" 0.309619221223064 0.341877822627958
"Conti_0.1_0.130" 29 1.27092357671358 0.0736457522665069 29 0.580264932626272 0.0365813117288323 29 0.406896992841258 0 0.1 0.1 "simulation1" 0.330304097510995 0.378185198574363
"Conti_0.1_0.131" 30 1.26948938828972 0.0535184088191322 30 0.584214244934858 0.030873858387827 30 0.415495482921535 0 0.1 0.1 "simulation1" 0.349467383381145 0.400609480835146
"Conti_0.1_0.132" 31 1.25737798131803 0.050136602699165 31 0.587744407952668 0.0300142645744087 31 0.423835762136174 0 0.1 0.1 "simulation1" 0.370859373534569 0.44688601262919
"Conti_0.1_0.133" 32 1.24324740129759 0.0422152411336887 32 0.591102055844089 0.0277265657281884 32 0.431925584503671 0 0.1 0.1 "simulation1" 0.313142840378071 0.352462752106481
"Conti_0.1_0.134" 33 1.23149791817723 0.055566496422462 33 0.594355992459937 0.0289792903379319 33 0.439772471190965 0 0.1 0.1 "simulation1" 0.313160020152254 0.370112866380053
"Conti_0.1_0.135" 34 1.21806377292244 0.0292183592830348 34 0.597390539385194 0.0164102577580553 34 0.447383717505917 0 0.1 0.1 "simulation1" 0.319353857985201 0.38389706764366
"Conti_0.1_0.136" 35 1.20362323570226 0.0470548942550059 35 0.600281368555233 0.0209643006896813 35 0.454766399679814 0 0.1 0.1 "simulation1" 0.301829029993101 0.370409154511126
"Conti_0.1_0.137" 36 1.18965626144799 0.0285440087505612 36 0.603092493049901 0.0180539400016577 36 0.461927381446191 0 0.1 0.1 "simulation1" 0.298460261021555 0.365131030085129
"Conti_0.1_0.138" 37 1.17511939265868 0.0361059289439862 37 0.605816120646138 0.0203872511082666 37 0.468873320422096 0 0.1 0.1 "simulation1" 0.268341400914497 0.330566614946266
"Conti_0.1_0.139" 38 1.16129453896691 0.0331195812671499 38 0.608451139898241 0.0123152511096393 38 0.475610674297721 0 0.1 0.1 "simulation1" 0.252649797736403 0.286093974607034
"Conti_0.1_0.140" 39 1.14742388872039 0.0222150931821802 39 0.610997727104563 0.00897218252303626 39 0.482145706840171 0 0.1 0.1 "simulation1" 0.248764470668877 0.262675719167208
"Conti_0.1_0.141" 40 1.13379607720106 0.0139359489958707 40 0.613467387657908 0.0046453163319569 40 0.488484493716928 0 0.1 0.1 "simulation1" 0.243414563013742 0.234365985821764
"Conti_0.1_0.142" 41 1.12060267701388 0.0268555536181859 41 0.615862598933904 0.00895185120606198 41 0.494632928144445 0 0.1 0.1 "simulation1" 0.236958430620186 0.209966101978803
"Conti_0.1_0.143" 42 1.1078647358181 0.0232201341067997 42 0.618186444368189 0.00774004470226656 42 0.500596726367113 0 0.1 0.1 "simulation1" 0.207102529967032 0.182552524655352
"Conti_0.1_0.144" 43 1.09544167758439 0.018393937172294 43 0.620440006730564 0.00937156363170955 43 0.506381432971697 0 0.1 0.1 "simulation1" 0.216644362279075 0.182939517732212
"Conti_0.1_0.145" 44 1.08336655460843 0.00989663046262435 44 0.62262597576526 0.00329887682087478 44 0.511992426042172 0 0.1 0.1 "simulation1" 0.20533664808955 0.181573695541382
"Conti_0.1_0.146" 45 1.0716721003721 0.0258017527505582 45 0.624746725113913 0.0129435248355387 45 0.517434922159777 0 0.1 0.1 "simulation1" 0.164219041521095 0.14110407387167
"Conti_0.1_0.147" 46 1.06087044814443 0.0388117101892017 46 0.626815800484919 0.0206811235321252 46 0.522713981252899 0 0.1 0.1 "simulation1" 0.162597796466214 0.13026872539817
"Conti_0.1_0.148" 47 1.0503185832093 0.0254845068767062 47 0.628822158536319 0.01275443486726 47 0.527834511301333 0 0.1 0.1 "simulation1" 0.160753710506629 0.105137361807631
"Conti_0.1_0.149" 48 1.03975263937473 0.0313852937976402 48 0.630759398435544 0.0170537962431863 48 0.532801272899261 0 0.1 0.1 "simulation1" 0.144902377440842 0.096387877697903
"Conti_0.32_0.321" 0 0 0 0 0 0 0 0 0 0.32 0.32 "simulation2" 0 0
"Conti_0.32_0.322" 1 0.0208181256656578 0 1 0.0208181256650988 0 1 0.0208181256650988 0 0.32 0.32 "simulation2" 0.0193187402528137 0.0334610396560994
"Conti_0.32_0.323" 2 0.0410443132948107 0.0322841940334015 2 0.0410111597472613 0.0148116659715562 2 0.0410109279372139 0.00418692633347639 0.32 0.32 "simulation2" 0.0130260965505663 0.0225618610498785
"Conti_0.32_0.324" 3 0.0898253465659556 0.122911298583551 3 0.0766518254117535 0.0990503649128807 3 0.0624864339646919 0.0564755170258682 0.32 0.32 "simulation2" 0.0130796214090902 0.0226545688243099
"Conti_0.32_0.325" 4 0.201924262691834 0.190618782169056 4 0.156838270092154 0.123648123667745 4 0.0849174744688027 0.0311480150874837 0.32 0.32 "simulation2" 0.0275440712917585 0.0477077309246251
"Conti_0.32_0.326" 5 0.331506620269788 0.1983779113757 5 0.253474583356114 0.152907882861599 5 0.112753405354554 0.0767014223883824 0.32 0.32 "simulation2" 0.172018318292054 0.244894442510769
"Conti_0.32_0.327" 6 0.468484730190181 0.227568840355865 6 0.355471040585635 0.153250339673593 6 0.156825419538577 0.0743297209509929 0.32 0.32 "simulation2" 0.480724942432475 0.412536530838587
"Conti_0.32_0.328" 7 0.597786159676272 0.191939183608021 7 0.455409270422176 0.156896274593877 7 0.219715479646897 0.114781968444348 0.32 0.32 "simulation2" 0.784527620292329 0.582377393689538
"Conti_0.32_0.329" 8 0.731532921750441 0.254351005139788 8 0.555580801947601 0.161663253978081 8 0.275536663273952 0.0648593916730021 0.32 0.32 "simulation2" 1.01722067242684 0.734418171936741
"Conti_0.32_0.3210" 9 0.88020207323251 0.246226838114737 9 0.650535730768679 0.151250043328687 9 0.301292064445138 0.0649017966112543 0.32 0.32 "simulation2" 1.18959675994977 0.841293827787877
"Conti_0.32_0.3211" 10 1.0119523991358 0.221709479367154 10 0.738969807382355 0.150436675942014 10 0.331869603833077 0.073457042904685 0.32 0.32 "simulation2" 1.30230506327205 0.912741349504201
"Conti_0.32_0.3212" 11 1.13224408985097 0.219915526606421 11 0.825525666126142 0.154233744528455 11 0.378403859384567 0.0966306938151635 0.32 0.32 "simulation2" 1.381702460334 0.944658240619109
"Conti_0.32_0.3213" 12 1.24784105973236 0.217896693891496 12 0.914030124959619 0.164666646041619 12 0.445986972103104 0.120715845464002 0.32 0.32 "simulation2" 1.3120370213772 0.896613200570732
"Conti_0.32_0.3214" 13 1.36289526612846 0.225252823192106 13 1.00975727509998 0.180001157300441 13 0.526080311998197 0.132265463274548 0.32 0.32 "simulation2" 1.18850696578703 0.968987211598852
"Conti_0.32_0.3215" 14 1.46097689047892 0.177415421117351 14 1.08976701719406 0.128977585659984 14 0.596220540542257 0.103103835325031 0.32 0.32 "simulation2" 1.2525136736135 1.06543856750624
"Conti_0.32_0.3216" 15 1.54362511986884 0.188562216722204 15 1.15264630671731 0.13817816553593 15 0.648367902141511 0.094634394749207 0.32 0.32 "simulation2" 1.30695548530979 1.09715069153018
"Conti_0.32_0.3217" 16 1.63502422724664 0.203905046875977 16 1.21783076362571 0.137423850867114 16 0.687027365057422 0.076025083453175 0.32 0.32 "simulation2" 1.19868147204304 1.25228514284668
"Conti_0.32_0.3218" 17 1.710804834958 0.152175122125541 17 1.26859745593011 0.103000863117214 17 0.700870397431395 0.0506832899894204 0.32 0.32 "simulation2" 1.2172483609563 1.3047397505321
"Conti_0.32_0.3219" 18 1.77305668912487 0.168368323238966 18 1.31200339697467 0.123607382416852 18 0.707958951817988 0.0613240013156967 0.32 0.32 "simulation2" 1.24114754258668 1.31579133519536
"Conti_0.32_0.3220" 19 1.82876540745341 0.135016775887741 19 1.35864531509132 0.110833192088929 19 0.725878696674046 0.0713389429475001 0.32 0.32 "simulation2" 1.2951612128598 1.355716129017
"Conti_0.32_0.3221" 20 1.87065487690169 0.135295062437415 20 1.39500334827409 0.104234791523465 20 0.736685335739924 0.0488976909181922 0.32 0.32 "simulation2" 1.57670378050325 1.31449051289776
"Conti_0.32_0.3222" 21 1.9144582595078 0.140219890181468 21 1.4302862034381 0.109094683960518 21 0.743761813600434 0.06392859008402 0.32 0.32 "simulation2" 1.38932531263675 1.53111806560777
"Conti_0.32_0.3223" 22 1.95429419476247 0.127730381516706 22 1.46300278372687 0.0997872885326997 22 0.753772576332161 0.0569172128460784 0.32 0.32 "simulation2" 1.62435208965363 1.39657958651032
"Conti_0.32_0.3224" 23 1.98605041010254 0.122477116374314 23 1.48569100338539 0.0910317704890359 23 0.767751193974985 0.0717895312297886 0.32 0.32 "simulation2" 1.30955181531124 1.39340664750367
"Conti_0.32_0.3225" 24 2.01559930740933 0.122986501990515 24 1.50439920261704 0.0913983172912429 24 0.777501767327702 0.0516022075661902 0.32 0.32 "simulation2" 1.4574882917675 1.21101559406592
"Conti_0.32_0.3226" 25 2.06282829440912 0.181118153288835 25 1.54233221231012 0.137894337413804 25 0.805968011794678 0.102903204628138 0.32 0.32 "simulation2" 1.60773490435145 1.0088855893106
"Conti_0.32_0.3227" 26 2.12261358423295 0.161689981364638 26 1.57412105826856 0.0785234196333394 26 0.824781452312084 0.0248469154451888 0.32 0.32 "simulation2" 1.3747941311286 0.80859182915686
"Conti_0.32_0.3228" 27 2.18239131678934 0.189424565477595 27 1.57885935800761 0.0857883213523933 27 0.82083549938201 0.0080775127814946 0.32 0.32 "simulation2" 1.30172229347175 0.762673158082018
"Conti_0.32_0.3229" 28 2.24458893273087 0.172653467762073 28 1.58633440913701 0.0787367854094657 28 0.817003533916819 0.00852735984307651 0.32 0.32 "simulation2" 1.2327900640569 0.716549601359125
"Conti_0.32_0.3230" 29 2.29739149686467 0.167450572764781 29 1.58696986808139 0.0743146621959807 29 0.813286610295072 0 0.32 0.32 "simulation2" 1.15736891269629 0.69791036575324
"Conti_0.32_0.3231" 30 2.34165664122258 0.14960472905518 30 1.58194171415425 0.068206623933598 30 0.80968129202796 0 0.32 0.32 "simulation2" 1.15593720011593 0.69144498299823
"Conti_0.32_0.3232" 31 2.37174127277676 0.133214227008308 31 1.57225219327875 0.0659749853800293 31 0.806184257898685 0 0.32 0.32 "simulation2" 0.935552460785096 0.788040140800891
"Conti_0.32_0.3233" 32 2.41015224863636 0.171810057244896 32 1.56737108178482 0.0748191001421817 32 0.802792244971693 0.0112347437533662 0.32 0.32 "simulation2" 0.969913148986079 0.641882736572472
"Conti_0.32_0.3234" 33 2.44877036094171 0.136847375861318 33 1.56075745146269 0.0622071425825162 33 0.799502131949719 0.00156703766257449 0.32 0.32 "simulation2" 0.865276519735367 0.740958628944501
"Conti_0.32_0.3235" 34 2.47201851567781 0.132419514510853 34 1.54581936897198 0.0592935333339099 34 0.796310919547886 0.0171202600333149 0.32 0.32 "simulation2" 0.799347839997132 0.668808784471859
"Conti_0.32_0.3236" 35 2.49419251612271 0.134322335325552 35 1.53181912626616 0.0637364497644646 35 0.793215821942507 0 0.32 0.32 "simulation2" 0.696488959111051 0.530135150660922
"Conti_0.32_0.3237" 36 2.53984570685665 0.210967043337719 36 1.53177186615267 0.0832567565575758 36 0.790213295321686 0.00376420257075361 0.32 0.32 "simulation2" 0.640277646792966 0.502165431571379
"Conti_0.32_0.3238" 37 2.60490530696775 0.189742663305538 37 1.53623955803575 0.0714724563394323 37 0.787300868680888 0.0062282172710677 0.32 0.32 "simulation2" 0.592593556973694 0.426815934972394
"Conti_0.32_0.3239" 38 2.6496618914368 0.156820347171911 38 1.5286393238776 0.0620725611218006 38 0.784475914250274 0 0.32 0.32 "simulation2" 0.555936057183196 0.399207749036334
"Conti_0.32_0.3240" 39 2.66228199103712 0.100443211039654 39 1.50920335001641 0.0408397981370782 39 0.781735791468615 0 0.32 0.32 "simulation2" 0.520635067487681 0.355242080441369
"Conti_0.32_0.3241" 40 2.64526604181873 0.0872661435711932 40 1.48702257733289 0.0482665084607359 40 0.779077961967678 0.0121478480443898 0.32 0.32 "simulation2" 0.466495278416142 0.355237959361942
"Conti_0.32_0.3242" 41 2.63247295143123 0.103750079875125 41 1.46618965740382 0.0433052163923237 41 0.776499975605417 0 0.32 0.32 "simulation2" 0.39757874587573 0.268695091263962
"Conti_0.32_0.3243" 42 2.63159146509145 0.109274613975941 42 1.44462641326127 0.0401117153512748 42 0.77399937290778 0 0.32 0.32 "simulation2" 0.356313153553681 0.221872717322646
"Conti_0.32_0.3244" 43 2.62334040212693 0.089526390927019 43 1.42313928849694 0.0375212205299432 43 0.771573856285738 0 0.32 0.32 "simulation2" 0.328299108786311 0.173882320413737
"Conti_0.32_0.3245" 44 2.60763449443527 0.0933641647182677 44 1.40218651830591 0.0387623341117033 44 0.769221178899328 0 0.32 0.32 "simulation2" 0.283814463915656 0.140737820247031
"Conti_0.32_0.3246" 45 2.59269131976787 0.0877970912730337 45 1.38213601088845 0.0403470303031536 45 0.766939151836358 0 0.32 0.32 "simulation2" 0.232118249644782 0.0972985052771274
"Conti_0.32_0.3247" 46 2.56778304763903 0.077502333575598 46 1.36276347970846 0.0402037605427888 46 0.76472565348853 0 0.32 0.32 "simulation2" 0.213732979412264 0.059884767431638
"Conti_0.32_0.3248" 47 2.55762049589101 0.11295434222596 47 1.34513962576659 0.0480245122277952 47 0.762578625957627 0 0.32 0.32 "simulation2" 0.199949170251787 0.0851600323711526
"Conti_0.32_0.3249" 48 2.55671965183434 0.0934763242943986 48 1.32807514735995 0.0397436095301998 48 0.76049607767484 0.0049816280369458 0.32 0.32 "simulation2" 0.168669785212906 0.0583887469039642
"Conti_1_11" 0 0 0 0 0 0 0 0 0 1 1 "simulation3" 0 0
"Conti_1_12" 1 0.0549145979519462 0.154363696764214 1 0.0295314306755081 0.090059429290266 1 0.0210275739404067 0.0433567468287264 1 1 "simulation3" 0 0
"Conti_1_13" 2 0.205918379632545 0.307729844903092 2 0.137554199672228 0.233508867306404 2 0.0830108728391409 0.15149851962113 1 1 "simulation3" 0 0
"Conti_1_14" 3 0.502826519218195 0.640921084763091 3 0.37610221049794 0.513042599781191 3 0.237892392747038 0.311748292233898 1 1 "simulation3" 0.00108608621714238 0.00188115650949089
"Conti_1_15" 4 0.924376264742751 0.73782448766561 4 0.72847852956202 0.62170503489073 4 0.473061946542299 0.42277119043817 1 1 "simulation3" 0.0880620292892533 0.132709470983184
"Conti_1_16" 5 1.35858787367554 0.739945261382577 5 1.09375549351324 0.604990551801538 5 0.727791411159951 0.40830428137106 1 1 "simulation3" 0.617375664817503 0.342176400626741
"Conti_1_17" 6 1.75264701892003 0.661059988159661 6 1.42593366268553 0.55974820414653 6 0.969932948472777 0.41528201274087 1 1 "simulation3" 1.41171534587167 0.579267370748792
"Conti_1_18" 7 2.10870530088131 0.661129752970303 7 1.72943601902494 0.542315858093208 7 1.20673099775776 0.412993436882582 1 1 "simulation3" 2.09933197451796 0.764622846249429
"Conti_1_19" 8 2.47110529703988 0.701809487616265 8 2.00798615525291 0.505196215770467 8 1.40856904511605 0.317840712030964 1 1 "simulation3" 2.60869850398622 1.01083879278883
"Conti_1_110" 9 2.80962009255076 0.62201472874417 9 2.25975296826874 0.482511854315716 9 1.57814288931028 0.338699188182274 1 1 "simulation3" 3.09130920176397 1.19590954295169
"Conti_1_111" 10 3.11608680838801 0.632829448172347 10 2.49460647787416 0.470317301121532 10 1.76061540982669 0.362243428334008 1 1 "simulation3" 3.37285018300556 1.37436975607024
"Conti_1_112" 11 3.40633744794702 0.590003609801028 11 2.70708061121268 0.434832023391107 11 1.92458819124539 0.305356418828509 1 1 "simulation3" 3.39921088896305 1.4016998375715
"Conti_1_113" 12 3.65645883950611 0.534243597264898 12 2.90280123262084 0.432026542214326 12 2.08869350850946 0.373059651256798 1 1 "simulation3" 3.57738101311119 1.50291582997119
"Conti_1_114" 13 3.87712840379605 0.515231183473512 13 3.08160375443989 0.392717098774915 13 2.24732619249771 0.294258739983945 1 1 "simulation3" 3.60069853104603 1.46108845278188
"Conti_1_115" 14 4.07581620205496 0.479480215830631 14 3.23141326683624 0.35849452535616 14 2.34907902123468 0.218939093067234 1 1 "simulation3" 3.69105694598331 1.56833449980774
"Conti_1_116" 15 4.24694271650387 0.445432187041041 15 3.35926121215042 0.334645971475294 15 2.43832151064215 0.256316475370303 1 1 "simulation3" 3.84398762862169 1.59633193648397
"Conti_1_117" 16 4.39909034601673 0.433403125704327 16 3.47470139490912 0.327831352564772 16 2.53208354072673 0.230877356075567 1 1 "simulation3" 3.98057480090013 1.63257227103377
"Conti_1_118" 17 4.54404916633128 0.433492419442199 17 3.58017574254731 0.311679678464385 17 2.59178080238705 0.16707178222767 1 1 "simulation3" 4.0216335644102 1.61630679928027
"Conti_1_119" 18 4.68028762828606 0.419218094764943 18 3.67356073551952 0.29994728542338 18 2.646746595891 0.216597552154181 1 1 "simulation3" 4.16515863809329 1.7633943904166
"Conti_1_120" 19 4.80982010794194 0.422895635675258 19 3.7629616953773 0.305802379955796 19 2.7167204429881 0.218952246030143 1 1 "simulation3" 4.25300734413744 1.7988211175572
"Conti_1_121" 20 4.92682402012822 0.392188789687649 20 3.84839151996543 0.294226574028537 20 2.78457360808805 0.216557333291264 1 1 "simulation3" 4.41521223915316 2.04979937948315
"Conti_1_122" 21 5.03501444048057 0.403999208976452 21 3.92387840259766 0.282667490935747 21 2.83410414505597 0.165944102388242 1 1 "simulation3" 4.45733067567668 1.95106393630264
"Conti_1_123" 22 5.13359450187919 0.371009518014277 22 3.9908886581737 0.273954046406675 22 2.87451627204635 0.19548599626478 1 1 "simulation3" 4.4133090923986 2.15155434467979
"Conti_1_124" 23 5.22289459352561 0.38219861260097 23 4.05419650049877 0.274372862383685 23 2.92461399555927 0.192969380609899 1 1 "simulation3" 4.34300545677683 2.14230432825222
"Conti_1_125" 24 5.3020343512382 0.346606257490466 24 4.10607680291862 0.246229316448512 24 2.95988094770167 0.163352889476423 1 1 "simulation3" 4.13561530613603 1.94946830482019
"Conti_1_126" 25 5.37241397679151 0.362216022805729 25 4.16091572841248 0.284141834444921 25 3.0124192271758 0.23831453461814 1 1 "simulation3" 4.14548112370301 1.68782844986772
"Conti_1_127" 26 5.44319471509986 0.353550546488146 26 4.20797403115374 0.225818477972025 26 3.04411015459989 0.110708259159968 1 1 "simulation3" 3.65368782664638 1.46857555630603
"Conti_1_128" 27 5.51493435334557 0.37581546865883 27 4.23483263580327 0.22970654575726 27 3.02631921994538 0.10016699841433 1 1 "simulation3" 3.49444507402512 1.52349083782672
"Conti_1_129" 28 5.60490743775034 0.414095576849521 28 4.26932020701505 0.245872255903608 28 3.01562504888325 0.123575869203519 1 1 "simulation3" 3.32683731153586 1.60399583186724
"Conti_1_130" 29 5.69515306481006 0.383981530601431 29 4.30233565400125 0.227111647971244 29 3.01983905523744 0.133505481551325 1 1 "simulation3" 3.08187670095314 1.40409170539854
"Conti_1_131" 30 5.75923273085788 0.342929922596417 30 4.32043003771955 0.204595668523856 30 3.01628011780462 0.108335860217825 1 1 "simulation3" 2.78114533135086 1.31215301696678
"Conti_1_132" 31 5.80393512550082 0.328910025025981 31 4.33329432516999 0.210518306555029 31 3.01563538148493 0.138814983065063 1 1 "simulation3" 2.6632475042565 1.34587916853419
"Conti_1_133" 32 5.85393659757959 0.352838419799137 32 4.34633321744214 0.202812153254176 32 3.01382018499725 0.106057264911141 1 1 "simulation3" 2.41045804942985 1.25517480365932
"Conti_1_134" 33 5.87888658651471 0.256731326098064 33 4.34871876023687 0.179139977615137 33 3.01096704785306 0.135807802446115 1 1 "simulation3" 2.29009034151171 1.23870142144469
"Conti_1_135" 34 5.87894861415894 0.278596595412571 34 4.34113525676627 0.172349515158993 34 3.00932506820982 0.107625287927148 1 1 "simulation3" 2.02885465111457 1.1220737065804
"Conti_1_136" 35 5.88685470455315 0.274069162535553 35 4.33331377076106 0.174411802408586 35 2.99521731969087 0.103070316419077 1 1 "simulation3" 1.85156015989219 0.998195650174814
"Conti_1_137" 36 5.89317361547809 0.275481391373135 36 4.32033001436632 0.155425580278069 36 2.95732263517292 0.0565677337446293 1 1 "simulation3" 1.68910270121404 0.951439966379454
"Conti_1_138" 37 5.89776618739808 0.268216988616032 37 4.29976237761642 0.15008708710104 37 2.90082966511014 0.0662850531348984 1 1 "simulation3" 1.53017246940235 0.872401149453942
"Conti_1_139" 38 5.89728259891878 0.259136727441869 38 4.2732079836964 0.137006350714894 38 2.84317908452655 0.0501032388014562 1 1 "simulation3" 1.37603653936569 0.789817190993318
"Conti_1_140" 39 5.88987201086541 0.24457533663813 39 4.25249642900358 0.162374005862194 39 2.8131905274033 0.114301090605283 1 1 "simulation3" 1.2432671825461 0.755860729037055
"Conti_1_141" 40 5.87189670879465 0.224661380124652 40 4.23386971091808 0.140670099814568 40 2.7900589294507 0.0636560900429137 1 1 "simulation3" 1.08523247600944 0.705130339549563
"Conti_1_142" 41 5.84706554993874 0.219792016834858 41 4.20921618749523 0.14428204486845 41 2.75421218222884 0.0918669486402919 1 1 "simulation3" 0.964333445420524 0.663840326382223
"Conti_1_143" 42 5.81861238274185 0.20844093857705 42 4.18259419600188 0.131186360199742 42 2.73186326050955 0.0821780644787564 1 1 "simulation3" 0.857138464324869 0.583327748980416
"Conti_1_144" 43 5.78286611763504 0.193818246804123 43 4.15031892889804 0.127124691032531 43 2.70356123353039 0.0827627455148239 1 1 "simulation3" 0.779843468668422 0.571536171761869
"Conti_1_145" 44 5.74150632935735 0.186639667593431 44 4.11935849179841 0.130079533630661 44 2.68354519256763 0.0938698189751128 1 1 "simulation3" 0.678788273336301 0.500280121726691
"Conti_1_146" 45 5.69657647414172 0.179615779981721 45 4.08505730600042 0.11714213828146 45 2.66164564903275 0.0795307421873539 1 1 "simulation3" 0.594919641813754 0.428666748628332
"Conti_1_147" 46 5.65776982068191 0.19997669407612 46 4.05423715897335 0.136104018912911 46 2.64123327927326 0.094124815990303 1 1 "simulation3" 0.521395256980293 0.407520233868911
"Conti_1_148" 47 5.62472768376542 0.193262341213621 47 4.0287899023148 0.127751398633213 47 2.61516720642963 0.0677013331701051 1 1 "simulation3" 0.424250513685283 0.327596053754348
"Conti_1_149" 48 5.590435972223 0.194884278658832 48 3.9994065817338 0.124716355322315 48 2.57583357729932 0.0703918554517584 1 1 "simulation3" 0.382482309594365 0.321960807876957
"Conti_3.16_3.161" 0 0 0 0 0 0 0 0 0 3.16 3.16 "simulation4" 0 0
"Conti_3.16_3.162" 1 0.0208799033275592 0.0388251484098336 1 0.0208179877934017 0.0129417161366112 1 0.020817916272476 0 3.16 3.16 "simulation4" 0 0
"Conti_3.16_3.163" 2 0.255083691655407 0.769347345710357 2 0.179580598749349 0.538197515675183 2 0.120309419165891 0.344363470123755 3.16 3.16 "simulation4" 0 0
"Conti_3.16_3.164" 3 0.860708923729264 1.16294171608309 3 0.636546750733562 0.898283761857429 3 0.457374113893061 0.688185399036903 3.16 3.16 "simulation4" 0.00280283946334838 0.00485466035597848
"Conti_3.16_3.165" 4 1.56306208065616 1.21280468675558 4 1.18493532490016 0.935811237384383 4 0.879652763806927 0.70732835858409 3.16 3.16 "simulation4" 0.256185063805458 0.212890791962073
"Conti_3.16_3.166" 5 2.28018000703524 1.29501389036575 5 1.73469117721955 0.971516343412383 5 1.2924556156275 0.707469333379395 3.16 3.16 "simulation4" 1.28070173108394 0.486661023645556
"Conti_3.16_3.167" 6 2.98010863292073 1.22224408985555 6 2.27377024988278 0.951407453283375 6 1.69203876589599 0.703442261713325 3.16 3.16 "simulation4" 2.62138660231885 0.852624246099183
"Conti_3.16_3.168" 7 3.6165195953066 1.16228509591104 7 2.77684079081171 0.907953383896061 7 2.06726993010094 0.663420658901522 3.16 3.16 "simulation4" 3.89793648584056 1.13468871218572
"Conti_3.16_3.169" 8 4.18905856357299 1.08015487087593 8 3.23397717832322 0.849177064392946 8 2.40919092894436 0.627995732085779 3.16 3.16 "simulation4" 4.91572480330803 1.48352398428238
"Conti_3.16_3.1610" 9 4.7196933341667 1.06920432301941 9 3.64173308317222 0.790603687539259 9 2.69679231252693 0.526457194156439 3.16 3.16 "simulation4" 5.65422070853085 1.55895818947379
"Conti_3.16_3.1611" 10 5.20402685938009 0.96707597528871 10 4.01062573383119 0.755420698866679 10 2.96062381236222 0.569352443079523 3.16 3.16 "simulation4" 6.08393390167037 1.72019518667184
"Conti_3.16_3.1612" 11 5.61064392281429 0.878733412803995 11 4.33140856871069 0.676740859632519 11 3.19825890365035 0.466533465124004 3.16 3.16 "simulation4" 6.58179832459753 1.89570228830446
"Conti_3.16_3.1613" 12 5.97898070287722 0.869138309214242 12 4.62222152030402 0.67673117493019 12 3.41277425053944 0.519873543494313 3.16 3.16 "simulation4" 6.62885769768332 1.57679191524904
"Conti_3.16_3.1614" 13 6.32389975452713 0.832000165527453 13 4.89611117338007 0.64568070450915 13 3.63133483226718 0.49354572085592 3.16 3.16 "simulation4" 6.86506272732433 1.80402853958285
"Conti_3.16_3.1615" 14 6.64099273792773 0.809810428068464 14 5.14848416725764 0.634095391023451 14 3.83447429039972 0.491913329158504 3.16 3.16 "simulation4" 7.19150582048611 1.97596630821589
"Conti_3.16_3.1616" 15 6.92067442441483 0.735894320296352 15 5.37739982789183 0.590053451212636 15 4.01205886468371 0.428792668040583 3.16 3.16 "simulation4" 7.44024015596037 1.85029830257631
"Conti_3.16_3.1617" 16 7.1427566939563 0.652760398977182 16 5.57056691614357 0.540808369311274 16 4.16539427952853 0.427569999966373 3.16 3.16 "simulation4" 7.84361081446054 2.08860059977231
"Conti_3.16_3.1618" 17 7.32626331517496 0.629447684139176 17 5.73395681961155 0.510808701337558 17 4.30354522504229 0.392399460232422 3.16 3.16 "simulation4" 8.30172863801461 2.34537671105021
"Conti_3.16_3.1619" 18 7.49580427984003 0.617925771596651 18 5.88121776860848 0.499055014687173 18 4.43451165810919 0.417160037502585 3.16 3.16 "simulation4" 8.43684697870263 2.35305990030938
"Conti_3.16_3.1620" 19 7.64880210123727 0.592088695758966 19 6.0093138876798 0.462718429808304 19 4.55731087131298 0.377698154308708 3.16 3.16 "simulation4" 8.65166143536958 2.60915050762784
"Conti_3.16_3.1621" 20 7.79208457801033 0.595762809561488 20 6.12331028597518 0.463306542374584 20 4.667671478624 0.387570405064356 3.16 3.16 "simulation4" 8.84746696055414 2.63053168972808
"Conti_3.16_3.1622" 21 7.90969723245731 0.526844360309223 21 6.22394923812219 0.42829065027387 21 4.76263323376751 0.336481414447996 3.16 3.16 "simulation4" 8.89770666902731 2.74350443412849
"Conti_3.16_3.1623" 22 8.00256605580193 0.521104724293968 22 6.30790503907061 0.418205199249524 22 4.83613908657285 0.328129006009941 3.16 3.16 "simulation4" 8.82975131636951 2.61347365582031
"Conti_3.16_3.1624" 23 8.07527134329872 0.466369961969268 23 6.37727841853063 0.386672584449005 23 4.8984173757952 0.302097379021329 3.16 3.16 "simulation4" 8.58260559923209 2.55766666909756
"Conti_3.16_3.1625" 24 8.13246356966869 0.478618095484597 24 6.42782346124899 0.368909019027557 24 4.93720979089256 0.270594213178587 3.16 3.16 "simulation4" 8.3077655694167 2.38419317217999
"Conti_3.16_3.1626" 25 8.18113148073691 0.439498180407975 25 6.48906010120022 0.418152346303645 25 5.01167106611764 0.405035581864795 3.16 3.16 "simulation4" 8.4749672858851 0.923419155779283
"Conti_3.16_3.1627" 26 8.20931802681038 0.41795491327733 26 6.5492695836522 0.369007004372168 26 5.08757488046557 0.288807130638098 3.16 3.16 "simulation4" 8.03265851681338 0.798359869928098
"Conti_3.16_3.1628" 27 8.22306364368574 0.390106197052291 27 6.584758175423 0.347791015756781 27 5.12508266080935 0.286323598629605 3.16 3.16 "simulation4" 7.71353959931974 0.831871061666376
"Conti_3.16_3.1629" 28 8.21067961529872 0.339699565410592 28 6.60282772009956 0.31510300498802 28 5.16034517347683 0.283058922042529 3.16 3.16 "simulation4" 7.37464363699925 0.736492209162867
"Conti_3.16_3.1630" 29 8.18533262178571 0.338962991962425 29 6.60996398488881 0.311313270600844 29 5.19144415480028 0.276376900803275 3.16 3.16 "simulation4" 7.11589069345831 0.793101973337856
"Conti_3.16_3.1631" 30 8.15735506781374 0.327430654998892 30 6.61457607262645 0.306198018894925 30 5.21691856700196 0.26902092672107 3.16 3.16 "simulation4" 6.62855720581452 0.633005865132723
"Conti_3.16_3.1632" 31 8.12608304963067 0.325213713059109 31 6.61733173532135 0.304562762602468 31 5.24366766246977 0.279987667461238 3.16 3.16 "simulation4" 6.28729150032783 0.774692226240085
"Conti_3.16_3.1633" 32 8.09031477972813 0.307046875820002 32 6.61054238689676 0.272742736808683 32 5.26401035036328 0.251534181257876 3.16 3.16 "simulation4" 5.85799507555168 0.75583337801453
"Conti_3.16_3.1634" 33 8.04293510636255 0.285450532785629 33 6.5912751483198 0.266693459740019 33 5.27600007840716 0.256288780723623 3.16 3.16 "simulation4" 5.40874737547458 0.737500404545245
"Conti_3.16_3.1635" 34 7.98728406520384 0.274890438380103 34 6.57103575883161 0.264092970030168 34 5.28957507894672 0.255876511198728 3.16 3.16 "simulation4" 5.01588835548978 0.663461782521515
"Conti_3.16_3.1636" 35 7.92657895816911 0.267026405830952 35 6.54411707275773 0.24447493252521 35 5.29096089116265 0.214579669882869 3.16 3.16 "simulation4" 4.56027599534572 0.602093773956389
"Conti_3.16_3.1637" 36 7.88434353421855 0.322059863070087 36 6.51944004513712 0.267902432276586 36 5.28026339011577 0.221717708089926 3.16 3.16 "simulation4" 4.24646335443827 0.572458788675208
"Conti_3.16_3.1638" 37 7.84731043482102 0.276384552615402 37 6.50039520882884 0.255692032642941 37 5.27546601552206 0.226554876605801 3.16 3.16 "simulation4" 3.88806425076674 0.48252569709314
"Conti_3.16_3.1639" 38 7.78350458139198 0.239836849156063 38 6.46711204929385 0.22321899662955 38 5.26268061763819 0.199126344847141 3.16 3.16 "simulation4" 3.52684319376564 0.485540964530145
"Conti_3.16_3.1640" 39 7.71322972916002 0.24458394390678 39 6.422629327291 0.214406723522885 39 5.24207267051827 0.197316191381423 3.16 3.16 "simulation4" 3.19356722557083 0.450649745435734
"Conti_3.16_3.1641" 40 7.63874563904855 0.217300977100898 40 6.36638307587084 0.180102835785731 40 5.20705881447175 0.147423259963897 3.16 3.16 "simulation4" 2.89624922082964 0.472819551863548
"Conti_3.16_3.1642" 41 7.55604212844567 0.213828032956985 41 6.29904584999246 0.174930225579004 41 5.15614408876506 0.148857485942872 3.16 3.16 "simulation4" 2.59986499745591 0.469085179682495
"Conti_3.16_3.1643" 42 7.47978724173917 0.225835110317532 42 6.23271590725551 0.173320174864782 42 5.10310834139369 0.133474505400241 3.16 3.16 "simulation4" 2.33633487244101 0.450239183161
"Conti_3.16_3.1644" 43 7.40490641249269 0.210337807200799 43 6.16383428740343 0.159214757318178 43 5.04555910245089 0.130377956472697 3.16 3.16 "simulation4" 2.10608736025423 0.491215615947194
"Conti_3.16_3.1645" 44 7.32498765969245 0.203411948972628 44 6.08743056237204 0.145663606036341 44 4.98272690102494 0.114590305582128 3.16 3.16 "simulation4" 1.84413430820776 0.434430332260069
"Conti_3.16_3.1646" 45 7.24096540818588 0.191101427653919 45 6.00934923826361 0.14719937417585 45 4.91620652220926 0.114131546594343 3.16 3.16 "simulation4" 1.64069464680267 0.418101036480213
"Conti_3.16_3.1647" 46 7.1644903831098 0.216632532337753 46 5.93764880910843 0.155142005060635 46 4.84493317784178 0.0978394991990402 3.16 3.16 "simulation4" 1.44387648659379 0.394769763510938
"Conti_3.16_3.1648" 47 7.092336689107 0.19646734579017 47 5.86583230147884 0.141109333730756 47 4.76876804366283 0.0974422314114203 3.16 3.16 "simulation4" 1.25475376061891 0.350086193831814
"Conti_3.16_3.1649" 48 7.01510372923316 0.196509319940803 48 5.79061886331353 0.139114976181721 48 4.69277374292236 0.0922923864277688 3.16 3.16 "simulation4" 1.08733484087622 0.312270400353625
"Conti_10_101" 0 0 0 0 0 0 0 0 0 10 10 "simulation5" 0 0
"Conti_10_102" 1 0.0312264403861422 0.126368054618328 1 0.022751177841767 0.0740967456777419 1 0.020817884924101 0 10 10 "simulation5" 0.0189085187704998 0.0327505152063755
"Conti_10_103" 2 0.406425764136956 1.12660681843114 2 0.297398538426861 0.839361040985462 2 0.148592916979383 0.43412188352725 10 10 "simulation5" 0.0221150829854588 0.0383044473444167
"Conti_10_104" 3 1.23452679399489 1.5328370221193 3 0.907232195606954 1.12512924870411 3 0.498223206325015 0.665883907573333 10 10 "simulation5" 0.0876015079069148 0.0492579708911702
"Conti_10_105" 4 2.13042208134743 1.54733076033025 4 1.59657198435919 1.20880437688012 4 0.937090025007157 0.78275289076204 10 10 "simulation5" 0.596743317664587 0.431680633607373
"Conti_10_106" 5 3.03290062302974 1.6614518929791 5 2.30106107405414 1.26490532089309 5 1.40689476441018 0.826451671913925 10 10 "simulation5" 2.06575032747662 0.82603992504841
"Conti_10_107" 6 3.96049165636321 1.70570978250503 6 3.02380659149723 1.34011737062825 6 1.89200638951073 0.88722861756003 10 10 "simulation5" 3.88105741725364 1.16587578896837
"Conti_10_108" 7 4.87867725426681 1.72923860747677 7 3.75627292996731 1.36575318699145 7 2.39765632549796 0.936347599339452 10 10 "simulation5" 5.83144542681211 1.68114727609507
"Conti_10_109" 8 5.78513171807259 1.74672290526351 8 4.47159505848511 1.36352500644308 8 2.89040881539885 0.896251338674769 10 10 "simulation5" 7.44336590250584 2.07076251435157
"Conti_10_1010" 9 6.62141285945512 1.5930848526245 9 5.13598562165065 1.25609396820629 9 3.34207975454719 0.853603766035989 10 10 "simulation5" 8.8256756077402 2.51461734948898
"Conti_10_1011" 10 7.36369246607914 1.53086778393631 10 5.72790860918484 1.20566380658 10 3.74877645016378 0.795560022241004 10 10 "simulation5" 9.94254717802648 2.85117400379545
"Conti_10_1012" 11 8.06222260402853 1.50856098908528 11 6.28647881837782 1.19471595359098 11 4.12783662441664 0.800251047491644 10 10 "simulation5" 10.6804266799951 3.20119031414189
"Conti_10_1013" 12 8.71251463898874 1.43689213201275 12 6.80927265822784 1.13905973514891 12 4.49151642253848 0.779027385035288 10 10 "simulation5" 11.3329162333401 3.45156746017137
"Conti_10_1014" 13 9.30524238353713 1.37955180178913 13 7.28599461298157 1.09192405571603 13 4.83598653527147 0.768757057303095 10 10 "simulation5" 11.6782257722138 3.31307530424878
"Conti_10_1015" 14 9.82601000928058 1.26903280236027 14 7.7048288451942 0.999024755903816 14 5.1386442948002 0.671946627882114 10 10 "simulation5" 12.4372159228661 3.82813642627828
"Conti_10_1016" 15 10.3002859438287 1.26382022864748 15 8.08390873194086 0.999513577865906 15 5.39490198063246 0.653963086869008 10 10 "simulation5" 12.8121604506626 3.87320964691332
"Conti_10_1017" 16 10.7413129069555 1.20052073211595 16 8.43877038908731 0.954042058883334 16 5.63673380431075 0.644555881891062 10 10 "simulation5" 13.1895264636573 3.951519553397
"Conti_10_1018" 17 11.1516571635619 1.20406938521475 17 8.76882631216468 0.949141931296558 17 5.87310328996344 0.658454884480392 10 10 "simulation5" 13.798936453027 4.16646856205453
"Conti_10_1019" 18 11.5149111169998 1.09175221174373 18 9.07214913748971 0.89751731717272 18 6.10878356151505 0.662786236708585 10 10 "simulation5" 14.172274425262 4.49777302608489
"Conti_10_1020" 19 11.8503328954793 1.14451976589751 19 9.35897660694791 0.92447436619097 19 6.33312698626031 0.648953085629058 10 10 "simulation5" 14.7175923351256 4.70875778489265
"Conti_10_1021" 20 12.1702108723117 1.065723901384 20 9.6337084565654 0.880651766864367 20 6.5581113769408 0.683266561782241 10 10 "simulation5" 15.2710219127611 4.66102497837972
"Conti_10_1022" 21 12.4499233228927 1.05157941616168 21 9.87637925915976 0.849786631974647 21 6.77688743386484 0.648502326758451 10 10 "simulation5" 15.6830324874693 4.85070358032231
"Conti_10_1023" 22 12.7147675803981 1.03577180844183 22 10.09451511153 0.819218250596616 22 6.9729337824258 0.629778295484011 10 10 "simulation5" 15.6059616008857 4.75289648060061
"Conti_10_1024" 23 12.9522631769629 0.987331280539728 23 10.2806941600068 0.76436610479086 23 7.13528247998598 0.557368681351804 10 10 "simulation5" 15.4216411661289 4.81318015900454
"Conti_10_1025" 24 13.1556739898262 0.951191362444972 24 10.4264953118573 0.715640384426507 24 7.25782607271535 0.532538243023897 10 10 "simulation5" 15.3803927115952 4.92989551470283
"Conti_10_1026" 25 13.3449746022457 0.9617648317772 25 10.5835206671475 0.810301277843501 25 7.42844398170566 0.707240592988989 10 10 "simulation5" 15.8389871533834 3.62172951038043
"Conti_10_1027" 26 13.5492048953328 1.00560377053774 26 10.7769255920947 0.837889575707081 26 7.65043948956396 0.721605233685333 10 10 "simulation5" 15.8665648680854 3.63965270379393
"Conti_10_1028" 27 13.7323290221855 0.914576898291316 27 10.9610986823482 0.804140085863877 27 7.87143993737302 0.72851014026859 10 10 "simulation5" 15.6606226993136 4.05478699202666
"Conti_10_1029" 28 13.8731923857048 0.889397629490052 28 11.1165408743178 0.765793593918382 28 8.07143776461751 0.677668343732974 10 10 "simulation5" 15.4971354051443 4.34171278241335
"Conti_10_1030" 29 13.9873273594313 0.83201812101412 29 11.2497318571203 0.741403660759209 29 8.25329558528378 0.684928864778565 10 10 "simulation5" 14.8554644294631 3.77716323337896
"Conti_10_1031" 30 14.0590639129744 0.761328682907758 30 11.3514383527808 0.674060653653365 30 8.4076673468716 0.607719744975832 10 10 "simulation5" 14.5532396769181 3.44420640908326
"Conti_10_1032" 31 14.0873713921549 0.701071404838823 31 11.4164403427189 0.632410468993675 31 8.53216840648263 0.597944235783789 10 10 "simulation5" 14.1786889013385 3.30716318789676
"Conti_10_1033" 32 14.0976157581148 0.695491088679252 32 11.4604029157464 0.607349577833458 32 8.63309393781105 0.535235876379002 10 10 "simulation5" 13.3799374485036 3.23464500741472
"Conti_10_1034" 33 14.0986896856336 0.665308173538599 33 11.4891064333419 0.582934334056937 33 8.69950708186625 0.498638083190299 10 10 "simulation5" 12.874107085118 3.3141637241981
"Conti_10_1035" 34 14.0766984348823 0.622545943049428 34 11.4984050725187 0.546526448086168 34 8.74209710175353 0.462684108752503 10 10 "simulation5" 12.0726283351954 3.05921058292268
"Conti_10_1036" 35 14.0338044225424 0.59400335892476 35 11.4930985053975 0.533604472935615 35 8.77517897141773 0.469453853407762 10 10 "simulation5" 11.2362156407576 2.65158365180317
"Conti_10_1037" 36 13.9779801346405 0.572136405265736 36 11.4742311429496 0.498787699670409 36 8.80894345321372 0.461944237479357 10 10 "simulation5" 10.62784124051 2.76351610672705
"Conti_10_1038" 37 13.9074788352557 0.536702144500416 37 11.4371570742473 0.471633370712307 37 8.82632877341287 0.419461543018287 10 10 "simulation5" 9.89409975161347 2.74144796803223
"Conti_10_1039" 38 13.8116528815348 0.483939949472071 38 11.383562909787 0.439601507021173 38 8.81843425715427 0.385133912156138 10 10 "simulation5" 9.06947688140387 2.60368949105093
"Conti_10_1040" 39 13.7001350268284 0.473005988674023 39 11.3169798381765 0.421609859362779 39 8.80055549957506 0.380649369731915 10 10 "simulation5" 8.58431244226365 2.5910329136039
"Conti_10_1041" 40 13.5776867226938 0.434120293739181 40 11.2380855016003 0.390595140343071 40 8.77579488497489 0.355446718845963 10 10 "simulation5" 7.99014965333103 2.42103820661582
"Conti_10_1042" 41 13.44216688307 0.418930713475762 41 11.1449085754966 0.366667769307052 41 8.73129650319816 0.314171039362603 10 10 "simulation5" 7.4138367488228 2.20843827927124
"Conti_10_1043" 42 13.3041179677676 0.407243267816896 42 11.0413557571366 0.345239055177982 42 8.66189502425103 0.270406072465705 10 10 "simulation5" 6.72851646260604 2.24231474849445
"Conti_10_1044" 43 13.1535656703294 0.364896648326048 43 10.9273311274567 0.321093232812099 43 8.57634544723284 0.252936593765745 10 10 "simulation5" 6.28214608506087 2.15649885090044
"Conti_10_1045" 44 12.990161192708 0.352810707949083 44 10.8039463320735 0.303373899906709 44 8.48403586075232 0.235883683391415 10 10 "simulation5" 5.73625232738046 1.97260053303976
"Conti_10_1046" 45 12.8320162587228 0.361163564674364 45 10.6779968375967 0.298635095757909 45 8.3798889773146 0.20716604153848 10 10 "simulation5" 5.26188536713395 1.89993770933797
"Conti_10_1047" 46 12.6754659605271 0.341262176743133 46 10.5506215355476 0.28486862338035 46 8.26964830384377 0.202676267114017 10 10 "simulation5" 4.80432533074317 1.8095975851779
"Conti_10_1048" 47 12.5147585680311 0.331613671330185 47 10.4191542590233 0.272800006109561 47 8.15123305679352 0.171718362348161 10 10 "simulation5" 4.40307277754698 1.75150937326667
"Conti_10_1049" 48 12.3458608320931 0.296388937072164 48 10.284902637948 0.262054394741724 48 8.03731067059779 0.20891555373223 10 10 "simulation5" 4.00502219327409 1.61139482096046
"Conti_31.62_31.621" 0 0 0 0 0 0 0 0 0 31.62 31.62 "simulation6" 0 0
"Conti_31.62_31.622" 1 0.100292226828658 0.351545657648717 1 0.0718978652461688 0.261837599907355 1 0.0300885510035447 0.129168518329817 31.62 31.62 "simulation6" 0.0153443658813965 0.017949213756775
"Conti_31.62_31.623" 2 0.644319921798409 1.42223229817636 2 0.517959119237463 1.18220039160769 2 0.3523721928207 0.89683744125866 31.62 31.62 "simulation6" 0.0279551152869574 0.0242291838023595
"Conti_31.62_31.624" 3 1.61384964306198 1.76778570425119 3 1.33012173586569 1.48108766470572 3 0.968260142989235 1.10243942341588 31.62 31.62 "simulation6" 0.123833389283216 0.0789943769954892
"Conti_31.62_31.625" 4 2.6564925540013 1.84800235726456 4 2.23213054607889 1.62661119520033 4 1.66770017699344 1.28753717888493 31.62 31.62 "simulation6" 0.739815133879149 0.61501607271269
"Conti_31.62_31.626" 5 3.77971441900549 2.14821940434194 5 3.21114354288292 1.83965622246226 5 2.45169568007394 1.45841555684083 31.62 31.62 "simulation6" 2.76540316860662 0.89410277163216
"Conti_31.62_31.627" 6 4.98382982667345 2.22513387863511 6 4.26805781565287 1.98361412062525 6 3.30427206493286 1.59571353080876 31.62 31.62 "simulation6" 5.17267880891852 1.21318977897466
"Conti_31.62_31.628" 7 6.21873863162975 2.38090992215192 7 5.37760590416214 2.1212942614701 7 4.19655079883987 1.67739051459256 31.62 31.62 "simulation6" 7.8429444454469 1.66807898460704
"Conti_31.62_31.629" 8 7.4707357612494 2.39570375212657 8 6.50306796036767 2.14619626065818 8 5.09162437707102 1.70000442392317 31.62 31.62 "simulation6" 10.3491982918231 2.00714696708211
"Conti_31.62_31.6210" 9 8.66521340906397 2.3288976300384 9 7.58790649193095 2.11122391821913 9 5.96881500226802 1.71437009061905 31.62 31.62 "simulation6" 12.7642949880177 2.47806863960544
"Conti_31.62_31.6211" 10 9.79345737904985 2.29887755485572 10 8.63140456191022 2.1147141047888 10 6.8346742628177 1.74806226181843 31.62 31.62 "simulation6" 14.6788952535303 2.75943084803342
"Conti_31.62_31.6212" 11 10.8700620554462 2.2607650541878 11 9.62089148055686 2.03671793139059 11 7.67739432243973 1.73016509157172 31.62 31.62 "simulation6" 16.6050193343929 3.63035785372522
"Conti_31.62_31.6213" 12 11.8732040536193 2.162143225131 12 10.5521060129594 2.01965154557728 12 8.51781715268473 1.81433383224334 31.62 31.62 "simulation6" 17.704230512935 3.73742839786863
"Conti_31.62_31.6214" 13 12.7899600174101 2.08074780890949 13 11.4283196918513 1.94265036921562 13 9.32982103633971 1.71513285832355 31.62 31.62 "simulation6" 18.7657404069003 4.04441797084517
"Conti_31.62_31.6215" 14 13.6505291848231 2.06134063284654 14 12.2377264032611 1.89208017470942 14 10.0628323965678 1.65383980098427 31.62 31.62 "simulation6" 19.9114668363719 4.62046015298791
"Conti_31.62_31.6216" 15 14.4650898368462 2.01529630619245 15 13.0097880121944 1.89568749685734 15 10.7713034889379 1.70189263661607 31.62 31.62 "simulation6" 20.3709068233562 4.32333225745155
"Conti_31.62_31.6217" 16 15.2581070470859 2.06374542543004 16 13.760407165634 1.89329730103998 16 11.4882460754344 1.73924241673875 31.62 31.62 "simulation6" 21.2544163952942 4.63902263343589
"Conti_31.62_31.6218" 17 16.0241219698995 2.00169055066551 17 14.4864092164036 1.88650643715047 17 12.183500516508 1.70352053359295 31.62 31.62 "simulation6" 21.780308099295 4.36863271857293
"Conti_31.62_31.6219" 18 16.7421821445177 1.99269176252831 18 15.1706906863766 1.82767204859877 18 12.8388100013387 1.67877933696824 31.62 31.62 "simulation6" 22.1115291496035 4.87510175374044
"Conti_31.62_31.6220" 19 17.4525993011117 2.0347774582654 19 15.8162773891239 1.83202385186902 19 13.4481179453881 1.62817649872434 31.62 31.62 "simulation6" 22.4876979506514 4.5037349847167
"Conti_31.62_31.6221" 20 18.1354128999699 1.96754280959114 20 16.4504072477813 1.84602618473639 20 14.0638065765225 1.75121075206092 31.62 31.62 "simulation6" 23.1803243137737 5.5190059949679
"Conti_31.62_31.6222" 21 18.7518404387053 1.89688272757105 21 17.064173806427 1.82784167666662 21 14.6937785442501 1.72528249310291 31.62 31.62 "simulation6" 23.0283522221164 5.25909069637122
"Conti_31.62_31.6223" 22 19.3383011660291 1.92297425971191 22 17.6496247322182 1.81435966101161 22 15.2872842074745 1.70086479474111 31.62 31.62 "simulation6" 23.356062536662 4.99302864778966
"Conti_31.62_31.6224" 23 19.9022959986614 1.88127624549496 23 18.2045011589606 1.7875562654213 23 15.8358501661991 1.63510923157476 31.62 31.62 "simulation6" 23.3398681868878 4.97202490892872
"Conti_31.62_31.6225" 24 20.4558072992873 1.94187869809544 24 18.7360636641991 1.79051879411795 24 16.3259523421284 1.59032887263627 31.62 31.62 "simulation6" 23.3574605932077 4.63545342684319
"Conti_31.62_31.6226" 25 20.9973167582998 1.90719338467405 25 19.2815551064213 1.89659521666421 25 16.8837355160286 1.87838762916221 31.62 31.62 "simulation6" 24.5622751762256 2.6732435317844
"Conti_31.62_31.6227" 26 21.5728131925189 2.09183363619361 26 19.8619532932131 1.935777364734 26 17.4906940437654 1.78831698142135 31.62 31.62 "simulation6" 24.1537397166337 3.30531543765621
"Conti_31.62_31.6228" 27 22.1456440842428 1.95259406091327 27 20.4027854242793 1.8349736177426 27 18.0173259913296 1.70419386511956 31.62 31.62 "simulation6" 24.3035640209592 2.77312525913501
"Conti_31.62_31.6229" 28 22.6582586358883 1.96674688003429 28 20.8862837367494 1.81228238646421 28 18.4909509011526 1.67262122560497 31.62 31.62 "simulation6" 24.3217913272296 3.29941172984819
"Conti_31.62_31.6230" 29 23.1471514060116 1.91128560026497 29 21.3576118647444 1.83194311679373 29 18.9750086152582 1.77217311499346 31.62 31.62 "simulation6" 24.0538035625217 3.01271507025023
"Conti_31.62_31.6231" 30 23.582797137558 1.84675994038367 30 21.8111054574709 1.80055798957153 30 19.4686421275615 1.7472692340138 31.62 31.62 "simulation6" 23.9328112166523 3.42243423786911
"Conti_31.62_31.6232" 31 23.9835714322845 1.83677982106751 31 22.2406987342283 1.79803507762043 31 19.9420731986489 1.76206943953793 31.62 31.62 "simulation6" 23.8662371796668 3.66256177562013
"Conti_31.62_31.6233" 32 24.3625325383839 1.80969234149906 32 22.6556503450428 1.7889465620744 32 20.4043947550435 1.75076441567629 31.62 31.62 "simulation6" 23.7158213240029 3.6656504111554
"Conti_31.62_31.6234" 33 24.7165713169248 1.79105239170162 33 23.0355077778028 1.73197252019518 33 20.8281238617345 1.68703669933995 31.62 31.62 "simulation6" 23.1805440447611 3.12460530386352
"Conti_31.62_31.6235" 34 25.0426728814893 1.74782511893636 34 23.3885751620669 1.73138898778311 34 21.2311852657676 1.71391979432835 31.62 31.62 "simulation6" 22.8649356541897 3.43044404431884
"Conti_31.62_31.6236" 35 25.3240465599625 1.67858415792995 35 23.7046195478863 1.63372678610784 35 21.5817734723238 1.5643956499287 31.62 31.62 "simulation6" 22.5541811303543 3.44214983301988
"Conti_31.62_31.6237" 36 25.5680779313767 1.6510217987137 36 23.9733630144232 1.6152840585522 36 21.8758254395389 1.55348868549927 31.62 31.62 "simulation6" 21.5827575487097 3.49681193972308
"Conti_31.62_31.6238" 37 25.7862316967798 1.60922096023034 37 24.2127462026575 1.55455489739093 37 22.133491409695 1.45983101799778 31.62 31.62 "simulation6" 21.0449812155167 3.55795890773895
"Conti_31.62_31.6239" 38 25.958668704496 1.52883334142408 38 24.4038357590809 1.48341173402444 38 22.3323509409143 1.39494416823488 31.62 31.62 "simulation6" 20.435034185804 3.28024291788505
"Conti_31.62_31.6240" 39 26.1002630619598 1.51649217471135 39 24.5594255093776 1.45151889350041 39 22.4909671621955 1.34871224281252 31.62 31.62 "simulation6" 19.839826806026 3.35617115402849
"Conti_31.62_31.6241" 40 26.211109581779 1.43409739862832 40 24.6802786531402 1.38197183173492 40 22.6337524057435 1.34831550940796 31.62 31.62 "simulation6" 19.4092266713703 2.98542557379188
"Conti_31.62_31.6242" 41 26.2815065224857 1.40039062901216 41 24.7691892625521 1.35543991062823 41 22.7535143804125 1.27165816479858 31.62 31.62 "simulation6" 18.5246005506592 2.97708339296949
"Conti_31.62_31.6243" 42 26.3326547644994 1.37042821624802 42 24.82736250916 1.28665021715561 42 22.8140391700423 1.17646344982563 31.62 31.62 "simulation6" 17.61347216818 3.01257889851728
"Conti_31.62_31.6244" 43 26.3571328443888 1.32046765661289 43 24.8528299104328 1.2546047793161 43 22.82883528942 1.12440925287292 31.62 31.62 "simulation6" 17.2089139019767 3.48930493758229
"Conti_31.62_31.6245" 44 26.3642601386911 1.308242891745 44 24.862202363116 1.22788967123573 44 22.8122982210966 1.07148910414232 31.62 31.62 "simulation6" 16.2792829947016 3.29135352306389
"Conti_31.62_31.6246" 45 26.3396072877869 1.21165938578279 45 24.8405516340574 1.15465716981317 45 22.77641778807 1.05777100266041 31.62 31.62 "simulation6" 15.5022190604482 2.78372086813875
"Conti_31.62_31.6247" 46 26.2773700505746 1.18776718961632 46 24.791032991219 1.13338430189416 46 22.7366842525176 1.04877113422385 31.62 31.62 "simulation6" 14.7808704267057 2.93640753543892
"Conti_31.62_31.6248" 47 26.1976949406535 1.14615079470145 47 24.7252869922166 1.09062204136709 47 22.6840865084907 1.00738802318098 31.62 31.62 "simulation6" 14.1263247013155 2.82467139685878
"Conti_31.62_31.6249" 48 26.1165802885366 1.17617532025401 48 24.636332250367 1.05005335180744 48 22.5985559828162 0.934915364998295 31.62 31.62 "simulation6" 13.3517714206887 2.70514465264965
