"time" "Srxn1_max" "NRF2_max" "time2" "Srxn1_mean" "NRF2_mean" "time3" "Srxn1_min" "NRF2_min" "dose1" "dose2" "Simulation" "SRXN1_observed" "SRXN1_SD"
"Conti_0.01_0.011" 0 0 0 0 0 0 0 0 0 0.01 0.01 "simulation1" 0 0
"Conti_0.01_0.012" 1 0.020818656776424 0.0312671240046491 1 0.0208181259971634 0.0104223746682164 1 0.0208181256650988 0 0.01 0.01 "simulation1" 0 0
"Conti_0.01_0.013" 2 0.0411636138708854 0.105971608803237 2 0.0410111318470161 0.0376016997516232 2 0.0410109602090385 0 0.01 0.01 "simulation1" 0 0
"Conti_0.01_0.014" 3 0.123824602564862 0.293427014004684 3 0.0717910054545801 0.211461661456896 3 0.0606035035880133 0.0590057638631851 0.01 0.01 "simulation1" 0 0
"Conti_0.01_0.015" 4 0.486528835767685 0.427854278621995 4 0.221659630941234 0.28412730631736 4 0.0798943700553274 0.0986151593226372 0.01 0.01 "simulation1" 0.0456143815102565 0.0790064263315947
"Conti_0.01_0.016" 5 0.975770209242439 0.461070338793521 5 0.427176803625839 0.288866572743445 5 0.0988868800649002 0.0855158339232409 0.01 0.01 "simulation1" 0.458206370054939 0.384583525654451
"Conti_0.01_0.017" 6 1.46762471081783 0.45900780951245 6 0.615832805800049 0.276355220854778 6 0.116820619588569 0.0479255836342044 0.01 0.01 "simulation1" 1.18248249689589 0.78629025174771
"Conti_0.01_0.018" 7 1.92704017881567 0.441760239582037 7 0.791774467236937 0.28360849617388 7 0.134194168607694 0.077964896906681 0.01 0.01 "simulation1" 1.93604642201763 1.119548739004
"Conti_0.01_0.019" 8 2.36710271240355 0.449495408098629 8 0.9765195326252 0.28823754161318 8 0.151043956082774 0.0459946742964256 0.01 0.01 "simulation1" 2.5202798721767 1.45386765887852
"Conti_0.01_0.0110" 9 2.77696106869097 0.420711808750109 9 1.16497243582608 0.292555230254149 9 0.16740408737423 0.0844806404697088 0.01 0.01 "simulation1" 2.92503985244007 1.6102550165956
"Conti_0.01_0.0111" 10 3.16104711813643 0.433429113291715 10 1.35442085409458 0.295350870946989 10 0.183747220854888 0.101847804846855 0.01 0.01 "simulation1" 3.15701839072001 1.77519858419384
"Conti_0.01_0.0112" 11 3.54664167866151 0.433802763927965 11 1.55364001790772 0.306874577530659 11 0.200026540522963 0.108214189476091 0.01 0.01 "simulation1" 3.40290676862594 1.93747781042471
"Conti_0.01_0.0113" 12 3.9154992415329 0.426946331393913 12 1.76359797266119 0.311887745545506 12 0.217453530204257 0.137831913192291 0.01 0.01 "simulation1" 3.45558117811243 1.99159069528989
"Conti_0.01_0.0114" 13 4.24756739294442 0.411021068965683 13 1.99092915602667 0.330960192846722 13 0.244939872973597 0.176367149720148 0.01 0.01 "simulation1" 3.59730351863425 2.03804667064041
"Conti_0.01_0.0115" 14 4.63844821419036 0.510364983724561 14 2.26013813729459 0.356291219083066 14 0.26931688072442 0.127649755950109 0.01 0.01 "simulation1" 3.75077302601785 2.13366552554365
"Conti_0.01_0.0116" 15 5.08058175733737 0.490054561661201 15 2.52560816600785 0.337185666039918 15 0.284557083604164 0.122836104921561 0.01 0.01 "simulation1" 4.160722004154 2.39285817235087
"Conti_0.01_0.0117" 16 5.45918077274965 0.452728721263742 16 2.76689424124316 0.342166741073616 16 0.300734975501305 0.142260088353025 0.01 0.01 "simulation1" 4.3966485800828 2.38485640973957
"Conti_0.01_0.0118" 17 5.81934271925414 0.480057589690369 17 3.00717336233232 0.342426683544991 17 0.323529476310591 0.169317720294407 0.01 0.01 "simulation1" 4.78717470867461 2.53431162870098
"Conti_0.01_0.0119" 18 6.20525853579842 0.495656255493423 18 3.24945151388396 0.350509993227236 18 0.353389899561758 0.173033397886775 0.01 0.01 "simulation1" 5.10782302941631 2.77696734116307
"Conti_0.01_0.0120" 19 6.56417352843832 0.462023705017302 19 3.47120448612628 0.3295647798995 19 0.377860330527562 0.156647732562568 0.01 0.01 "simulation1" 5.61613064911078 3.08620479809544
"Conti_0.01_0.0121" 20 6.88830277376161 0.463332447404514 20 3.66640031523623 0.330959485019414 20 0.397850670952629 0.155870020910645 0.01 0.01 "simulation1" 5.89528915488162 3.16739527615026
"Conti_0.01_0.0122" 21 7.18851715645589 0.441758362744632 21 3.83866640232721 0.314072682221467 21 0.414211630663337 0.140833523236825 0.01 0.01 "simulation1" 6.10951124376986 3.32754469057004
"Conti_0.01_0.0123" 22 7.46543479664708 0.445382992148512 22 4.0110192319723 0.335236830544627 22 0.438558172721519 0.18770380632817 0.01 0.01 "simulation1" 6.57560384951971 3.52387217127472
"Conti_0.01_0.0124" 23 7.74259847816597 0.446881682467766 23 4.19761064337397 0.328994218663707 23 0.466833309278196 0.156770005455601 0.01 0.01 "simulation1" 6.74857866213229 3.62776661182846
"Conti_0.01_0.0125" 24 7.95656248056809 0.395073638044433 24 4.32961359779007 0.306054192668977 24 0.47876142463719 0.14120319229549 0.01 0.01 "simulation1" 6.95917737454341 3.86167077724864
"Conti_0.01_0.0126" 25 8.2823415074527 0.585782329087195 25 4.61505139289558 0.482056365411338 25 0.681969940345972 0.416081424038645 0.01 0.01 "simulation1" 7.87444544937861 3.31010066003876
"Conti_0.01_0.0127" 26 8.60278173175888 0.40535640057049 26 4.95819901136411 0.380664450616971 26 1.06998237854535 0.334361120689473 0.01 0.01 "simulation1" 7.13685163760428 2.97869481104007
"Conti_0.01_0.0128" 27 8.83381108987481 0.493993728632756 27 5.18940027581046 0.370686278725373 27 1.2345259147179 0.236239026216365 0.01 0.01 "simulation1" 7.37768399034271 3.24448206488203
"Conti_0.01_0.0129" 28 9.15675952376537 0.521037750736816 28 5.42924673586239 0.392573672835437 28 1.34403883624615 0.282763102206234 0.01 0.01 "simulation1" 7.47659369425022 3.24207704241139
"Conti_0.01_0.0130" 29 9.49215313128981 0.52943110375011 29 5.6807563032531 0.392959102653444 29 1.52871070900089 0.300048132230346 0.01 0.01 "simulation1" 7.67350429061702 3.33189027213993
"Conti_0.01_0.0131" 30 9.79859754824501 0.497420398030487 30 5.92132924449723 0.388611078553983 30 1.7049531031836 0.2866881678583 0.01 0.01 "simulation1" 7.83697030228978 3.21523136600365
"Conti_0.01_0.0132" 31 10.0783762376981 0.503701327165664 31 6.15358403333274 0.390395427537437 31 1.90230140264967 0.322166948972513 0.01 0.01 "simulation1" 7.92822234249666 3.19827496762565
"Conti_0.01_0.0133" 32 10.3408549974222 0.478830072269512 32 6.36186293059463 0.368743187394103 32 2.10043353931856 0.291294706684441 0.01 0.01 "simulation1" 7.70522333428502 3.17337562585705
"Conti_0.01_0.0134" 33 10.531260108062 0.423852740252189 33 6.5248613890025 0.350627634305867 33 2.24764353543388 0.282517624978823 0.01 0.01 "simulation1" 7.89189055810741 3.29539365412491
"Conti_0.01_0.0135" 34 10.707937983081 0.464156184985782 34 6.6726329988759 0.355311483535143 34 2.34929013520818 0.251406334682243 0.01 0.01 "simulation1" 7.66012396557877 3.1785935494086
"Conti_0.01_0.0136" 35 10.8920317657599 0.437827203121777 35 6.80319689129821 0.337389583651975 35 2.40903025746326 0.245002486214277 0.01 0.01 "simulation1" 7.58302531431785 3.03703049661567
"Conti_0.01_0.0137" 36 11.0696971389706 0.464690114112267 36 6.91748540708164 0.343256524009044 36 2.46606737709105 0.247754066590494 0.01 0.01 "simulation1" 7.49043945383917 3.15335640401148
"Conti_0.01_0.0138" 37 11.2526678476887 0.449592869391017 37 7.03030292297255 0.337334745082167 37 2.5216277240864 0.242670444789373 0.01 0.01 "simulation1" 7.25116825202847 2.95451632130046
"Conti_0.01_0.0139" 38 11.4150754334872 0.444805891382653 38 7.12670403285302 0.329970760194818 38 2.53279650066586 0.195575101803526 0.01 0.01 "simulation1" 7.08715615463043 2.97893720924847
"Conti_0.01_0.0140" 39 11.5403018154669 0.40897375103945 39 7.1890605641641 0.310784093626718 39 2.52223055162422 0.217509112963025 0.01 0.01 "simulation1" 7.03464222365314 3.16743335174905
"Conti_0.01_0.0141" 40 11.6490714036462 0.429010421227808 40 7.2651419463622 0.342053122437726 40 2.56475434357055 0.257228088497258 0.01 0.01 "simulation1" 6.76290263431111 3.18781579086013
"Conti_0.01_0.0142" 41 11.7630737669383 0.415273301578158 41 7.35288784917336 0.323260345048319 41 2.61787773451769 0.23366556221677 0.01 0.01 "simulation1" 6.63631105576896 3.03252682765332
"Conti_0.01_0.0143" 42 11.8479819111951 0.40140156960669 42 7.41612288090336 0.322008545877837 42 2.65519037006089 0.247091951047971 0.01 0.01 "simulation1" 6.48469333107519 3.11268697790812
"Conti_0.01_0.0144" 43 11.9291400655636 0.412005521361685 43 7.47257293971818 0.315878987156407 43 2.73162774093093 0.267133089397887 0.01 0.01 "simulation1" 6.30075170516493 3.08652309419833
"Conti_0.01_0.0145" 44 12.0107717865725 0.40285667787001 44 7.49451730661537 0.292487384744468 44 2.76486679468844 0.205595838820683 0.01 0.01 "simulation1" 6.1435787958235 2.94311904788758
"Conti_0.01_0.0146" 45 12.0695749897255 0.391592459103245 45 7.48029543875037 0.285398640310727 45 2.75227095923183 0.215808969874524 0.01 0.01 "simulation1" 5.94252876628043 3.00223075771357
"Conti_0.01_0.0147" 46 12.1388331212361 0.414544014458888 46 7.48221992921042 0.304284844492994 46 2.76176498074004 0.230681569396813 0.01 0.01 "simulation1" 5.76185932777731 3.01298233659949
"Conti_0.01_0.0148" 47 12.211718046916 0.39789758394006 47 7.50349078081527 0.302583793675901 47 2.7809853477285 0.230191248582645 0.01 0.01 "simulation1" 5.5409810026373 2.9735185614321
"Conti_0.01_0.0149" 48 12.2725202488733 0.405504467557325 48 7.52721766322007 0.308922124049185 48 2.81203474740777 0.246707971785229 0.01 0.01 "simulation1" 5.29155836042709 2.89117204489438
"Conti_0.02_0.021" 0 0 0 0 0 0 0 0 0 0.02 0.02 "simulation2" 0 0
"Conti_0.02_0.022" 1 0.0208181964017996 0 1 0.0208181329272538 0 1 0.0208181256788025 0 0.02 0.02 "simulation2" 0 0
"Conti_0.02_0.023" 2 0.114412345855267 0.359947530118471 2 0.0592280180852675 0.251038715359749 2 0.0411531667662132 0.11054723146862 0.02 0.02 "simulation2" 0 0
"Conti_0.02_0.024" 3 0.704165530347918 0.653631171469623 3 0.423478172972231 0.474332127463261 3 0.142715895177359 0.308816727176418 0.02 0.02 "simulation2" 0.0022250680047472 0.00385393083451806
"Conti_0.02_0.025" 4 1.51249527390039 0.72771825067468 4 1.01642716104041 0.553965722701473 4 0.482485198790628 0.379858961942605 0.02 0.02 "simulation2" 0.143558923642405 0.167930105999117
"Conti_0.02_0.026" 5 2.29924951956847 0.675620197993076 5 1.62471805802704 0.536152357907426 5 0.845208762685904 0.357485303544495 0.02 0.02 "simulation2" 0.763474959248827 0.540024717226746
"Conti_0.02_0.027" 6 2.97700992150424 0.60608023773805 6 2.17159246714147 0.502115262409824 6 1.17213046376487 0.36220498727599 0.02 0.02 "simulation2" 1.6265078216721 0.994061412350026
"Conti_0.02_0.028" 7 3.62528881792553 0.650969741959007 7 2.71207582809534 0.543406939543418 7 1.53205418492273 0.394954845118212 0.02 0.02 "simulation2" 2.38396236158031 1.29133581028403
"Conti_0.02_0.029" 8 4.23114724906856 0.570541746598629 8 3.21845974726918 0.476876763645486 8 1.84376888554789 0.328311808664148 0.02 0.02 "simulation2" 3.41434230959644 1.40557641215283
"Conti_0.02_0.0210" 9 4.79592174633983 0.61670417989265 9 3.67452170522127 0.495746643119567 9 2.11793067614698 0.367177879245739 0.02 0.02 "simulation2" 3.94461922769024 1.52880914126465
"Conti_0.02_0.0211" 10 5.35312832896944 0.581210446875112 10 4.11425079222811 0.469947770902505 10 2.41182235712501 0.351826285241918 0.02 0.02 "simulation2" 4.39390875593124 1.68409722849986
"Conti_0.02_0.0212" 11 5.88822677526408 0.613843355405618 11 4.53568358321804 0.488708227007664 11 2.69643682935476 0.367671444694129 0.02 0.02 "simulation2" 4.7050310016952 1.74947510673886
"Conti_0.02_0.0213" 12 6.44894328048953 0.639787273956578 12 4.95783775584262 0.488769693102189 12 2.96131369295512 0.343367737222313 0.02 0.02 "simulation2" 4.8698752915879 1.67589056193186
"Conti_0.02_0.0214" 13 6.99672712215199 0.623270677533827 13 5.37742268223801 0.504485689279082 13 3.23871847241293 0.38914464521611 0.02 0.02 "simulation2" 5.18408996367226 1.85724334862378
"Conti_0.02_0.0215" 14 7.51637134178218 0.621468986913431 14 5.79489389371511 0.500816125924441 14 3.54931599002272 0.385446875922589 0.02 0.02 "simulation2" 5.5676550081508 2.06587655224878
"Conti_0.02_0.0216" 15 7.99657909057945 0.584912314505806 15 6.18519254703854 0.484994800311947 15 3.85374294142296 0.392456950245038 0.02 0.02 "simulation2" 5.85960832067516 2.15771517572649
"Conti_0.02_0.0217" 16 8.45217137224473 0.608342768280767 16 6.54391519679266 0.474768648896136 16 4.1072089827837 0.344956184840617 0.02 0.02 "simulation2" 6.3378677005301 2.45001417708761
"Conti_0.02_0.0218" 17 8.91538417543536 0.613656489473424 17 6.89309601157486 0.487109447187106 17 4.34322751574378 0.387009804668257 0.02 0.02 "simulation2" 6.88058543505712 2.72137105687648
"Conti_0.02_0.0219" 18 9.36566435108602 0.610944749747728 18 7.26067031322125 0.510466891737553 18 4.67154863845206 0.44646496683572 0.02 0.02 "simulation2" 7.39102140352252 3.08994737384495
"Conti_0.02_0.0220" 19 9.7646159528481 0.548480935756972 19 7.61083589189346 0.478127332838115 19 4.99549882269902 0.397845623284038 0.02 0.02 "simulation2" 7.88218384915292 3.25690385375385
"Conti_0.02_0.0221" 20 10.0863073416172 0.521504584609514 20 7.91002315120536 0.457412222009679 20 5.27585868188012 0.407476457153991 0.02 0.02 "simulation2" 8.55788473953541 3.5684069604295
"Conti_0.02_0.0222" 21 10.4018297464823 0.547656069353337 21 8.17767809499084 0.447199724839155 21 5.51943317431401 0.363966710739071 0.02 0.02 "simulation2" 8.95589331104788 3.76676053205007
"Conti_0.02_0.0223" 22 10.7183208225129 0.538437226145722 22 8.43690174370999 0.455599403342314 22 5.72006322557252 0.370221074689126 0.02 0.02 "simulation2" 9.35781656711201 3.94917106018517
"Conti_0.02_0.0224" 23 11.0549733837409 0.590042037339667 23 8.70005793693704 0.460035588121763 23 5.92558037277456 0.371495656153584 0.02 0.02 "simulation2" 9.75463451845047 4.32451760308724
"Conti_0.02_0.0225" 24 11.3907840357148 0.557628030304008 24 8.93646038283287 0.442881695051801 24 6.11420096721093 0.367249350025512 0.02 0.02 "simulation2" 10.0207967390304 4.36842982130004
"Conti_0.02_0.0226" 25 11.7516240361272 0.636876016562799 25 9.25765537646449 0.576648834973476 25 6.3813309555719 0.46456363882031 0.02 0.02 "simulation2" 10.9802134372139 3.48237249140243
"Conti_0.02_0.0227" 26 12.0773530590091 0.52101205413059 26 9.60157037498203 0.487765512603488 26 6.71407794775205 0.455969220326555 0.02 0.02 "simulation2" 10.4634264440637 3.22027720113928
"Conti_0.02_0.0228" 27 12.311485206746 0.526711318816121 27 9.87257469447911 0.499957091864377 27 7.02009366793227 0.453005178413002 0.02 0.02 "simulation2" 10.8316226769009 3.50975137981472
"Conti_0.02_0.0229" 28 12.5755634570563 0.566752178185504 28 10.1621090872074 0.516604891766604 28 7.34202972445825 0.485597091970866 0.02 0.02 "simulation2" 11.0896370214766 3.32632265052829
"Conti_0.02_0.0230" 29 12.8810569668643 0.596343728522631 29 10.4473561287942 0.506880281825984 29 7.65782929398931 0.45871527278469 0.02 0.02 "simulation2" 11.2502629132233 3.52907849937972
"Conti_0.02_0.0231" 30 13.1711532968411 0.559383464176905 30 10.7136662882518 0.503531597064702 30 7.95290615549944 0.472480871263133 0.02 0.02 "simulation2" 11.5735531985685 3.53880967540228
"Conti_0.02_0.0232" 31 13.409809299952 0.538630811969018 31 10.9703096395242 0.504211854993998 31 8.250819375969 0.473316742673228 0.02 0.02 "simulation2" 11.7096459778031 3.45972225524419
"Conti_0.02_0.0233" 32 13.6536816090443 0.570324640008541 32 11.2262206020305 0.50946482270924 32 8.53828311136343 0.468574281792067 0.02 0.02 "simulation2" 11.825172699089 3.59198546662244
"Conti_0.02_0.0234" 33 13.8773282439035 0.519011499976523 33 11.4443418155865 0.464697790836247 33 8.76372492989948 0.401361629060684 0.02 0.02 "simulation2" 12.3509742632525 3.77353967846266
"Conti_0.02_0.0235" 34 14.0576887506505 0.520103074340924 34 11.6198361717166 0.459375158508688 34 8.93557133321953 0.414454443207263 0.02 0.02 "simulation2" 12.2178866088383 3.47940311234322
"Conti_0.02_0.0236" 35 14.2346117531059 0.516154665501142 35 11.7900694219105 0.462819553134108 35 9.11845253524599 0.416105441189084 0.02 0.02 "simulation2" 11.9437149785822 3.46655735959519
"Conti_0.02_0.0237" 36 14.3852407070837 0.493828634725659 36 11.9622856192904 0.466964687815679 36 9.30362756397545 0.423106232400796 0.02 0.02 "simulation2" 12.0711553601237 3.7208851130881
"Conti_0.02_0.0238" 37 14.5469897439071 0.535067690337988 37 12.121488117525 0.450912259363365 37 9.47327752529658 0.402397331203471 0.02 0.02 "simulation2" 12.0798212599302 3.78446255604096
"Conti_0.02_0.0239" 38 14.7127937361904 0.498427785835641 38 12.2425803616262 0.422938511281166 38 9.59715938751338 0.375990699645796 0.02 0.02 "simulation2" 11.6170725322504 3.78007676030753
"Conti_0.02_0.0240" 39 14.7813120116167 0.41420307628815 39 12.3110808838321 0.390313239869311 39 9.67123849975448 0.351163512859188 0.02 0.02 "simulation2" 11.4161240525989 3.73936691403447
"Conti_0.02_0.0241" 40 14.7664427461408 0.397201213914433 40 12.3327621495384 0.372405587101491 40 9.70248472725104 0.336137505406281 0.02 0.02 "simulation2" 11.0448291832817 3.46458299946049
"Conti_0.02_0.0242" 41 14.7546301307247 0.409057492482128 41 12.3540134126407 0.386913585495324 41 9.7481190703928 0.364033594549892 0.02 0.02 "simulation2" 11.0371727987782 3.90696871747884
"Conti_0.02_0.0243" 42 14.7365715936387 0.390950032592905 42 12.3763029119442 0.374332221979854 42 9.82400906194137 0.364659490725451 0.02 0.02 "simulation2" 10.7931621028663 4.01722066510306
"Conti_0.02_0.0244" 43 14.7297531753915 0.42023245744066 43 12.4037322293009 0.392460685265947 43 9.87380104980128 0.341853471082223 0.02 0.02 "simulation2" 10.4898705079363 3.97291624356247
"Conti_0.02_0.0245" 44 14.7300565194093 0.397276743532793 44 12.4284411363886 0.370152901942426 44 9.88964749837869 0.332537946813988 0.02 0.02 "simulation2" 10.3050714337814 3.86005628468856
"Conti_0.02_0.0246" 45 14.7051057072809 0.392759411819215 45 12.4123818810042 0.352778993304804 45 9.8841817153832 0.322125033916159 0.02 0.02 "simulation2" 10.175409196748 3.94351910651796
"Conti_0.02_0.0247" 46 14.6655495964239 0.379639727685798 46 12.3866657495343 0.358938706105962 46 9.88772870917449 0.340510462137955 0.02 0.02 "simulation2" 9.99585254566332 3.89468758046482
"Conti_0.02_0.0248" 47 14.6249166726789 0.39167589794409 47 12.3794625305046 0.368824084269789 47 9.92060116760329 0.347923795221903 0.02 0.02 "simulation2" 9.91727689465256 4.08948758529308
"Conti_0.02_0.0249" 48 14.6160604831633 0.414004746018669 48 12.3774798053559 0.36418741656998 48 9.94424275831426 0.333010283448297 0.02 0.02 "simulation2" 9.5187478298265 3.89506339336253
"Conti_0.05_0.051" 0 0 0 0 0 0 0 0 0 0.05 0.05 "simulation3" 0 0
"Conti_0.05_0.052" 1 0.0211623506918729 0.139310325135902 1 0.0209750240790346 0.123086676025629 1 0.020907951861245 0.111036141800542 0.05 0.05 "simulation3" 0 0
"Conti_0.05_0.053" 2 0.473524919504747 0.759586328513882 2 0.422968777917007 0.695481749804334 2 0.354158157205958 0.602960664380015 0.05 0.05 "simulation3" 0 0
"Conti_0.05_0.054" 3 1.62826183512073 1.18137771457539 3 1.44725041035186 1.02526686449678 3 1.22461035142341 0.843442430253208 0.05 0.05 "simulation3" 0.0222935562386057 0.0386135720866592
"Conti_0.05_0.055" 4 3.01699383797732 1.24185265830866 4 2.66939082439482 1.10625602327016 4 2.1972849658765 0.866893416697365 0.05 0.05 "simulation3" 0.314248761447724 0.325688522282483
"Conti_0.05_0.056" 5 4.42998842989267 1.31624442906871 5 3.91899310123925 1.15039945551478 5 3.21546325496849 0.97596641787588 0.05 0.05 "simulation3" 1.15868622801335 0.741875554596036
"Conti_0.05_0.057" 6 5.82397054417762 1.28332798971727 6 5.15300754877999 1.15249830200751 6 4.24249952105034 0.92788977177662 0.05 0.05 "simulation3" 2.48803069605266 1.01718320310917
"Conti_0.05_0.058" 7 7.14615836312225 1.26939686324921 7 6.34695059187015 1.14244451007038 7 5.21416200595464 0.943757421618587 0.05 0.05 "simulation3" 3.61469646251487 1.3424175965349
"Conti_0.05_0.059" 8 8.38050436930675 1.20758572081722 8 7.47328650897932 1.10164154213845 8 6.15799433418508 0.926493755471864 0.05 0.05 "simulation3" 4.5661422768487 1.70713893079624
"Conti_0.05_0.0510" 9 9.54148236948351 1.19989891419612 9 8.53542994538682 1.08816645721803 9 7.05850100828378 0.926165679243379 0.05 0.05 "simulation3" 5.318017050173 2.05828223364658
"Conti_0.05_0.0511" 10 10.5895307643507 1.0600624408888 10 9.52022621430153 1.02249297452197 10 7.97442590392749 0.991365563008918 0.05 0.05 "simulation3" 5.7441679277992 2.15589440562123
"Conti_0.05_0.0512" 11 11.4570689892778 0.972331611952465 11 10.4000493536668 0.970742142594516 11 8.8915808666075 0.969772601196833 0.05 0.05 "simulation3" 6.07610782653289 2.20868846563702
"Conti_0.05_0.0513" 12 12.2694568744609 1.00288200036915 12 11.2278879934896 0.969568016027401 12 9.75178628018047 0.950175974607842 0.05 0.05 "simulation3" 6.49449841482031 2.3232979850319
"Conti_0.05_0.0514" 13 13.0854996987488 1.00610040262047 13 12.0292520615403 0.965358469279237 13 10.5734519528823 0.943645800214968 0.05 0.05 "simulation3" 6.87919311028342 2.52635710448885
"Conti_0.05_0.0515" 14 13.8414858169517 0.952488310039426 14 12.7759521448607 0.919392677311935 14 11.3284546531534 0.879101714228114 0.05 0.05 "simulation3" 7.30281121344156 2.59134177356635
"Conti_0.05_0.0516" 15 14.5696419373097 0.996844451328976 15 13.4843408838447 0.940748087293142 15 12.0295375225658 0.890969456505252 0.05 0.05 "simulation3" 7.86716319323209 2.44139319235624
"Conti_0.05_0.0517" 16 15.2987566079509 0.985826499428422 16 14.1822850118087 0.932040596258941 16 12.6786982797732 0.826771924371968 0.05 0.05 "simulation3" 8.47339355605377 2.58911628778546
"Conti_0.05_0.0518" 17 16.0058023740609 0.998326659494944 17 14.8424246810809 0.916806590014114 17 13.2756209214242 0.839338825357926 0.05 0.05 "simulation3" 9.00661179281964 2.58413789135474
"Conti_0.05_0.0519" 18 16.6875002636335 0.977259890561783 18 15.4746316405377 0.91593456863929 18 13.8618994089225 0.832914053116781 0.05 0.05 "simulation3" 9.75073671712028 2.77567582856124
"Conti_0.05_0.0520" 19 17.3235607883313 0.960337995110153 19 16.0716985293598 0.885648383135745 19 14.4226662835212 0.826611516943096 0.05 0.05 "simulation3" 10.4435926141533 2.99858442735802
"Conti_0.05_0.0521" 20 17.9378003077429 0.973646221683656 20 16.6176046910987 0.865805208834699 20 14.9521465537682 0.808232221786728 0.05 0.05 "simulation3" 10.8835476154006 3.11912968390203
"Conti_0.05_0.0522" 21 18.5682639522493 1.00548588705754 21 17.1429964205041 0.872016384575104 21 15.4448544823346 0.790677451696803 0.05 0.05 "simulation3" 11.5627551525094 3.46544520137455
"Conti_0.05_0.0523" 22 19.126342791458 0.896260528803656 22 17.6164576444601 0.811722403417316 22 15.8890405586165 0.756043439084423 0.05 0.05 "simulation3" 12.0359579012195 3.48917971996161
"Conti_0.05_0.0524" 23 19.6473437407139 0.971029934353634 23 18.0737205852824 0.867834978434416 23 16.3151298993405 0.782561348140388 0.05 0.05 "simulation3" 12.6618735208096 3.72132186792719
"Conti_0.05_0.0525" 24 20.2044104736715 0.985135182399302 24 18.5593417026134 0.883607728171347 24 16.7558195804915 0.795398149512016 0.05 0.05 "simulation3" 13.2517272242531 3.85242124053654
"Conti_0.05_0.0526" 25 20.9143577724972 1.26599521653766 25 19.1222843898734 1.01815332024131 25 17.1889741873331 0.79553772338628 0.05 0.05 "simulation3" 14.4866255470373 2.4713560084199
"Conti_0.05_0.0527" 26 21.728876277361 1.17426494745599 26 19.7004501888521 0.932149005885296 26 17.6129583838665 0.800305063271135 0.05 0.05 "simulation3" 14.1535735272475 2.5483348307042
"Conti_0.05_0.0528" 27 22.4658645116595 1.20032553280919 27 20.2012278070201 0.934012979736464 27 18.0099830378408 0.776030373130582 0.05 0.05 "simulation3" 14.6154007671155 2.55711982640491
"Conti_0.05_0.0529" 28 23.1837039833806 1.17464945453072 28 20.7028908709217 0.949786396831141 28 18.4054987523299 0.815275459030052 0.05 0.05 "simulation3" 15.1677372834819 3.05529959837449
"Conti_0.05_0.0530" 29 23.8843335266555 1.20520192336508 29 21.1974110109784 0.947298044638252 29 18.805524472453 0.796287999162665 0.05 0.05 "simulation3" 15.4730133448238 3.30729187612046
"Conti_0.05_0.0531" 30 24.551672697145 1.15553636771681 30 21.6511505787296 0.906286755903405 30 19.1461491906621 0.745196927367513 0.05 0.05 "simulation3" 15.8246178882142 3.16577887680579
"Conti_0.05_0.0532" 31 25.1841767140839 1.1820416451338 31 22.0751541861173 0.922897046633613 31 19.442168361968 0.738677211672204 0.05 0.05 "simulation3" 15.9155045846173 3.24140983092244
"Conti_0.05_0.0533" 32 25.8042665306091 1.16058842118568 32 22.4967741480351 0.916879094401268 32 19.7371759544331 0.750882859869237 0.05 0.05 "simulation3" 16.3451555816631 3.55063689626236
"Conti_0.05_0.0534" 33 26.3788850596718 1.13772567737445 33 22.879674525275 0.880950814353601 33 19.9959119950258 0.695760247124389 0.05 0.05 "simulation3" 16.3052809810983 3.69434974099709
"Conti_0.05_0.0535" 34 26.8892439891335 1.08743053887257 34 23.2128069056136 0.85666563510081 34 20.2117680587521 0.697536224053748 0.05 0.05 "simulation3" 16.4601698692319 3.56646482809859
"Conti_0.05_0.0536" 35 27.3830708230759 1.13232211465548 35 23.5268129294098 0.862576716185361 35 20.4280477419966 0.701601631899089 0.05 0.05 "simulation3" 16.25307362512 3.2933045074672
"Conti_0.05_0.0537" 36 27.8819306911533 1.11571864841844 36 23.825257208764 0.845885255841388 36 20.6387944992664 0.699724073727761 0.05 0.05 "simulation3" 16.3379937810251 3.26702616916713
"Conti_0.05_0.0538" 37 28.3553389379261 1.11828526968082 37 24.1043923383856 0.844350772969179 37 20.8419245475794 0.699684907044916 0.05 0.05 "simulation3" 16.4274499527694 3.28792195467655
"Conti_0.05_0.0539" 38 28.8111514987099 1.1079056534366 38 24.3590497260017 0.819216315962443 38 21.0222499636177 0.670099164636043 0.05 0.05 "simulation3" 16.2035767454341 3.18915427159332
"Conti_0.05_0.0540" 39 29.2382146467938 1.09468155043283 39 24.5917319196512 0.819181119660819 39 21.1822680453102 0.676338881236295 0.05 0.05 "simulation3" 16.3512786810253 3.06063340393368
"Conti_0.05_0.0541" 40 29.6444345738253 1.0951228108712 40 24.8053035140825 0.796820471701449 40 21.3220440918339 0.641900648734356 0.05 0.05 "simulation3" 16.4890865080032 3.16532802585254
"Conti_0.05_0.0542" 41 30.0456075691454 1.10604720734269 41 24.9966835838887 0.797119421647267 41 21.4144724596964 0.612054189815712 0.05 0.05 "simulation3" 16.5684640626164 3.55211869954839
"Conti_0.05_0.0543" 42 30.4510923479588 1.11975953086764 42 25.1929819580432 0.810851550772892 42 21.4926373853673 0.622298212789241 0.05 0.05 "simulation3" 16.7474377654211 3.72059954956384
"Conti_0.05_0.0544" 43 30.841221854644 1.10078340724578 43 25.3848975013787 0.798475371274124 43 21.582124184859 0.629760222418182 0.05 0.05 "simulation3" 16.5989396610707 3.56710231735405
"Conti_0.05_0.0545" 44 31.1974916411544 1.08648338418129 44 25.5534821763543 0.784709389870942 44 21.6690698915517 0.622626532839278 0.05 0.05 "simulation3" 16.4783483309809 3.81682997048233
"Conti_0.05_0.0546" 45 31.540807117952 1.10040663211534 45 25.7102262361893 0.788158774210806 45 21.7428583055185 0.613762758360229 0.05 0.05 "simulation3" 16.2279065813579 3.54380906956134
"Conti_0.05_0.0547" 46 31.919532397512 1.16081826896004 46 25.8754466318974 0.806255399963893 46 21.8022957291875 0.603877277357795 0.05 0.05 "simulation3" 16.4465891145244 3.89517393456635
"Conti_0.05_0.0548" 47 32.3490969264472 1.19687846080391 47 26.064070719797 0.831974610423241 47 21.8540170846981 0.605073762421643 0.05 0.05 "simulation3" 16.1586404792703 4.03398272856758
"Conti_0.05_0.0549" 48 32.7567527078728 1.14752841624729 48 26.2548170657805 0.818935197011123 48 21.9127253812091 0.616846488904407 0.05 0.05 "simulation3" 16.0899143506703 3.96355093957843
"Conti_0.1_0.11" 0 0 0 0 0 0 0 0 0 0.1 0.1 "simulation4" 0 0
"Conti_0.1_0.12" 1 0.0209415781261295 0.122546145407116 1 0.0208309597612201 0.0804293769511259 1 0.0208182037714239 0 0.1 0.1 "simulation4" 0.00289789881776974 0.00501930798757098
"Conti_0.1_0.13" 2 0.523716338164642 0.854172714599796 2 0.372598053193675 0.672119729440506 2 0.109125354437167 0.34393043859187 0.1 0.1 "simulation4" 0.00634360133788744 0.010987439820183
"Conti_0.1_0.14" 3 1.79652281675312 1.29186319274782 3 1.3283772276705 0.932818619764076 3 0.593604995716406 0.520778103171933 0.1 0.1 "simulation4" 0.0498413950755344 0.0863278285909388
"Conti_0.1_0.15" 4 3.37067974942709 1.45668397585572 4 2.47949385349743 1.07512282209149 4 1.27170049819979 0.64511970261004 0.1 0.1 "simulation4" 0.541855215143291 0.600663298949053
"Conti_0.1_0.16" 5 5.01254145682801 1.50995600711638 5 3.69374780115013 1.11246565273844 5 1.99176233526937 0.64642479607245 0.1 0.1 "simulation4" 1.69331089587633 1.04936998200231
"Conti_0.1_0.17" 6 6.63714474833779 1.51701759196999 6 4.91860370268689 1.16086875574279 6 2.71938605904832 0.69890288877935 0.1 0.1 "simulation4" 3.13619702975701 1.35094732956141
"Conti_0.1_0.18" 7 8.18738203491638 1.46927938312434 7 6.13758035031128 1.16123874323098 7 3.47382060261902 0.713545933185397 0.1 0.1 "simulation4" 4.48081490690126 1.7284824966401
"Conti_0.1_0.19" 8 9.62907335208807 1.41428941962215 8 7.29053810224516 1.11541187593348 8 4.17646881340647 0.658122819368199 0.1 0.1 "simulation4" 5.71672318416533 2.05287996495262
"Conti_0.1_0.110" 9 10.9622964051977 1.35695618528674 9 8.35959910191175 1.08135898232398 9 4.81516324406556 0.648380273713954 0.1 0.1 "simulation4" 6.62964385580256 2.51231081843395
"Conti_0.1_0.111" 10 12.1863174283576 1.2953694356083 10 9.36896307428657 1.06320329669985 10 5.43748499601407 0.658284702182183 0.1 0.1 "simulation4" 7.28768856338937 2.62732903008328
"Conti_0.1_0.112" 11 13.3035717230849 1.23866660789253 11 10.2994316501889 1.00230288538225 11 6.04426958963449 0.654806886540094 0.1 0.1 "simulation4" 7.84862740935861 2.84544557630912
"Conti_0.1_0.113" 12 14.3352606866369 1.20879074886527 12 11.1702683778825 1.00962225798352 12 6.6522849295888 0.685090759381968 0.1 0.1 "simulation4" 8.24616896462484 2.62069064972767
"Conti_0.1_0.114" 13 15.3340507517507 1.22438187728024 13 12.0111132452642 0.990274949661275 13 7.22937118844441 0.63747868331204 0.1 0.1 "simulation4" 8.91650487956935 2.92705298668708
"Conti_0.1_0.115" 14 16.2627532779399 1.13820761526526 14 12.8046516091927 0.97202761218671 14 7.77312763263493 0.662341037974759 0.1 0.1 "simulation4" 9.43934689753975 3.03015279240597
"Conti_0.1_0.116" 15 17.0677999672333 1.07367564627806 15 13.5388026392061 0.931356025244306 15 8.31954764351632 0.659819772199828 0.1 0.1 "simulation4" 10.030446882199 3.21136881582286
"Conti_0.1_0.117" 16 17.8168674712373 1.08227313585407 16 14.2173213696475 0.916792643316794 16 8.82016163630202 0.619245387645068 0.1 0.1 "simulation4" 10.8185436304793 3.16257607728201
"Conti_0.1_0.118" 17 18.5673045582802 1.10386003974363 17 14.8650717164557 0.910423687784278 17 9.2742355631286 0.613519239595972 0.1 0.1 "simulation4" 12.0419626574148 3.8801115603064
"Conti_0.1_0.119" 18 19.2861350529332 1.06815951118869 18 15.4781943131678 0.893489613185543 18 9.72607114893236 0.636068911548005 0.1 0.1 "simulation4" 12.5241380439997 3.52790387042677
"Conti_0.1_0.120" 19 19.95584090147 1.06115354620886 19 16.0793167207217 0.919112474430427 19 10.2069301711129 0.673820359159133 0.1 0.1 "simulation4" 13.5097028120684 3.94866399119594
"Conti_0.1_0.121" 20 20.5966607431979 1.05462786633603 20 16.6711787832051 0.906493937506734 20 10.6620443943137 0.623063818935071 0.1 0.1 "simulation4" 14.718779162631 4.36077353927047
"Conti_0.1_0.122" 21 21.2427829511599 1.09638809617226 21 17.2378284447519 0.90938287290287 21 11.0831923336197 0.650082209199146 0.1 0.1 "simulation4" 15.4790729377126 4.45889949863269
"Conti_0.1_0.123" 22 21.8718598321897 1.05652120963222 22 17.7926885080347 0.911914714124152 22 11.5538177794331 0.710171431038691 0.1 0.1 "simulation4" 16.2956018491307 4.59418937403382
"Conti_0.1_0.124" 23 22.4421762649757 1.03329678709176 23 18.3178981827889 0.887544329043254 23 12.0134428408038 0.660506634792984 0.1 0.1 "simulation4" 17.0422471479234 4.75645265824835
"Conti_0.1_0.125" 24 22.9536557258253 0.996324293180483 24 18.7880840264193 0.865960884806321 24 12.4327994326445 0.676076771594967 0.1 0.1 "simulation4" 17.6654471595142 5.15097828308236
"Conti_0.1_0.126" 25 23.5070307900297 1.11452095855612 25 19.3639320435947 1.07109303870473 25 13.0511180051601 1.01971531195958 0.1 0.1 "simulation4" 18.5096388808892 3.75139138097148
"Conti_0.1_0.127" 26 24.1128242334936 1.11859230369244 26 20.0259732016308 1.03125188261616 26 13.8072321573384 0.906921245908005 0.1 0.1 "simulation4" 18.7601437656273 3.92546245075258
"Conti_0.1_0.128" 27 24.7017473721176 1.11924844030508 27 20.6422345379318 1.04897459319279 27 14.464769634901 0.921343805138117 0.1 0.1 "simulation4" 19.6081913672941 3.63217903181121
"Conti_0.1_0.129" 28 25.3262902267704 1.21321019863357 28 21.2820827781428 1.09518642114332 28 15.0850295812062 0.873071196630201 0.1 0.1 "simulation4" 20.8574806676129 3.94738184997589
"Conti_0.1_0.130" 29 25.9957260821696 1.2214094329131 29 21.9346074423847 1.09941651945559 29 15.6761245579367 0.90136173551987 0.1 0.1 "simulation4" 21.4993152541314 3.72733082729858
"Conti_0.1_0.131" 30 26.6378819417318 1.20223881847304 30 22.5521227348697 1.07486340091211 30 16.2333860210041 0.849479988215977 0.1 0.1 "simulation4" 22.5238390266673 3.66034840261816
"Conti_0.1_0.132" 31 27.2321520413129 1.17701579958448 31 23.1345157212973 1.07197731492776 31 16.781700160983 0.916211232166659 0.1 0.1 "simulation4" 23.079664969707 3.61451415866775
"Conti_0.1_0.133" 32 27.7940314878539 1.17789144352604 32 23.700346889056 1.07494674243183 32 17.3665127692663 0.927858103754672 0.1 0.1 "simulation4" 23.5019683544975 3.60834974120491
"Conti_0.1_0.134" 33 28.345827875352 1.18233509345431 33 24.2494963679651 1.0704202142738 33 17.9249371854903 0.906153743508259 0.1 0.1 "simulation4" 24.0012689325539 3.48289880588835
"Conti_0.1_0.135" 34 28.8522978574251 1.13686584156399 34 24.7612173601415 1.04216453466815 34 18.4441260055535 0.888360731393948 0.1 0.1 "simulation4" 24.5614540138256 3.94309476206917
"Conti_0.1_0.136" 35 29.3547318100331 1.19688454260862 35 25.2478924396154 1.05432092349094 35 18.8967691183252 0.824964964860239 0.1 0.1 "simulation4" 24.8782345838302 3.71403371067532
"Conti_0.1_0.137" 36 29.8546412471302 1.15504292512841 36 25.7237431917562 1.04650370460433 36 19.301738181874 0.834805562218616 0.1 0.1 "simulation4" 25.3788973744155 3.57251568854369
"Conti_0.1_0.138" 37 30.3238240800727 1.17032282034177 37 26.1856959294509 1.05242064036141 37 19.7202148811924 0.859879619228301 0.1 0.1 "simulation4" 25.5187443657764 4.20418828492028
"Conti_0.1_0.139" 38 30.7406611174585 1.0920196408501 38 26.6082646513233 1.00803830770872 38 20.1369454831741 0.853043296258491 0.1 0.1 "simulation4" 25.1313276831249 3.7559226593113
"Conti_0.1_0.140" 39 31.1010424868439 1.10238460979249 39 26.9919138837335 1.00608450475035 39 20.5400633021541 0.857475479264228 0.1 0.1 "simulation4" 25.8067750288015 3.88679684436723
"Conti_0.1_0.141" 40 31.4698758878624 1.11705978895507 40 27.3685404830076 1.01397696988622 40 20.9107520386213 0.820807706512571 0.1 0.1 "simulation4" 26.0674152230436 4.62009192962925
"Conti_0.1_0.142" 41 31.8422676628947 1.12617534812001 41 27.7308401573137 1.00207478432484 41 21.2494858408186 0.825305533526822 0.1 0.1 "simulation4" 26.6224865496042 4.87094429908065
"Conti_0.1_0.143" 42 32.2067523357505 1.12241589048759 42 28.0849019102376 1.01628714078023 42 21.5868378151105 0.829237667443216 0.1 0.1 "simulation4" 26.7018562237626 5.46941602478736
"Conti_0.1_0.144" 43 32.5376101326693 1.08635298104753 43 28.4204823761824 0.986211181530822 43 21.8978426894608 0.796429964761147 0.1 0.1 "simulation4" 26.9577838864884 5.12307866035043
"Conti_0.1_0.145" 44 32.8210391464665 1.06418098616725 44 28.7046901650485 0.950908716235862 44 22.1475606893734 0.746654202425123 0.1 0.1 "simulation4" 26.9667501977544 5.69648561617857
"Conti_0.1_0.146" 45 33.0866894560158 1.06969557029759 45 28.9509653583884 0.938207852145126 45 22.3459260335126 0.726617125003939 0.1 0.1 "simulation4" 27.5580652516154 5.467993983497
"Conti_0.1_0.147" 46 33.3582291340309 1.08237417463046 46 29.1929004195695 0.95092580232846 46 22.5399704834618 0.744149774611405 0.1 0.1 "simulation4" 27.5729300349828 5.92310434680092
"Conti_0.1_0.148" 47 33.6091826228761 1.05449924684281 47 29.419726699754 0.925180820103643 47 22.7352154029974 0.730957576991178 0.1 0.1 "simulation4" 28.2267996520858 6.07363049476748
"Conti_0.1_0.149" 48 33.8656984164042 1.1079593455487 48 29.6255898335759 0.930125193575935 48 22.8746691845999 0.662965932568367 0.1 0.1 "simulation4" 28.1007880242297 6.12588601979843
"Conti_0.22_0.221" 0 0 0 0 0 0 0 0 0 0.22 0.22 "simulation5" 0 0
"Conti_0.22_0.222" 1 0.0456326880234668 0.295540441626416 1 0.0214739125297472 0.158699882182743 1 0.0208195071273529 0 0.22 0.22 "simulation5" 0 0
"Conti_0.22_0.223" 2 0.930425776353283 1.22641165165992 2 0.637484533436526 0.966031349273209 2 0.233349872704612 0.528614876229455 0.22 0.22 "simulation5" 0.00580070070334182 0.0100471083376886
"Conti_0.22_0.224" 3 2.5217856192967 1.44366156261538 3 1.89686241843533 1.1507365742094 3 0.951680179879175 0.678677298616723 0.22 0.22 "simulation5" 0.0855001634780375 0.122241007618343
"Conti_0.22_0.225" 4 4.13645970735711 1.44504065323821 4 3.2448354637278 1.233185215772 4 1.82567862290118 0.8393074266616 0.22 0.22 "simulation5" 0.467331062712034 0.297260549487002
"Conti_0.22_0.226" 5 5.76105704675529 1.55621753141879 5 4.62073056404757 1.27809856564932 5 2.74594103680226 0.807313820835535 0.22 0.22 "simulation5" 2.04237727645882 0.950523336778062
"Conti_0.22_0.227" 6 7.43007695020299 1.59222830528533 6 6.00894097050048 1.32953654270894 6 3.63193670952103 0.84092962507435 0.22 0.22 "simulation5" 3.55263836543111 1.28871861693056
"Conti_0.22_0.228" 7 9.11784115445159 1.67411835162813 7 7.42349092521699 1.38896685931578 7 4.51582292804223 0.842257729972002 0.22 0.22 "simulation5" 5.07878800408942 1.5910860340438
"Conti_0.22_0.229" 8 10.8047630294083 1.67030988147422 8 8.82445994842312 1.37626117388067 8 5.36169866178831 0.824329592088389 0.22 0.22 "simulation5" 6.20071051071896 1.86538698690397
"Conti_0.22_0.2210" 9 12.3981397864335 1.60839723989499 9 10.1451019240869 1.3280849219841 9 6.16383203529329 0.808780011841674 0.22 0.22 "simulation5" 7.19093734474528 1.9940295859048
"Conti_0.22_0.2211" 10 13.8755536874586 1.55726593006659 10 11.3580219129197 1.26508329541001 10 6.89217329836653 0.747767522169508 0.22 0.22 "simulation5" 7.96534720645758 2.32408802106099
"Conti_0.22_0.2212" 11 15.250467232585 1.50770104029318 11 12.4864560298897 1.24567243018632 11 7.58199174768698 0.780918166601604 0.22 0.22 "simulation5" 8.41983272114211 2.22200582896889
"Conti_0.22_0.2213" 12 16.5304637391847 1.46855377660263 12 13.5578815361091 1.22118618974192 12 8.27671545398388 0.779935091103178 0.22 0.22 "simulation5" 8.73802470488672 2.14300849832955
"Conti_0.22_0.2214" 13 17.7477599154094 1.45976648312125 13 14.5654543337233 1.19242550693794 13 8.9200082056786 0.73547189849929 0.22 0.22 "simulation5" 9.3437511636213 2.28642491672209
"Conti_0.22_0.2215" 14 18.8873569594917 1.40128539484288 14 15.5173221752014 1.17576650176457 14 9.51093058513052 0.730006482731064 0.22 0.22 "simulation5" 10.1492531364363 2.3045795076607
"Conti_0.22_0.2216" 15 19.958274687868 1.39825775025795 15 16.4078967063614 1.13652887103657 15 10.0996194743784 0.754359609167893 0.22 0.22 "simulation5" 10.9549818185053 2.41753836194059
"Conti_0.22_0.2217" 16 20.9734639772537 1.35545587709775 16 17.233931746147 1.11573410160616 16 10.6846677199666 0.755072186803122 0.22 0.22 "simulation5" 12.0584008948876 2.78121461763979
"Conti_0.22_0.2218" 17 21.9160827816444 1.33526738354098 17 18.0358821616423 1.13448570693699 17 11.2607616637273 0.771212220340122 0.22 0.22 "simulation5" 12.9257974477583 2.99292117493442
"Conti_0.22_0.2219" 18 22.8359188513149 1.35734096177657 18 18.8253129395919 1.13211371934437 18 11.8389536686349 0.78392412909405 0.22 0.22 "simulation5" 13.9175490367278 3.15015151568688
"Conti_0.22_0.2220" 19 23.71363990677 1.31270825317956 19 19.5865651389458 1.12907869472308 19 12.4034420157727 0.778101570808213 0.22 0.22 "simulation5" 15.2137224490829 3.45178153663227
"Conti_0.22_0.2221" 20 24.5521925749314 1.33564059493298 20 20.3264294317615 1.1314472882894 20 12.9459777483246 0.776193894814856 0.22 0.22 "simulation5" 16.1222005300663 3.76146153426734
"Conti_0.22_0.2222" 21 25.3611625828489 1.3013114289746 21 21.0217093805683 1.09446916094747 21 13.4621840200392 0.764677708629546 0.22 0.22 "simulation5" 17.1638449686973 3.83522818732409
"Conti_0.22_0.2223" 22 26.1114860837376 1.28537148841686 22 21.6816500599427 1.10886781545858 22 13.9789863429789 0.799868606724221 0.22 0.22 "simulation5" 18.3694396670456 4.02556487349297
"Conti_0.22_0.2224" 23 26.854065471162 1.32232973552659 23 22.3359151174585 1.11357549791368 23 14.4938782699004 0.785016385033309 0.22 0.22 "simulation5" 19.4364265822987 3.88910230686665
"Conti_0.22_0.2225" 24 27.5979128468425 1.32173576146243 24 22.9724501708281 1.11425046444688 24 14.9606732450523 0.780891172513677 0.22 0.22 "simulation5" 20.0029365616188 4.25906618836988
"Conti_0.22_0.2226" 25 28.3187719842772 1.32699682830567 25 23.6632370295867 1.24488783297706 25 15.6553546436231 1.16210734768221 0.22 0.22 "simulation5" 21.1626828296314 3.19341641440021
"Conti_0.22_0.2227" 26 29.0712468953803 1.4210006935024 26 24.4227714079241 1.25771113955905 26 16.5536353143926 1.13822911724557 0.22 0.22 "simulation5" 21.8942218017347 3.21172227707608
"Conti_0.22_0.2228" 27 29.9010758565233 1.48710028147466 27 25.1657101351396 1.2641912941218 27 17.3819262520009 1.12497465535562 0.22 0.22 "simulation5" 23.0170035775587 3.1089599073156
"Conti_0.22_0.2229" 28 30.7859792802037 1.5562833270051 28 25.9194709058387 1.31515899127127 28 18.1931642652542 1.15303450488366 0.22 0.22 "simulation5" 24.36079262087 3.51344111034421
"Conti_0.22_0.2230" 29 31.6833282465889 1.55467217620039 29 26.6975128269983 1.33870631651887 29 19.0342128520164 1.2109497850336 0.22 0.22 "simulation5" 25.5887940971956 3.67691667113119
"Conti_0.22_0.2231" 30 32.5519934467002 1.56188765033268 30 27.4684583336871 1.34764697297969 30 19.8895287173069 1.22200485315781 0.22 0.22 "simulation5" 27.0068648799541 4.10983265970995
"Conti_0.22_0.2232" 31 33.4262117643494 1.59908385912393 31 28.2437120957103 1.38082176210797 31 20.7566232543628 1.26948466484874 0.22 0.22 "simulation5" 28.0096043364686 4.04264626304993
"Conti_0.22_0.2233" 32 34.2493832023088 1.52397872820319 32 28.988595767352 1.3367834809934 32 21.5806668948509 1.19835558580373 0.22 0.22 "simulation5" 28.5395909840319 3.93919449527389
"Conti_0.22_0.2234" 33 35.0080723996444 1.53493443353391 33 29.6781303626186 1.32955855371478 33 22.3499266781101 1.22452293178673 0.22 0.22 "simulation5" 29.5861002830935 3.72204396512355
"Conti_0.22_0.2235" 34 35.7287919789417 1.49102123948874 34 30.3374389017945 1.31583860398514 34 23.1159582948936 1.22213098500863 0.22 0.22 "simulation5" 30.4792452552577 3.44548692454115
"Conti_0.22_0.2236" 35 36.3755717234234 1.45398368245433 35 30.9489326092437 1.28442715747958 35 23.8362091594301 1.18854894821099 0.22 0.22 "simulation5" 31.015900939213 3.17927946288453
"Conti_0.22_0.2237" 36 36.9898949412861 1.47187309711007 36 31.5218433914898 1.28529253062671 36 24.4978926891964 1.16413736063746 0.22 0.22 "simulation5" 31.9676073952327 3.77777181516951
"Conti_0.22_0.2238" 37 37.6433927930487 1.54118605459388 37 32.1036671663066 1.32172560056083 37 25.1344097618884 1.17825899071855 0.22 0.22 "simulation5" 32.3616356397141 3.62357149705932
"Conti_0.22_0.2239" 38 38.3065907925444 1.51938891873155 38 32.6778814774771 1.29943698622993 38 25.7706051116465 1.18922922230536 0.22 0.22 "simulation5" 33.4325530556594 3.78900155216718
"Conti_0.22_0.2240" 39 38.925594137503 1.50650556741233 39 33.2044647042237 1.27437936436856 39 26.3710805966759 1.15133825409574 0.22 0.22 "simulation5" 33.6027685032113 3.73261750532853
"Conti_0.22_0.2241" 40 39.5059538842428 1.48824764337476 40 33.6858273706426 1.25155232480993 40 26.9157940791753 1.12808503881032 0.22 0.22 "simulation5" 35.2525602968314 3.73375270479588
"Conti_0.22_0.2242" 41 40.0806099215841 1.52342948785418 41 34.1470617085022 1.26261778170542 41 27.4158075629092 1.10404474075014 0.22 0.22 "simulation5" 36.0929480232233 3.84785943629184
"Conti_0.22_0.2243" 42 40.6559878948304 1.51466514090464 42 34.5954282889881 1.25138055057822 42 27.8945641962314 1.11416612879245 0.22 0.22 "simulation5" 36.3574956794263 3.39071565171124
"Conti_0.22_0.2244" 43 41.1990973752141 1.50161777087537 43 35.0226610726491 1.25152145585525 43 28.3473022225939 1.08472471557576 0.22 0.22 "simulation5" 37.7368889253443 4.81937003026697
"Conti_0.22_0.2245" 44 41.712167424441 1.49294552972974 44 35.4409619880538 1.25645287651638 44 28.778461877867 1.09982274613624 0.22 0.22 "simulation5" 38.0206190696558 4.24577051182607
"Conti_0.22_0.2246" 45 42.2125225025916 1.50533626300878 45 35.8470147574399 1.25209752891239 45 29.1910293707695 1.07016765730368 0.22 0.22 "simulation5" 39.1362851281872 4.10511246226706
"Conti_0.22_0.2247" 46 42.7089947635312 1.5083302072657 46 36.2375857498927 1.25077007701421 46 29.5438780058347 1.024054853063 0.22 0.22 "simulation5" 39.5625641935957 4.66147088527925
"Conti_0.22_0.2248" 47 43.1816011195138 1.4897344325314 47 36.607329898115 1.23720008091067 47 29.8420676067219 1.00096918103606 0.22 0.22 "simulation5" 40.193691821182 4.99647332453863
"Conti_0.22_0.2249" 48 43.6113411800106 1.46096852792815 48 36.9646807816051 1.25020067022658 48 30.1436596374201 1.04312075823147 0.22 0.22 "simulation5" 40.5695658472729 5.34114707217461
"Conti_0.46_0.461" 0 0 0 0 0 0 0 0 0 0.46 0.46 "simulation6" 0 0
"Conti_0.46_0.462" 1 0.132026697851927 0.431126470948916 1 0.104672510164795 0.38426620566679 1 0.0874918153361872 0.349001029282547 0.46 0.46 "simulation6" 0.00494767727204197 0.00856962841463048
"Conti_0.46_0.463" 2 1.15056358799125 1.29110068603013 2 0.983836264207981 1.10207768379181 2 0.841516306926344 0.899776034287926 0.46 0.46 "simulation6" 0.0102850429936083 0.0178142170229599
"Conti_0.46_0.464" 3 2.78140814467641 1.48829539657508 3 2.3460864242223 1.2245602000734 3 1.90821939828603 0.946005570246608 0.46 0.46 "simulation6" 0.115379176343679 0.129717372453942
"Conti_0.46_0.465" 4 4.48910852757547 1.5617449495532 4 3.80932422836914 1.38791217989553 4 3.09697861974555 1.18122157662844 0.46 0.46 "simulation6" 0.871429226069853 0.485314892567839
"Conti_0.46_0.466" 5 6.20387905032654 1.60452526572751 5 5.36148372397762 1.45098632541243 5 4.41643049439971 1.21447842326802 0.46 0.46 "simulation6" 2.39575600922231 0.698399315255843
"Conti_0.46_0.467" 6 7.95283046744032 1.70580481859637 6 6.93524694896502 1.51114245702158 6 5.71922311573411 1.23403745986278 0.46 0.46 "simulation6" 4.01291569576665 0.761883674982982
"Conti_0.46_0.468" 7 9.72824652396645 1.73231723925065 7 8.51424191931553 1.53628514405731 7 7.00863532981759 1.25345599586922 0.46 0.46 "simulation6" 5.53722679090188 1.00635516293631
"Conti_0.46_0.469" 8 11.4452227149052 1.70747525682381 8 10.030891916333 1.49044748289453 8 8.2437277305533 1.20808577893818 0.46 0.46 "simulation6" 6.52835411791042 1.18654280332552
"Conti_0.46_0.4610" 9 13.1109570568624 1.73104674707057 9 11.4577294277305 1.46578071340043 9 9.39011638065403 1.16963696624013 0.46 0.46 "simulation6" 7.46476276824114 1.40260002820272
"Conti_0.46_0.4611" 10 14.7162411212054 1.68457400133998 10 12.8161408917647 1.44385078999989 10 10.4545999260804 1.13019027382899 0.46 0.46 "simulation6" 8.18109568137189 1.70343473450965
"Conti_0.46_0.4612" 11 16.2086492547479 1.62357391958047 11 14.1042179667632 1.41461487395802 11 11.4766065218798 1.14636452323402 0.46 0.46 "simulation6" 8.60670526748975 1.69357365728482
"Conti_0.46_0.4613" 12 17.5729719152171 1.54372311745921 12 15.3204819040379 1.38654430346491 12 12.4523683857584 1.10336862139725 0.46 0.46 "simulation6" 9.09964811557979 1.51433663059717
"Conti_0.46_0.4614" 13 18.8135876056881 1.48601435624407 13 16.4609709786664 1.35023248085963 13 13.3746857439714 1.1117057196301 0.46 0.46 "simulation6" 9.74893276265539 1.76150060929858
"Conti_0.46_0.4615" 14 19.9791369980453 1.47551521362619 14 17.5502260837284 1.35656792761551 14 14.2978317751921 1.14806932165319 0.46 0.46 "simulation6" 10.5355256821081 1.3627531124156
"Conti_0.46_0.4616" 15 21.0922752384642 1.4553823805787 15 18.6096367511074 1.34880221723915 15 15.2480382587029 1.1836238294716 0.46 0.46 "simulation6" 11.4656881073103 1.66738193476043
"Conti_0.46_0.4617" 16 22.1764292426018 1.47616582432485 16 19.5895929269497 1.27293031039136 16 16.062734621929 0.976833805925142 0.46 0.46 "simulation6" 12.5385166904116 1.73082795247349
"Conti_0.46_0.4618" 17 23.1956647630328 1.40295556680346 17 20.465773001372 1.23259734626617 17 16.6776186219342 0.910960483459617 0.46 0.46 "simulation6" 13.5614306622235 1.84470807780167
"Conti_0.46_0.4619" 18 24.1418559628577 1.4081747547856 18 21.2964102311054 1.23677412640465 18 17.2742964859008 0.96182547891023 0.46 0.46 "simulation6" 14.8068629469965 2.01098048461201
"Conti_0.46_0.4620" 19 25.0543826071737 1.38929093700319 19 22.1110509595878 1.24422744260294 19 17.8946182262196 0.974891004669258 0.46 0.46 "simulation6" 16.0623109192055 2.0314577204632
"Conti_0.46_0.4621" 20 25.9294928565676 1.39256750341226 20 22.909498646685 1.24961619750236 20 18.529003577639 1.01265951426835 0.46 0.46 "simulation6" 17.4422687233556 2.43419785491708
"Conti_0.46_0.4622" 21 26.781470699786 1.3926978442635 21 23.6796024832377 1.23981998923577 21 19.1233044883625 0.949286872819076 0.46 0.46 "simulation6" 19.1761709690622 2.79568589448944
"Conti_0.46_0.4623" 22 27.6052573082587 1.39034498481146 22 24.4369329781354 1.26596668231513 22 19.7110130832835 1.03085304815552 0.46 0.46 "simulation6" 20.4543831957019 2.78673346382924
"Conti_0.46_0.4624" 23 28.4158514832018 1.41206270830806 23 25.1894688410786 1.27035920693332 23 20.3169268816885 1.0072614839504 0.46 0.46 "simulation6" 22.0971163821883 3.37387193928686
"Conti_0.46_0.4625" 24 29.2227399192074 1.42519749874445 24 25.9312743722522 1.29392063999906 24 20.9204975565103 1.07661850443293 0.46 0.46 "simulation6" 23.438912968752 3.63494508847154
"Conti_0.46_0.4626" 25 30.025500834355 1.45264424068804 25 26.7155273102385 1.37650918627235 25 21.6738315135367 1.26913954577978 0.46 0.46 "simulation6" 24.9358215915082 2.63373008783158
"Conti_0.46_0.4627" 26 30.8745598551697 1.54220445855245 26 27.55559486806 1.42225220279051 26 22.4967024182761 1.23368133642239 0.46 0.46 "simulation6" 26.1243660673836 2.62157765209268
"Conti_0.46_0.4628" 27 31.7836674250967 1.59467459237046 27 28.3921963155408 1.42081492667183 27 23.2915043194196 1.28020603959079 0.46 0.46 "simulation6" 27.6300285615807 2.539722450871
"Conti_0.46_0.4629" 28 32.7176599304907 1.63738183354546 28 29.2238091685005 1.46190839242842 28 24.1090592784329 1.30736576401719 0.46 0.46 "simulation6" 29.1402960541646 2.77118952629537
"Conti_0.46_0.4630" 29 33.6878781450827 1.70159453648976 29 30.0879342033298 1.51509156850747 29 24.9315777086452 1.33319486804571 0.46 0.46 "simulation6" 31.8212303474705 3.35679099589789
"Conti_0.46_0.4631" 30 34.6623424990718 1.69589279619087 30 30.9791012122567 1.55120507880557 30 25.7623834488018 1.36378033134102 0.46 0.46 "simulation6" 34.0873454917627 3.71555957073055
"Conti_0.46_0.4632" 31 35.6230079737696 1.72870467544696 31 31.8766156982982 1.57071626430515 31 26.601911840329 1.38682205145179 0.46 0.46 "simulation6" 35.2696065476217 3.54348697400447
"Conti_0.46_0.4633" 32 36.5473343713249 1.68773019254175 32 32.7468608347965 1.55212948620063 32 27.4145173837774 1.35838392903621 0.46 0.46 "simulation6" 37.6081652932424 4.45516576963145
"Conti_0.46_0.4634" 33 37.4542282589213 1.74784907360923 33 33.5677864916631 1.53442277704592 33 28.1402636835293 1.29090808768097 0.46 0.46 "simulation6" 39.1672781509076 4.71299191193956
"Conti_0.46_0.4635" 34 38.380695890873 1.75634631186246 34 34.3482255879495 1.52418601776326 34 28.8018356362554 1.28175188722161 0.46 0.46 "simulation6" 40.2351921259505 5.20751526310114
"Conti_0.46_0.4636" 35 39.2538815627081 1.71526381901706 35 35.0866215898117 1.50709181651465 35 29.4116629876506 1.2358643993317 0.46 0.46 "simulation6" 42.7140179387157 6.17234967595424
"Conti_0.46_0.4637" 36 40.0976418866529 1.75400768344871 36 35.8235754059072 1.55648464585947 36 29.9906417324282 1.26093900496999 0.46 0.46 "simulation6" 43.9250064467876 6.28173503142618
"Conti_0.46_0.4638" 37 40.9629627513045 1.78525318408768 37 36.5728168109452 1.55887868096463 37 30.5575913420521 1.24103259629756 0.46 0.46 "simulation6" 45.0675255372627 5.28158772650076
"Conti_0.46_0.4639" 38 41.8065748063181 1.76662968910159 38 37.2811081020365 1.53361158051489 38 31.0924597721243 1.2411371267905 0.46 0.46 "simulation6" 46.6944043400149 5.21093203765848
"Conti_0.46_0.4640" 39 42.6283023792368 1.8003666564071 39 37.9730264842212 1.56846596136028 39 31.6314539536749 1.27046627205282 0.46 0.46 "simulation6" 48.2729592376413 6.18056499535608
"Conti_0.46_0.4641" 40 43.5073957547074 1.89625685175089 40 38.6796402349171 1.5897962815957 40 32.1733026193373 1.27479507730407 0.46 0.46 "simulation6" 49.9025226450419 6.0718613559578
"Conti_0.46_0.4642" 41 44.4243915593717 1.90295697784046 41 39.3902976477368 1.61132941675186 41 32.7225451093179 1.31638136868606 0.46 0.46 "simulation6" 52.6469016810259 7.27904932818283
"Conti_0.46_0.4643" 42 45.2880655928869 1.86272249068404 42 40.088586619797 1.60566107241973 42 33.3050470233086 1.35141137298408 0.46 0.46 "simulation6" 53.3473048770577 7.00590980868469
"Conti_0.46_0.4644" 43 46.1009820093947 1.86310088299987 43 40.7612103466088 1.60598457678486 43 33.8904993379776 1.35501345244723 0.46 0.46 "simulation6" 55.2019565101398 7.0817467377245
"Conti_0.46_0.4645" 44 46.8860884335298 1.85533098517585 44 41.419336063531 1.61319438472907 44 34.4651936796823 1.35814774087579 0.46 0.46 "simulation6" 56.1455970148648 6.95774486461796
"Conti_0.46_0.4646" 45 47.6503785563894 1.87047975076538 45 42.0518075546285 1.59807678638388 45 34.9739959789153 1.28045433040566 0.46 0.46 "simulation6" 59.0951826418257 7.47859024175719
"Conti_0.46_0.4647" 46 48.4265869838206 1.90799033163242 46 42.6689577868334 1.6183800830191 46 35.4412163633534 1.3136533301732 0.46 0.46 "simulation6" 60.8036589793488 7.99341992353416
"Conti_0.46_0.4648" 47 49.1827880908293 1.87846427688371 47 43.2684955757707 1.60059362104004 47 35.8975731707711 1.28452532596881 0.46 0.46 "simulation6" 62.168274293587 7.73277584335803
"Conti_0.46_0.4649" 48 49.9072677673005 1.89810140575794 48 43.8550305799121 1.63013877999008 48 36.3553961389888 1.34467717112275 0.46 0.46 "simulation6" 64.0994558695451 8.98262970222096
