"time" "Srxn1_max" "NRF2_max" "time2" "Srxn1_mean" "NRF2_mean" "time3" "Srxn1_min" "NRF2_min" "dose1" "dose2" "Simulation" "SRXN1_observed" "SRXN1_SD"
"Conti_0.01_0.011" 0 0 0 0 0 0 0 0 0 0.01 0.01 "simulation1" 0 0
"Conti_0.01_0.012" 1 0.0239526409407851 0.170972342257674 1 0.0210541881863004 0.111812897410776 1 0.0208181256661242 0 0.01 0.01 "simulation1" 0.00168605923304642 0.00292034025620701
"Conti_0.01_0.013" 2 0.0922445312597373 0.236693910458228 2 0.0493662303593829 0.182371535901359 2 0.0410557401697412 0.0940170848248412 0.01 0.01 "simulation1" 0 0
"Conti_0.01_0.014" 3 0.364398637072903 0.396138239071704 3 0.256518489376603 0.366295530972517 3 0.172102835729603 0.345025609904069 0.01 0.01 "simulation1" 0 0
"Conti_0.01_0.015" 4 0.806352250762746 0.423102785460945 4 0.632808127188887 0.377472048473708 4 0.5145449462657 0.339501068244166 0.01 0.01 "simulation1" 0.0460336795021125 0.012070577307288
"Conti_0.01_0.016" 5 1.22394954175403 0.391843611190873 5 0.967235605190983 0.335632771402123 5 0.754642352612339 0.281097733721799 0.01 0.01 "simulation1" 0.285815399222391 0.02335921999524
"Conti_0.01_0.017" 6 1.57809419849727 0.364835321521132 6 1.23118104069455 0.31920540915947 6 0.92265286686397 0.275536361930286 0.01 0.01 "simulation1" 0.835970942566162 0.133766577500286
"Conti_0.01_0.018" 7 1.84177817044751 0.313403611862207 7 1.43554849398706 0.288951355823924 7 1.06194973519232 0.25781923153619 0.01 0.01 "simulation1" 1.34364754417711 0.265135254199165
"Conti_0.01_0.019" 8 2.07923012174912 0.350183971159793 8 1.63637082490108 0.325640084763016 8 1.19826205788901 0.283761282139027 0.01 0.01 "simulation1" 1.79539867625144 0.379609685908897
"Conti_0.01_0.0110" 9 2.42325850937027 0.418285279802752 9 1.9567824980271 0.400122962138288 9 1.46646218092898 0.373419132116341 0.01 0.01 "simulation1" 2.55056390920753 0.695642076348149
"Conti_0.01_0.0111" 10 2.75476295393845 0.350710503991053 10 2.26119611720307 0.323105918376124 10 1.72757262429756 0.289022405131513 0.01 0.01 "simulation1" 2.49430140582079 0.746528532650643
"Conti_0.01_0.0112" 11 2.99456892897655 0.341972850573409 11 2.47357555771323 0.325398357850083 11 1.9036745709624 0.3084496688195 0.01 0.01 "simulation1" 2.68006859898085 0.808192281220869
"Conti_0.01_0.0113" 12 3.26564412922063 0.381351960271499 12 2.70135215721727 0.336296370376714 12 2.10215606533334 0.306684901590154 0.01 0.01 "simulation1" 2.81154936047501 0.899829873239389
"Conti_0.01_0.0114" 13 3.54358397896156 0.354669358096461 13 2.92263249378981 0.325386748543047 13 2.28379242023119 0.300900539627545 0.01 0.01 "simulation1" 2.85732298411775 0.903504977138126
"Conti_0.01_0.0115" 14 3.75496662196933 0.327660998469522 14 3.11577128606798 0.317223188810181 14 2.46380789112296 0.308614041148846 0.01 0.01 "simulation1" 3.05381787011312 1.01019445156153
"Conti_0.01_0.0116" 15 3.94535825845264 0.339005958738139 15 3.29186728804336 0.315117440561777 15 2.62699979819235 0.291849391306673 0.01 0.01 "simulation1" 3.13399973925298 0.903634841403705
"Conti_0.01_0.0117" 16 4.15324487869719 0.345043892545556 16 3.4746382732768 0.325293858047671 16 2.78771983688338 0.309686638744685 0.01 0.01 "simulation1" 3.25244154900767 0.893502373283102
"Conti_0.01_0.0118" 17 4.32455487940599 0.313249023697198 17 3.63189588247013 0.298436717729288 17 2.94220437851198 0.29059534190372 0.01 0.01 "simulation1" 3.34615360576855 0.821099084799997
"Conti_0.01_0.0119" 18 4.47812196947931 0.332165420193412 18 3.77277809143546 0.314621678787827 18 3.08556974657521 0.304561973174247 0.01 0.01 "simulation1" 3.56337954094043 0.899528751615669
"Conti_0.01_0.0120" 19 4.62203264967476 0.314057450915685 19 3.9148265595535 0.304422697020329 19 3.2333514801898 0.296977356445438 0.01 0.01 "simulation1" 3.77198538570631 1.02047574877586
"Conti_0.01_0.0121" 20 4.84367248276785 0.412691821813655 20 4.0851954967227 0.344884150949285 20 3.36748380079633 0.297473062539557 0.01 0.01 "simulation1" 3.91189496838109 0.988173836392343
"Conti_0.01_0.0122" 21 5.14287010760473 0.40081337883847 21 4.28985934017282 0.339865539676281 21 3.49897139349989 0.297523536613694 0.01 0.01 "simulation1" 4.02257800404361 0.997972035480284
"Conti_0.01_0.0123" 22 5.40239577267914 0.388062717906012 22 4.47212488686081 0.332635401442229 22 3.62541359783623 0.295787086047411 0.01 0.01 "simulation1" 4.09479015555489 0.994215758871554
"Conti_0.01_0.0124" 23 5.67503752142737 0.420187878544309 23 4.64284713527486 0.333215576100467 23 3.72978744419075 0.280359843726193 0.01 0.01 "simulation1" 4.19571859226968 1.00882358688531
"Conti_0.01_0.0125" 24 5.93192712560591 0.379698185589229 24 4.8016744656986 0.326270047367165 24 3.81070016082845 0.278708958958353 0.01 0.01 "simulation1" 4.36480853072841 0.869683499472184
"Conti_0.01_0.0126" 25 6.13942179423811 0.373539075851511 25 4.94889551509397 0.32582183231897 25 3.8989481064655 0.286678862443782 0.01 0.01 "simulation1" 4.45056141895871 0.852826088259742
"Conti_0.01_0.0127" 26 6.31950363092216 0.353030429910975 26 5.07863887751181 0.311205100327885 26 3.97740769114197 0.272426994906418 0.01 0.01 "simulation1" 4.60169237349438 0.971413206913658
"Conti_0.01_0.0128" 27 6.44920858141549 0.3319348832086 27 5.16655111820912 0.294670832797796 27 4.03604024802339 0.27325238823009 0.01 0.01 "simulation1" 4.52630897702566 0.88157488007656
"Conti_0.01_0.0129" 28 6.58597675148451 0.361539216883648 28 5.26246962144266 0.318027831518454 28 4.12188957288549 0.294883316784619 0.01 0.01 "simulation1" 4.60634585949474 0.979459602102126
"Conti_0.01_0.0130" 29 6.74524328745863 0.358307772505483 29 5.36221836874209 0.300648711711193 29 4.19702082507919 0.266997898287056 0.01 0.01 "simulation1" 4.60626724772018 0.980804682145862
"Conti_0.01_0.0131" 30 6.92131855702462 0.383111152343826 30 5.45518462556096 0.315090543245971 30 4.24727701775853 0.275901275908708 0.01 0.01 "simulation1" 4.71072280704325 1.01668390117399
"Conti_0.01_0.0132" 31 7.07845145095669 0.346278357045061 31 5.54542100326891 0.29971672963635 31 4.30499858931151 0.272720357859593 0.01 0.01 "simulation1" 4.69309604526876 0.978376621337356
"Conti_0.01_0.0133" 32 7.21341516515485 0.36864930423145 32 5.61735785737591 0.302494942499862 32 4.3523608041694 0.268488101189261 0.01 0.01 "simulation1" 4.72795025786753 0.951454679471575
"Conti_0.02_0.021" 0 0 0 0 0 0 0 0 0 0.02 0.02 "simulation2" 0 0
"Conti_0.02_0.022" 1 0.0276215201361195 0.203980791512879 1 0.0208297987261893 0.0748870334396387 1 0.0208181292914733 0 0.02 0.02 "simulation2" 0 0
"Conti_0.02_0.023" 2 0.309460455071049 0.437906309476165 2 0.113007287999045 0.318729438736841 2 0.049906282316906 0.215578140787618 0.02 0.02 "simulation2" 0 0
"Conti_0.02_0.024" 3 0.892896259030639 0.579230054905898 3 0.555273461508711 0.495066039899073 3 0.284903480376008 0.368943816025847 0.02 0.02 "simulation2" 0.00208655680897513 0.00361402240602372
"Conti_0.02_0.025" 4 1.60204225098182 0.661062186275234 4 1.15116083336742 0.547824665911971 4 0.711015232843822 0.427434957942345 0.02 0.02 "simulation2" 0.0655794390939315 0.0350443667857807
"Conti_0.02_0.026" 5 2.31140296154539 0.624716446109823 5 1.74679552049776 0.534011346185043 5 1.1497898685044 0.409422465879922 0.02 0.02 "simulation2" 0.421709956484451 0.0878197779391373
"Conti_0.02_0.027" 6 2.9860118969837 0.644765045535722 6 2.3105098875688 0.529228538913121 6 1.54993349384934 0.400551515046038 0.02 0.02 "simulation2" 1.20086209907209 0.192071099760271
"Conti_0.02_0.028" 7 3.6406991354577 0.62167976197081 7 2.83242572484336 0.495951377386274 7 1.91528409577054 0.379460617532883 0.02 0.02 "simulation2" 2.01059970674986 0.195652271826206
"Conti_0.02_0.029" 8 4.24905214880018 0.608410886874647 8 3.30379006526914 0.484531450636109 8 2.2013848828187 0.337146462798931 0.02 0.02 "simulation2" 2.62168268975871 0.235839791219511
"Conti_0.02_0.0210" 9 4.85917984366077 0.640212705069717 9 3.78485344934812 0.51999959424347 9 2.53739059939987 0.435259752138001 0.02 0.02 "simulation2" 3.62996928381637 0.721974073770762
"Conti_0.02_0.0211" 10 5.38617724475316 0.514347176289783 10 4.22006430787638 0.444951327380202 10 2.90224721047493 0.379938095708375 0.02 0.02 "simulation2" 3.69054663603533 0.817452623057913
"Conti_0.02_0.0212" 11 5.82473201191747 0.5411005000146 11 4.60877260411346 0.480452142411524 11 3.24045612339199 0.427047363828069 0.02 0.02 "simulation2" 3.95282671018358 0.793756085405174
"Conti_0.02_0.0213" 12 6.32007993778836 0.600719845494534 12 5.04315608145279 0.514402709255601 12 3.6472046272409 0.465850623151586 0.02 0.02 "simulation2" 4.13229137518998 0.820504502316448
"Conti_0.02_0.0214" 13 6.83332213576749 0.60085288231756 13 5.47955310577073 0.504313450097008 13 4.03000147640239 0.419663557677024 0.02 0.02 "simulation2" 4.29045227971599 0.815514504356785
"Conti_0.02_0.0215" 14 7.31643482985732 0.57304175326422 14 5.89690261617517 0.507376272560528 14 4.36565535526884 0.418492733641802 0.02 0.02 "simulation2" 4.46647179490482 0.791397447485117
"Conti_0.02_0.0216" 15 7.74500001167125 0.548533017905929 15 6.29167544170786 0.490210467972841 15 4.6763356936985 0.398088364594726 0.02 0.02 "simulation2" 4.68742265294719 0.843834262858463
"Conti_0.02_0.0217" 16 8.18665192262815 0.60450040441728 16 6.66543865851544 0.49441400591333 16 4.94656813837101 0.383457813666963 0.02 0.02 "simulation2" 4.86293826077623 0.763032503627889
"Conti_0.02_0.0218" 17 8.61704094950562 0.553071386595032 17 7.02710506327903 0.486393863119329 17 5.18001410180333 0.366403057479478 0.02 0.02 "simulation2" 5.13205209537735 0.684365365703329
"Conti_0.02_0.0219" 18 8.99932377533928 0.550622759858842 18 7.3606119825564 0.470340135590045 18 5.40224582254183 0.374578074945066 0.02 0.02 "simulation2" 5.3385903271001 0.651691807748698
"Conti_0.02_0.0220" 19 9.35640803916819 0.5327467935504 19 7.65725182623738 0.452223963281821 19 5.58166464844495 0.331395540386516 0.02 0.02 "simulation2" 5.48655433038198 0.780179670159798
"Conti_0.02_0.0221" 20 9.71203582300531 0.565330615062102 20 7.94837478276969 0.472384936149989 20 5.73676908703245 0.356840619755241 0.02 0.02 "simulation2" 5.69935402084791 0.758402387081459
"Conti_0.02_0.0222" 21 10.0885328770369 0.574106376526474 21 8.23909429638821 0.460665000971334 21 5.92506572948353 0.365273480786198 0.02 0.02 "simulation2" 5.96766460523476 0.986370197811108
"Conti_0.02_0.0223" 22 10.4310458057889 0.532522294122806 22 8.50068133238134 0.446513387847688 22 6.11631274969356 0.367497617198515 0.02 0.02 "simulation2" 6.10957044503153 1.03605985874321
"Conti_0.02_0.0224" 23 10.7095235287182 0.499124077605328 23 8.73111604705199 0.43058499907013 23 6.302840859745 0.366445897972013 0.02 0.02 "simulation2" 6.22242283156778 1.04521619564704
"Conti_0.02_0.0225" 24 10.9659449858586 0.509119126658453 24 8.94390744261589 0.430674061166262 24 6.47677916662649 0.359429523583146 0.02 0.02 "simulation2" 6.3586077465649 1.15067388650421
"Conti_0.02_0.0226" 25 11.2136306125492 0.495175904525147 25 9.13527998402199 0.41113593264611 25 6.62236827436112 0.344297626997475 0.02 0.02 "simulation2" 6.44160690288788 1.33033635476314
"Conti_0.02_0.0227" 26 11.4456504985021 0.496199454995053 26 9.3004211091208 0.406406577667046 26 6.74964113835396 0.343396438531321 0.02 0.02 "simulation2" 6.49148305314849 1.40719538432157
"Conti_0.02_0.0228" 27 11.6503030650526 0.46508677217839 27 9.45644202431246 0.403340342601598 27 6.86690772232254 0.336736566901378 0.02 0.02 "simulation2" 6.68186500716978 1.38092042909326
"Conti_0.02_0.0229" 28 11.8068619280956 0.442440749572395 28 9.58819035937925 0.383657329838585 28 6.96817620440765 0.32971369711539 0.02 0.02 "simulation2" 6.57327551188152 1.37726226897297
"Conti_0.02_0.0230" 29 11.9493869569163 0.453160074602155 29 9.69064844173041 0.37628421357099 29 7.02685519918896 0.300245729153688 0.02 0.02 "simulation2" 6.60151137675163 1.3636281583104
"Conti_0.02_0.0231" 30 12.1220306614532 0.48444968271175 30 9.79274632024078 0.385446193305942 30 7.04907803778949 0.299799133834681 0.02 0.02 "simulation2" 6.65923876848463 1.23245518466109
"Conti_0.02_0.0232" 31 12.310336062125 0.48117396674792 31 9.90688963527377 0.391712332603296 31 7.10037858916861 0.321830081885691 0.02 0.02 "simulation2" 6.7605083675097 1.52173182338309
"Conti_0.02_0.0233" 32 12.4844557827368 0.475070222257285 32 10.0197232388442 0.388207764253816 32 7.14144312630833 0.289876116064835 0.02 0.02 "simulation2" 6.54768251020895 1.58535882960193
"Conti_0.05_0.051" 0 0 0 0 0 0 0 0 0 0.05 0.05 "simulation3" 0 0
"Conti_0.05_0.052" 1 0.0216537931477928 0.154053938308224 1 0.0208188615199839 0.0513513127694079 1 0.0208192810370266 0 0.05 0.05 "simulation3" 0.00165141696070654 0.0028603380804247
"Conti_0.05_0.053" 2 0.392494856105492 0.621227500892171 2 0.280237857099807 0.558822322002826 2 0.221121500503097 0.506219167786396 0.05 0.05 "simulation3" 0.00441835696800649 0.00765281875456322
"Conti_0.05_0.054" 3 1.32792810922952 0.962632607132903 3 1.06133447277502 0.747679840559308 3 0.893784495031951 0.613044086718957 0.05 0.05 "simulation3" 0.0141244869014376 0.0136865310476826
"Conti_0.05_0.055" 4 2.53635102341437 1.12942776592533 4 1.95613573105889 0.809606806858072 4 1.57426856334624 0.587426228834428 0.05 0.05 "simulation3" 0.138848176197731 0.0452091425645331
"Conti_0.05_0.056" 5 3.76082157200157 1.07489494616187 5 2.84316166632077 0.794225750269519 5 2.21343468891608 0.593724572210506 0.05 0.05 "simulation3" 0.63807993294261 0.173439216406776
"Conti_0.05_0.057" 6 4.91881820481988 1.09646194064861 6 3.70614047677362 0.816374868408848 6 2.87493501799861 0.643090750870029 0.05 0.05 "simulation3" 1.77181420575654 0.282995175298668
"Conti_0.05_0.058" 7 6.0753819278056 1.12119982737334 7 4.54399896628314 0.792487859716073 7 3.51191641078866 0.58686333936129 0.05 0.05 "simulation3" 2.73855362438275 0.426998256121218
"Conti_0.05_0.059" 8 7.19044603911278 1.08847574535976 8 5.32212784761752 0.765941747119493 8 4.07902549049509 0.574623273265286 0.05 0.05 "simulation3" 3.52982399327405 0.545970305164638
"Conti_0.05_0.0510" 9 8.24690216028106 1.07316238301411 9 6.08274611909671 0.79279595388661 9 4.65740788235748 0.622317909727997 0.05 0.05 "simulation3" 4.46293322758216 1.06342255994416
"Conti_0.05_0.0511" 10 9.14621241587183 0.875257575707013 10 6.78065989856357 0.705280118295939 10 5.23282629590882 0.597022390131094 0.05 0.05 "simulation3" 4.73755015798042 1.17052258364925
"Conti_0.05_0.0512" 11 9.92005064588463 0.931304857794095 11 7.4227625138343 0.744343933879728 11 5.77484138428006 0.600564004360274 0.05 0.05 "simulation3" 5.08581956707442 1.11818539855947
"Conti_0.05_0.0513" 12 10.7798785292013 1.02558914473298 12 8.11430135973221 0.801992184514341 12 6.34600897251971 0.668667436030898 0.05 0.05 "simulation3" 5.16380781851096 1.04658916109179
"Conti_0.05_0.0514" 13 11.6126926803261 0.93092789587148 13 8.79218448236932 0.755168748284093 13 6.91883716739041 0.621162707637111 0.05 0.05 "simulation3" 5.37838770479397 1.08186688924458
"Conti_0.05_0.0515" 14 12.3276510761879 0.88122455280171 14 9.38509233387937 0.704807709823792 14 7.39634260841841 0.558095784609864 0.05 0.05 "simulation3" 5.66704517918456 1.04979318240441
"Conti_0.05_0.0516" 15 12.9593712156066 0.826789835665304 15 9.92457930661504 0.695274988595228 15 7.83491792924369 0.578115872443909 0.05 0.05 "simulation3" 6.06543589205325 0.925954610826454
"Conti_0.05_0.0517" 16 13.5488728290376 0.83713233308328 16 10.4368661618033 0.684531446426427 16 8.25204632523873 0.543855591875678 0.05 0.05 "simulation3" 6.46453298744283 0.827812971397943
"Conti_0.05_0.0518" 17 14.1023377264927 0.793450882109967 17 10.9276039221888 0.683514282316802 17 8.65325511887213 0.574589333415876 0.05 0.05 "simulation3" 6.78976293626565 0.834244736384096
"Conti_0.05_0.0519" 18 14.6038273761006 0.785617595127992 18 11.3947707204512 0.670454563574489 18 9.06928090855936 0.578071223125729 0.05 0.05 "simulation3" 7.233720813083 0.779038146789383
"Conti_0.05_0.0520" 19 15.1149546012901 0.830485419701575 19 11.8487116957783 0.68541441949812 19 9.45147998318546 0.545019924253665 0.05 0.05 "simulation3" 7.63215321272863 0.678873824026181
"Conti_0.05_0.0521" 20 15.650254761896 0.845038984907387 20 12.3010608021678 0.687109944525119 20 9.78972232276189 0.532720727796478 0.05 0.05 "simulation3" 7.8736062007294 0.698694464552911
"Conti_0.05_0.0522" 21 16.162102134683 0.823917397933285 21 12.7336967676868 0.675416332719597 21 10.1228304827311 0.55080463436195 0.05 0.05 "simulation3" 8.08331784934318 0.575745940698592
"Conti_0.05_0.0523" 22 16.6459462336594 0.822789074987416 22 13.1431363194388 0.671145130702265 22 10.4731301727636 0.5672479499093 0.05 0.05 "simulation3" 8.45561437439447 0.681259227355518
"Conti_0.05_0.0524" 23 17.0837873998617 0.764974878738953 23 13.5207050030205 0.642343881892105 23 10.7887625433566 0.518091851124161 0.05 0.05 "simulation3" 8.7877519181734 0.698360079171985
"Conti_0.05_0.0525" 24 17.4545399914496 0.744829118597853 24 13.8582101502048 0.6275546888392 24 11.0633721055809 0.522323010423653 0.05 0.05 "simulation3" 8.98348266882611 0.749878481538291
"Conti_0.05_0.0526" 25 17.8284392540189 0.781159734383817 25 14.1750669197768 0.624342525599244 25 11.3247967873475 0.509446449554719 0.05 0.05 "simulation3" 9.32637367781214 0.922147308937064
"Conti_0.05_0.0527" 26 18.2040968078245 0.762604638126358 26 14.4831589779491 0.626992422586858 26 11.5895059266248 0.53503340639003 0.05 0.05 "simulation3" 9.53260613253476 1.13380282722845
"Conti_0.05_0.0528" 27 18.5453960743551 0.74657298563322 27 14.7806935187559 0.619850314659658 27 11.8367935404799 0.494862929002393 0.05 0.05 "simulation3" 9.54460269617939 1.34569609918274
"Conti_0.05_0.0529" 28 18.8568077594516 0.72888492962331 28 15.0439839258559 0.58951466317698 28 12.0397148443171 0.485214460299747 0.05 0.05 "simulation3" 9.72394377220711 1.61415205661214
"Conti_0.05_0.0530" 29 19.1355143162891 0.708005396482451 29 15.2824621586081 0.593041543029022 29 12.2241214523942 0.474841164784916 0.05 0.05 "simulation3" 9.85549111621936 1.58997612220881
"Conti_0.05_0.0531" 30 19.3870880162847 0.694660183431055 30 15.5101695219341 0.581014865530701 30 12.3932704295436 0.471155708406217 0.05 0.05 "simulation3" 10.1003211617602 1.58502765079547
"Conti_0.05_0.0532" 31 19.5912353198289 0.64544521142674 31 15.714477486442 0.569559544133784 31 12.550356064608 0.465282629821665 0.05 0.05 "simulation3" 10.1216770024665 1.76671729311521
"Conti_0.05_0.0533" 32 19.7601955683008 0.649349437365515 32 15.9111977312811 0.578823802987711 32 12.7026268021284 0.471222598629848 0.05 0.05 "simulation3" 10.297439160371 1.72705662328972
"Conti_0.1_0.11" 0 0 0 0 0 0 0 0 0 0.1 0.1 "simulation4" 0 0
"Conti_0.1_0.12" 1 0.0224004986894297 0.17832319758802 1 0.020888828308754 0.11315419584644 1 0.0208179295724081 0 0.1 0.1 "simulation4" 0.00198516527746124 0.00343840712198443
"Conti_0.1_0.13" 2 0.599397534833414 0.888594668571123 2 0.52839650785929 0.847156450400732 2 0.394444857717151 0.78904318724591 0.1 0.1 "simulation4" 0 0
"Conti_0.1_0.14" 3 1.81340535148253 1.16386943006694 3 1.63720825416405 1.00927777934878 3 1.43026465865485 0.923061164773642 0.1 0.1 "simulation4" 0.0225694627774544 0.0350672841083487
"Conti_0.1_0.15" 4 3.24575680883211 1.3444881990029 4 2.81641191791431 1.07021406521581 4 2.457519743559 0.890489464310628 0.1 0.1 "simulation4" 0.187254875274445 0.102210290660743
"Conti_0.1_0.16" 5 4.6929797434052 1.28317191987952 5 4.00287139018187 1.09128533587469 5 3.46164118558572 0.94809425368056 0.1 0.1 "simulation4" 0.934161266964989 0.316300087150545
"Conti_0.1_0.17" 6 6.08399349464423 1.34384072660642 6 5.17529232891615 1.1110447422009 6 4.49857648268673 0.987309463467479 0.1 0.1 "simulation4" 2.17359654433558 0.571703940216153
"Conti_0.1_0.18" 7 7.52850781268163 1.42775790255846 7 6.34006719744959 1.1342668673873 7 5.52292910921481 0.979953516842345 0.1 0.1 "simulation4" 3.35336754343231 0.726300102032727
"Conti_0.1_0.19" 8 8.95839976577969 1.39523721836783 8 7.46251794921908 1.10197792029532 8 6.49298850048554 0.950822489788196 0.1 0.1 "simulation4" 4.25506764292114 0.732873167462206
"Conti_0.1_0.110" 9 10.3163675686623 1.3788666967319 9 8.54004040422348 1.11282734936303 9 7.39932954516051 0.921340410736362 0.1 0.1 "simulation4" 5.36595603883118 1.03400896770694
"Conti_0.1_0.111" 10 11.5346330045657 1.23655881586719 10 9.5506631438824 1.04614787740387 10 8.23271765536924 0.879580236839514 0.1 0.1 "simulation4" 5.9956044271249 1.1229596233025
"Conti_0.1_0.112" 11 12.6349115899277 1.23310145876262 11 10.4975529838558 1.06126563769908 11 9.04208481114108 0.922879993194158 0.1 0.1 "simulation4" 6.59970072006771 1.02875401844335
"Conti_0.1_0.113" 12 13.7031714270391 1.23523880470684 12 11.4393637224391 1.0761555735233 12 9.88044196165374 0.956841577568748 0.1 0.1 "simulation4" 6.9489359939616 0.973569193327815
"Conti_0.1_0.114" 13 14.730655788306 1.21716712775207 13 12.3463170148973 1.05011837066184 13 10.6814010695619 0.906026808784081 0.1 0.1 "simulation4" 7.351525936494 0.878800166302552
"Conti_0.1_0.115" 14 15.7027342112301 1.1901169503238 14 13.1935867295393 1.02351714784252 14 11.4169497952983 0.891736837172019 0.1 0.1 "simulation4" 7.70710196616213 0.690482352519047
"Conti_0.1_0.116" 15 16.5751173144992 1.10917658231405 15 13.980863806313 0.9941007982235 15 12.1044666678249 0.863085963599789 0.1 0.1 "simulation4" 8.2723427157963 0.72069682698615
"Conti_0.1_0.117" 16 17.4188541790024 1.17960888098239 16 14.7374724262462 1.00844206825844 16 12.7560145220304 0.862184196221068 0.1 0.1 "simulation4" 8.73256989080276 0.616362253521989
"Conti_0.1_0.118" 17 18.2526853423813 1.13052221260932 17 15.4665850796183 0.984778157980492 17 13.3714492353819 0.835281932220411 0.1 0.1 "simulation4" 9.3143215561612 0.612211095506684
"Conti_0.1_0.119" 18 19.0471530188806 1.16176127269216 18 16.1609573899579 0.988682567812395 18 13.9684929965774 0.862869564482634 0.1 0.1 "simulation4" 9.96657940737896 0.644859695308233
"Conti_0.1_0.120" 19 19.8387908892152 1.16135876424069 19 16.8358896548801 0.984491884651575 19 14.5575335353895 0.849980781360784 0.1 0.1 "simulation4" 10.0822963776426 0.652357758862315
"Conti_0.1_0.121" 20 20.613015134967 1.17487027259242 20 17.4822785152755 0.975045499816617 20 15.1204958179065 0.849641390140858 0.1 0.1 "simulation4" 10.5823168610085 0.500938044842997
"Conti_0.1_0.122" 21 21.3757613490543 1.17997797093143 21 18.0973587781225 0.964466835957147 21 15.6489605315148 0.81608541041014 0.1 0.1 "simulation4" 10.8690631077019 0.746405164909473
"Conti_0.1_0.123" 22 22.1216063863576 1.18060203220594 22 18.6815339827872 0.953170881705978 22 16.1286374013166 0.79827741328813 0.1 0.1 "simulation4" 11.3940560186353 0.53188497083291
"Conti_0.1_0.124" 23 22.8053870746714 1.11656529486637 23 19.2277885571514 0.933819823301174 23 16.5643280107172 0.773162357023656 0.1 0.1 "simulation4" 11.6695424866524 0.693437220633388
"Conti_0.1_0.125" 24 23.4210126239072 1.10415136989432 24 19.7683088139891 0.966208368304426 24 17.0244403999965 0.851341289222283 0.1 0.1 "simulation4" 12.1704289082411 0.620690698961738
"Conti_0.1_0.126" 25 24.0108410905996 1.09885855518332 25 20.2912145832034 0.929537595606153 25 17.4904349541173 0.800501312815609 0.1 0.1 "simulation4" 12.5320510039231 1.0202121237486
"Conti_0.1_0.127" 26 24.5716946969939 1.08469351976575 26 20.7673810153641 0.917877241185424 26 17.8876299275911 0.76912413344882 0.1 0.1 "simulation4" 12.8084851560837 0.84451504274806
"Conti_0.1_0.128" 27 25.1013702687556 1.07590430771445 27 21.211928126723 0.898366603618206 27 18.2387164508365 0.743267806041033 0.1 0.1 "simulation4" 13.4378697436764 1.00441814592324
"Conti_0.1_0.129" 28 25.6148511478806 1.08052009642279 28 21.6248258133268 0.886295392904371 28 18.5685124375899 0.74918116438372 0.1 0.1 "simulation4" 13.7106686185228 0.895696798101274
"Conti_0.1_0.130" 29 26.093152177133 1.04489902033186 29 22.0040804934593 0.862666693349076 29 18.8869643955693 0.7376564868592 0.1 0.1 "simulation4" 14.0458268593225 1.10213290971136
"Conti_0.1_0.131" 30 26.5444548266924 1.0578785677311 30 22.3529490518616 0.85580702168943 30 19.1752363469033 0.719631284123515 0.1 0.1 "simulation4" 14.1865015727616 0.989423151217691
"Conti_0.1_0.132" 31 26.9686600415971 1.02258736311518 31 22.6918541003272 0.861255409498103 31 19.4621140851871 0.745993452074198 0.1 0.1 "simulation4" 14.4554299729746 1.16842776468467
"Conti_0.1_0.133" 32 27.3708822433387 1.0456324709222 32 23.0215314319645 0.856330256806822 32 19.7434550470386 0.721275738129713 0.1 0.1 "simulation4" 14.6393982208848 1.37309435371993
"Conti_0.22_0.221" 0 0 0 0 0 0 0 0 0 0.22 0.22 "simulation5" 0 0
"Conti_0.22_0.222" 1 0.0256306795599058 0.220341874966891 1 0.0209580371938697 0.126704796315892 1 0.020824982592279 0.072065854883125 0.22 0.22 "simulation5" 0.0165023002714742 0.028582822511951
"Conti_0.22_0.223" 2 0.810755719048041 1.16250144369239 2 0.602600029894958 0.944322301922016 2 0.513610404452673 0.824524647918943 0.22 0.22 "simulation5" 0.0159011313268996 0.027005858230309
"Conti_0.22_0.224" 3 2.32799038618452 1.40073077018928 3 1.80482614788944 1.07199537119065 3 1.47871960652387 0.836337940567937 0.22 0.22 "simulation5" 0.0571028739968042 0.0587653919308479
"Conti_0.22_0.225" 4 3.98087692622007 1.5314904270108 4 3.06371962397591 1.15887229662218 4 2.44689718291131 0.893691555908533 0.22 0.22 "simulation5" 0.272678201118396 0.0547664068774453
"Conti_0.22_0.226" 5 5.71190323960323 1.62428721193855 5 4.36573749100534 1.21173089842042 5 3.46068004130284 0.954342709852091 0.22 0.22 "simulation5" 1.08134991447081 0.187085211625398
"Conti_0.22_0.227" 6 7.45271698502788 1.64030333092259 6 5.66459981562403 1.22333044014268 6 4.51076974459387 1.00455300296038 0.22 0.22 "simulation5" 2.36819322238141 0.267608104667311
"Conti_0.22_0.228" 7 9.14225813494261 1.63836579506044 7 6.93200992522527 1.22766807519684 7 5.56414251457978 1.01202362178761 0.22 0.22 "simulation5" 3.57885222095868 0.27062879955672
"Conti_0.22_0.229" 8 10.8284249420564 1.7062269126258 8 8.16233631872464 1.22506871637133 8 6.56835991616135 0.979989476171302 0.22 0.22 "simulation5" 4.51297601571546 0.21850370554119
"Conti_0.22_0.2210" 9 12.4155485057292 1.56948640340996 9 9.34906362971468 1.21532673752051 9 7.51634282566035 0.969694401680137 0.22 0.22 "simulation5" 5.56618261690022 0.704148603735029
"Conti_0.22_0.2211" 10 13.8719531435643 1.56272225497418 10 10.4771530542683 1.188041849436 10 8.41864871468962 0.951566014969499 0.22 0.22 "simulation5" 6.24139191717906 0.66705792146137
"Conti_0.22_0.2212" 11 15.2818202559926 1.56246348662644 11 11.5507080655772 1.18491150361938 11 9.29271821866904 0.968846922238173 0.22 0.22 "simulation5" 6.77873716161766 0.801213982473376
"Conti_0.22_0.2213" 12 16.6597074502887 1.57450735920575 12 12.6215771485584 1.22817619099995 12 10.1703206635409 0.993437225324603 0.22 0.22 "simulation5" 7.32923939984441 0.773695244519367
"Conti_0.22_0.2214" 13 17.9716365276572 1.51399579049603 13 13.6532156330577 1.16869916086907 13 11.0049225180484 0.942309403800651 0.22 0.22 "simulation5" 7.67545927742108 0.821090643361029
"Conti_0.22_0.2215" 14 19.1286475411282 1.38963166395518 14 14.5688507443686 1.10033515730659 14 11.7665144607289 0.918524544470979 0.22 0.22 "simulation5" 8.01629447299161 0.9538864873681
"Conti_0.22_0.2216" 15 20.1591156600028 1.36546735709264 15 15.4209965391737 1.09797119773493 15 12.4879472084816 0.909858940429494 0.22 0.22 "simulation5" 8.63907727724609 1.09563333518117
"Conti_0.22_0.2217" 16 21.1731385987792 1.40576727786127 16 16.2459115607018 1.0976263331603 16 13.1723323381876 0.895849348561183 0.22 0.22 "simulation5" 9.15603999883957 1.17063040239347
"Conti_0.22_0.2218" 17 22.2079090583088 1.44362028143919 17 17.0552621322573 1.1124680463967 17 13.8581825588867 0.941553909821036 0.22 0.22 "simulation5" 10.0362545761502 1.28318174739734
"Conti_0.22_0.2219" 18 23.2183712303183 1.42167653453408 18 17.8483298799852 1.11170703349494 18 14.5511809270533 0.943927541112534 0.22 0.22 "simulation5" 10.4852919409976 1.45500303740042
"Conti_0.22_0.2220" 19 24.1985554759003 1.44398193138137 19 18.6277197590993 1.12882328150579 19 15.2286323443734 0.948188962576 0.22 0.22 "simulation5" 11.0211972101205 1.65426379026743
"Conti_0.22_0.2221" 20 25.1419328727648 1.4120227055573 20 19.3870494713192 1.11768806965588 20 15.8607154816506 0.905086682213568 0.22 0.22 "simulation5" 11.489595894335 1.49743982906756
"Conti_0.22_0.2222" 21 26.0676271276142 1.45860287115627 21 20.1228926457515 1.12695087685027 21 16.4536949368333 0.915188766727645 0.22 0.22 "simulation5" 12.1793828433719 1.70994538017385
"Conti_0.22_0.2223" 22 26.9620344498522 1.4066701011306 22 20.8234600682272 1.09879499944481 22 17.0268639451808 0.899281646712615 0.22 0.22 "simulation5" 12.6750232310037 1.79063678226181
"Conti_0.22_0.2224" 23 27.8131921623038 1.43819992725033 23 21.5082900485358 1.13551765406567 23 17.5723470591969 0.897514042374216 0.22 0.22 "simulation5" 13.1028545490631 1.83757134708853
"Conti_0.22_0.2225" 24 28.6851722251026 1.47177288805694 24 22.1957373900667 1.13161850737004 24 18.093072688856 0.883875115071433 0.22 0.22 "simulation5" 13.4579105665593 1.86011237470838
"Conti_0.22_0.2226" 25 29.5089240005674 1.40882776920604 25 22.8402430843159 1.1044809460541 25 18.5854931450291 0.877880649612379 0.22 0.22 "simulation5" 14.0409945246897 1.91352079230122
"Conti_0.22_0.2227" 26 30.2893218687977 1.44584527526146 26 23.4605965185569 1.12396889044462 26 19.0582132640047 0.87513470172179 0.22 0.22 "simulation5" 14.3276011650797 1.96349914238227
"Conti_0.22_0.2228" 27 31.08590276952 1.46733879711058 27 24.0797923393744 1.13051469606328 27 19.5175359525716 0.878568639518458 0.22 0.22 "simulation5" 14.8871410859038 2.24373323995842
"Conti_0.22_0.2229" 28 31.8739784362439 1.46907280285327 28 24.6865047570771 1.13474753083713 28 19.9627420077704 0.876691057469969 0.22 0.22 "simulation5" 15.4604402546375 2.50889676431412
"Conti_0.22_0.2230" 29 32.604870534156 1.4119438342044 29 25.2742842273995 1.12734772747737 29 20.4160853071818 0.907487383619515 0.22 0.22 "simulation5" 15.8705922788382 2.28353863167974
"Conti_0.22_0.2231" 30 33.246785276222 1.36403514445419 30 25.8185380235436 1.09399890394549 30 20.8272965989449 0.835516259792115 0.22 0.22 "simulation5" 16.1552787704217 2.3518127295601
"Conti_0.22_0.2232" 31 33.8595088024991 1.38716298592048 31 26.3282413178941 1.09588564304846 31 21.1822194974373 0.831720527519788 0.22 0.22 "simulation5" 16.6196959541837 2.56520419599129
"Conti_0.22_0.2233" 32 34.4380931517512 1.33135650896754 32 26.8107439070054 1.07053168047496 32 21.5147738977582 0.811623052084723 0.22 0.22 "simulation5" 17.0876080095119 2.99489297195588
"Conti_0.46_0.461" 0 0 0 0 0 0 0 0 0 0.46 0.46 "simulation6" 0 0
"Conti_0.46_0.462" 1 0.0823114446283693 0.357135105222602 1 0.0323322840009676 0.249223608366079 1 0.0212695078112736 0.150701403921232 0.46 0.46 "simulation6" 0.0415292275764768 0.0640956621386343
"Conti_0.46_0.463" 2 1.00233717290204 1.15855443560745 2 0.805381721143475 1.03384518865707 2 0.64764489633769 0.971080041471113 0.46 0.46 "simulation6" 0.0646518675028585 0.0680416205614269
"Conti_0.46_0.464" 3 2.38525313642428 1.22839693566218 3 2.02151183622572 1.06568980922151 3 1.76927157918217 0.911945668090962 0.46 0.46 "simulation6" 0.119104285709637 0.0632116245100645
"Conti_0.46_0.465" 4 3.868871881846 1.43611528857386 4 3.28304337806522 1.19981850766784 4 2.84813888117606 1.02515260881134 0.46 0.46 "simulation6" 0.367041578130707 0.0944360636009372
"Conti_0.46_0.466" 5 5.46707433689156 1.47785877333902 5 4.63446144689727 1.25943357546374 5 4.02075157323374 1.10919109048198 0.46 0.46 "simulation6" 1.06491762408485 0.179190918655026
"Conti_0.46_0.467" 6 7.04065104646718 1.49009324392546 6 5.97487555316524 1.26334193994918 6 5.21597045891673 1.12582471460115 0.46 0.46 "simulation6" 2.69977525172186 0.589474628721577
"Conti_0.46_0.468" 7 8.57761825993921 1.497961774763 7 7.27338219651634 1.25606864811837 7 6.37996034452407 1.12115693604421 0.46 0.46 "simulation6" 3.92403951972465 0.723375431917517
"Conti_0.46_0.469" 8 10.0712942991414 1.49662771548617 8 8.50946368984785 1.23063225317114 8 7.48670171648484 1.09508865856387 0.46 0.46 "simulation6" 4.99353408361468 0.773942705620023
"Conti_0.46_0.4610" 9 11.52552657557 1.50920033206415 9 9.72796331357843 1.28390276058474 9 8.57503315878003 1.13918205487838 0.46 0.46 "simulation6" 5.80577040659305 1.17845103779634
"Conti_0.46_0.4611" 10 12.9660710108106 1.53618128515426 10 10.9279473909333 1.25329181901047 10 9.62030003993323 1.07630971865613 0.46 0.46 "simulation6" 6.38775265954983 1.24306779331788
"Conti_0.46_0.4612" 11 14.3148772207808 1.43133809845426 11 12.0308992701784 1.19331582906607 11 10.5843442304399 1.06465650374183 0.46 0.46 "simulation6" 7.08416967617932 1.21990471773909
"Conti_0.46_0.4613" 12 15.5382873963672 1.40354680440444 12 13.0849566164211 1.22399751889732 12 11.5291688962233 1.08586493814924 0.46 0.46 "simulation6" 7.54469390788626 1.2205271873223
"Conti_0.46_0.4614" 13 16.7241969574858 1.41739734039761 13 14.119546877993 1.20537549438246 13 12.4543335973525 1.07448955009695 0.46 0.46 "simulation6" 7.97457552154989 1.12939395619083
"Conti_0.46_0.4615" 14 17.8453537587996 1.35872915951842 14 15.0851131962804 1.16731299383346 14 13.3137135363082 1.03163336677523 0.46 0.46 "simulation6" 8.66886605391664 1.05811156680629
"Conti_0.46_0.4616" 15 18.8984098372741 1.35638026886488 15 16.0087252305048 1.18263403061074 15 14.1588607886226 1.0892016005218 0.46 0.46 "simulation6" 9.14702347180303 0.944184586077117
"Conti_0.46_0.4617" 16 19.9296912672178 1.37117283897561 16 16.9135080241865 1.17774368419258 16 14.9973272726373 1.05910637807709 0.46 0.46 "simulation6" 9.87244041527649 1.02837258413124
"Conti_0.46_0.4618" 17 20.9095471311681 1.32246359717037 17 17.7811420474844 1.16763180445893 17 15.7930264027631 1.06629331838321 0.46 0.46 "simulation6" 10.5584223108077 1.05291085398357
"Conti_0.46_0.4619" 18 21.8219602319837 1.31307135121991 18 18.6129379920995 1.16361575371824 18 16.5787483371153 1.0773749475114 0.46 0.46 "simulation6" 11.2784862737878 1.11429700482224
"Conti_0.46_0.4620" 19 22.7159978837877 1.33353501472823 19 19.4337855341044 1.1879135657818 19 17.3347030215864 1.05844990750431 0.46 0.46 "simulation6" 11.8942234545069 1.07821530792343
"Conti_0.46_0.4621" 20 23.6017147173394 1.34034761727684 20 20.2365282475274 1.17244502906166 20 18.0571562674231 1.05831502086716 0.46 0.46 "simulation6" 12.8124904330604 1.15456145086923
"Conti_0.46_0.4622" 21 24.450352115667 1.31905788259151 21 20.9913344775903 1.15346288024724 21 18.7413094578573 1.0279828519849 0.46 0.46 "simulation6" 13.5338839221183 1.17274940263803
"Conti_0.46_0.4623" 22 25.2658572583257 1.32667599470937 22 21.7264399764867 1.1745250362635 22 19.3887878614785 1.03333160254995 0.46 0.46 "simulation6" 14.4723120618579 1.02439656924449
"Conti_0.46_0.4624" 23 26.046810557304 1.30089489260778 23 22.4522442170629 1.17520474523555 23 20.007897425122 1.01448655888112 0.46 0.46 "simulation6" 15.4264129345252 0.996628741936392
"Conti_0.46_0.4625" 24 26.7822952259473 1.29418617572017 24 23.1609312856481 1.18376235205848 24 20.6219513973565 1.05270610630904 0.46 0.46 "simulation6" 16.1344071428724 1.34634996586707
"Conti_0.46_0.4626" 25 27.5108624778128 1.32246809885833 25 23.8560739031514 1.18816621965632 25 21.2215002489599 1.02207613374473 0.46 0.46 "simulation6" 16.9525651110412 1.02851329291426
"Conti_0.46_0.4627" 26 28.2373437995215 1.32994369797276 26 24.5412146060211 1.20487820836346 26 21.8031514135231 1.05702875027178 0.46 0.46 "simulation6" 17.679774201393 1.07082787354633
"Conti_0.46_0.4628" 27 28.9816233963587 1.3916678237528 27 25.2421365106463 1.24607221371327 27 22.4012417142197 1.07470444830916 0.46 0.46 "simulation6" 18.4033628398645 1.07106921308103
"Conti_0.46_0.4629" 28 29.7484502268869 1.4006138485367 28 25.9435678203545 1.24166678468832 28 23.0000015360499 1.08800022568199 0.46 0.46 "simulation6" 19.5145422018264 0.57032624876773
"Conti_0.46_0.4630" 29 30.4973933921926 1.40699862651718 29 26.6271046065725 1.25594091618495 29 23.5759450181362 1.06915800208439 0.46 0.46 "simulation6" 20.9986442499266 0.842317940425095
"Conti_0.46_0.4631" 30 31.2467164446777 1.43730771907138 30 27.312457707942 1.27636688134017 30 24.1298680443207 1.07870790141601 0.46 0.46 "simulation6" 21.6797317722597 1.05887247315028
"Conti_0.46_0.4632" 31 31.9926451568264 1.43308772333292 31 27.9860006203489 1.26939195271783 31 24.6516381299926 1.04254335611798 0.46 0.46 "simulation6" 22.7186477780596 1.37466663731249
"Conti_0.46_0.4633" 32 32.673900117552 1.36744308396429 32 28.6219909671463 1.24893295388804 32 25.1296080853782 1.03389445299053 0.46 0.46 "simulation6" 23.7215087467948 0.779112586387457
