"time" "Srxn1_max" "NRF2_max" "time2" "Srxn1_mean" "NRF2_mean" "time3" "Srxn1_min" "NRF2_min" "dose1" "dose2" "Simulation" "SRXN1_observed" "SRXN1_SD"
"Conti_1_11" 0 0 0 0 0 0 0 0 0 1 1 "simulation1" 0 0
"Conti_1_12" 1 0.0366147658904897 0.155143413731501 1 0.0211494614890366 0.077456474442253 1 0.020819732194282 0.0327705029620649 1 1 "simulation1" 0.000140475016591202 0.000243309865930042
"Conti_1_13" 2 0.106851450231918 0.122510918146088 2 0.0425767879360024 0.0638467617620027 2 0.0410161545427387 0.015663552052956 1 1 "simulation1" 0 0
"Conti_1_14" 3 0.146146042156541 0.127748892819921 3 0.0630033365647133 0.0769294526358063 3 0.0606090125173826 0.03842589214063 1 1 "simulation1" 0 0
"Conti_1_15" 4 0.206861041517633 0.156325379527633 4 0.0838293739955355 0.0824689570894906 4 0.0796281420398569 0.0364225392506602 1 1 "simulation1" 0.000500748064606066 0.000867321089689489
"Conti_1_16" 5 0.313640421925145 0.179753301723332 5 0.105899132266584 0.0943137318555057 5 0.0980979004325073 0.0467396158395975 1 1 "simulation1" 0.0142619807332477 0.0161229975235784
"Conti_1_17" 6 0.410574744485394 0.149950757924022 6 0.127069932670961 0.0789847594976047 6 0.116027386063021 0.0391455121769322 1 1 "simulation1" 0.0646830175775451 0.0439033298990573
"Conti_1_18" 7 0.45518450496146 0.124692053990885 7 0.144779710435552 0.0549304872603967 7 0.133367419174911 0.01131767709486 1 1 "simulation1" 0.107274793500007 0.0856060864007934
"Conti_1_19" 8 0.487060887394655 0.130096323350021 8 0.161628605906839 0.072184693131797 8 0.15018033718633 0.011279983705608 1 1 "simulation1" 0.20085513611343 0.1700362744614
"Conti_1_110" 9 0.590765419558349 0.210948728744419 9 0.195073501059165 0.14019274105291 9 0.166521482195172 0.0508043428362157 1 1 "simulation1" 0.322563104446921 0.265085432953759
"Conti_1_111" 10 0.690673544873808 0.12602518794926 10 0.22550319889194 0.0689344079082957 10 0.18238645408011 0.0237012505337086 1 1 "simulation1" 0.254179283732334 0.240141337261004
"Conti_1_112" 11 0.709698882158465 0.123424457357792 11 0.240070752731553 0.0630432762888777 11 0.197727578270537 0.0144392339156661 1 1 "simulation1" 0.25704474247161 0.24787889495843
"Conti_1_113" 12 0.761678978236726 0.165150224030949 12 0.255358984501747 0.0889474228400002 12 0.212607855597832 0.0151826630451524 1 1 "simulation1" 0.259135184915528 0.236559779587553
"Conti_1_114" 13 0.810487731977813 0.120217763646601 13 0.271089118478147 0.0755641299094263 13 0.227043027576978 0.0307206914163027 1 1 "simulation1" 0.252676410392377 0.223067072478369
"Conti_1_115" 14 0.819265588174457 0.105585160613844 14 0.284860192305384 0.0713218982673225 14 0.24105775531584 0.039730262248308 1 1 "simulation1" 0.231911405138669 0.207150799183072
"Conti_1_116" 15 0.835129127180141 0.130544756586773 15 0.298223564026135 0.0744164860642684 15 0.254655239620093 0.0338322948121381 1 1 "simulation1" 0.236447301059835 0.185953616165615
"Conti_1_117" 16 0.845210421577545 0.0902304415255729 16 0.31134079353715 0.0745452304001687 16 0.267848623270808 0.0431830097308231 1 1 "simulation1" 0.23704924554226 0.181111834835722
"Conti_1_118" 17 0.848340756229377 0.113568470543919 17 0.324680763916192 0.0844128226366214 17 0.280713439328828 0.0505656978663634 1 1 "simulation1" 0.246832682963561 0.183241669187422
"Conti_1_119" 18 0.861036684942911 0.118440347105796 18 0.338093575927635 0.0802944307646577 18 0.293147450807077 0.0315859299475847 1 1 "simulation1" 0.25914316881007 0.177270227068517
"Conti_1_120" 19 0.86962052975017 0.105581474157575 19 0.350906935389738 0.0828894593198487 19 0.305189841620186 0.0461937055743058 1 1 "simulation1" 0.26703020123641 0.214088642793498
"Conti_1_121" 20 0.874326394731767 0.107287113645715 20 0.363497304612194 0.081359660384277 20 0.316918191418186 0.0452993351461989 1 1 "simulation1" 0.286911854630456 0.226315439486581
"Conti_1_122" 21 0.876763369027392 0.0980690937931095 21 0.375068840852103 0.0748306906812384 21 0.328260528117884 0.0383600508184013 1 1 "simulation1" 0.265018437286327 0.237047711470198
"Conti_1_123" 22 0.884630950505354 0.123880034662166 22 0.3862733260855 0.0813548966380911 22 0.339234109889051 0.0326867532644359 1 1 "simulation1" 0.282961760754787 0.251873160827526
"Conti_1_124" 23 0.900783736700222 0.120564525392288 23 0.397729867408018 0.0817342505323118 23 0.349871806722296 0.0320982112899888 1 1 "simulation1" 0.297895758378141 0.263401837734726
"Conti_1_125" 24 0.919991493381129 0.130921180953685 24 0.408344578694065 0.0754143478496615 24 0.360186264324066 0.0231978071526316 1 1 "simulation1" 0.315200964087692 0.277276128992288
"Conti_1_126" 25 0.935587687098102 0.113415942586457 25 0.418287733823825 0.0760338707635576 25 0.37019270375784 0.0339201077855181 1 1 "simulation1" 0.315612076726627 0.274953007379777
"Conti_1_127" 26 0.938698655840426 0.102777425885219 26 0.427654981356702 0.0697291540263547 26 0.37989565908719 0.00542669072510193 1 1 "simulation1" 0.322994455470266 0.288577466687032
"Conti_1_128" 27 0.942749562593621 0.11551957506582 27 0.436434120847914 0.0689225914447176 27 0.389305536882139 0.0157654699997026 1 1 "simulation1" 0.290600627207233 0.26869571487231
"Conti_1_129" 28 0.953468829563214 0.12022288014529 28 0.444934653468567 0.068896275777377 28 0.398432784705081 0.00318089945983108 1 1 "simulation1" 0.308582238521445 0.277681984115544
"Conti_1_130" 29 0.964217267540765 0.115507835283743 29 0.453112857754754 0.0659994123136619 29 0.407285162470186 0.00678557689332687 1 1 "simulation1" 0.272605904527187 0.245878405314723
"Conti_1_131" 30 0.965120461493423 0.0916051778721669 30 0.46075959115802 0.0587364504204057 30 0.415871991736675 0.0115494786553153 1 1 "simulation1" 0.247482927895294 0.219351374480464
"Conti_1_132" 31 0.960997041359828 0.0928348602977269 31 0.468045230116911 0.0602353941654729 31 0.42420156925821 0.0248858222014819 1 1 "simulation1" 0.256332489304771 0.233332905288249
"Conti_1_133" 32 0.959525859984164 0.104811988864696 32 0.47534407415469 0.0690732561214546 32 0.43228162068085 0.0142063213005483 1 1 "simulation1" 0.236267707029909 0.21809117673518
"Conti_2.15_2.151" 0 0 0 0 0 0 0 0 0 2.15 2.15 "simulation2" 0 0
"Conti_2.15_2.152" 1 0.0504247974168416 0.171541272645725 1 0.0209574106697565 0.0646656129222227 1 0.0208181256650988 0 2.15 2.15 "simulation2" 0 0
"Conti_2.15_2.153" 2 0.164925916199222 0.172533411260367 2 0.0417290448474223 0.0659241987964593 2 0.0410108798352633 0 2.15 2.15 "simulation2" 0 0
"Conti_2.15_2.154" 3 0.280790658974506 0.180028395330241 3 0.0624136384344111 0.0805624414867262 3 0.0605963988651711 0 2.15 2.15 "simulation2" 0.000806585228684868 0.00139704659671675
"Conti_2.15_2.155" 4 0.428633428816875 0.207445054782323 4 0.0844438062512496 0.0908531734607023 4 0.0795942026294409 0 2.15 2.15 "simulation2" 0.00878247591809778 0.0152116945063955
"Conti_2.15_2.156" 5 0.602772647496289 0.211635273648129 5 0.106682073395756 0.0891095498372791 5 0.0980214964843565 0 2.15 2.15 "simulation2" 0.0407482501010965 0.0530024858023781
"Conti_2.15_2.157" 6 0.767783869697442 0.204194369297461 6 0.127927933731303 0.0891904780105807 6 0.115895443730863 0 2.15 2.15 "simulation2" 0.133617179348608 0.0393643936138802
"Conti_2.15_2.158" 7 0.902949546530598 0.18728120543568 7 0.148465424865353 0.0883053449835636 7 0.133232660663031 0 2.15 2.15 "simulation2" 0.258761841201545 0.0296866894799898
"Conti_2.15_2.159" 8 1.02732955360081 0.197366082628918 8 0.168029025298708 0.0868376176242947 8 0.150049237256778 0 2.15 2.15 "simulation2" 0.336838060646382 0.0520518671256229
"Conti_2.15_2.1510" 9 1.16766092075151 0.205985901562618 9 0.188022604429562 0.0946600225929848 9 0.166360812253017 0 2.15 2.15 "simulation2" 0.520057202412291 0.167081885078543
"Conti_2.15_2.1511" 10 1.31377153795091 0.207555892144585 10 0.206725642005359 0.0816431127964903 10 0.182182554048416 0 2.15 2.15 "simulation2" 0.492255599096282 0.181108425438277
"Conti_2.15_2.1512" 11 1.44420389143142 0.194924814093018 11 0.224060270528773 0.08796812972321 11 0.197529172278372 0 2.15 2.15 "simulation2" 0.545692737019015 0.201894902385819
"Conti_2.15_2.1513" 12 1.55605608039686 0.193033715470126 12 0.240576597331862 0.0778581062608251 12 0.212414934285319 0 2.15 2.15 "simulation2" 0.531293265018779 0.186244078858351
"Conti_2.15_2.1514" 13 1.666790510041 0.196758817186125 13 0.256195118529945 0.0844600340978433 13 0.226853679905284 0 2.15 2.15 "simulation2" 0.546668707133306 0.208573287731524
"Conti_2.15_2.1515" 14 1.78683804711825 0.204423049099979 14 0.27253940816669 0.089050304024032 14 0.240858833141375 0 2.15 2.15 "simulation2" 0.540877969166141 0.216922536840609
"Conti_2.15_2.1516" 15 1.89550849464337 0.18796611270832 15 0.288461854976546 0.0842617432648291 15 0.254443414556589 0 2.15 2.15 "simulation2" 0.537782704987112 0.244212100738378
"Conti_2.15_2.1517" 16 1.96520563014809 0.170376036028582 16 0.302020840121501 0.066759819302211 16 0.267620053822705 0 2.15 2.15 "simulation2" 0.542913884502368 0.247612570589063
"Conti_2.15_2.1518" 17 2.02905246707323 0.181916034413706 17 0.31478531998216 0.0773289390982043 17 0.280401001357235 0 2.15 2.15 "simulation2" 0.562722882197323 0.258943352787661
"Conti_2.15_2.1519" 18 2.09276090722721 0.170017550308387 18 0.327600903202396 0.0745464086899109 18 0.292798139700756 0 2.15 2.15 "simulation2" 0.583952369662516 0.283411197122133
"Conti_2.15_2.1520" 19 2.12879025833914 0.158483865812423 19 0.339949040476893 0.0774044913994623 19 0.304822994611208 0.0053740039948138 2.15 2.15 "simulation2" 0.579213611483686 0.286896738023511
"Conti_2.15_2.1521" 20 2.17457092030554 0.180237185407735 20 0.352839730600701 0.0854309764578298 20 0.316486745646907 0 2.15 2.15 "simulation2" 0.598001350250353 0.313382857300621
"Conti_2.15_2.1522" 21 2.24819533581097 0.184413479089595 21 0.364918891390906 0.0715479664580791 21 0.327800236577221 0 2.15 2.15 "simulation2" 0.614781233670376 0.326633049854944
"Conti_2.15_2.1523" 22 2.29284143476631 0.153336119527665 22 0.375636577406421 0.0682893730419046 22 0.338773985775732 0 2.15 2.15 "simulation2" 0.573466643711765 0.341565478047488
"Conti_2.15_2.1524" 23 2.28523825885529 0.129307199975498 23 0.385565935343994 0.0541821271084986 23 0.349418195557026 0 2.15 2.15 "simulation2" 0.576880842645211 0.352438786064376
"Conti_2.15_2.1525" 24 2.28686019605481 0.160718317210774 24 0.395237342756737 0.0690490705986148 24 0.359742761938899 0 2.15 2.15 "simulation2" 0.620256449839568 0.344473507057678
"Conti_2.15_2.1526" 25 2.3022295796958 0.146239273901796 25 0.404826367738747 0.0625590053020899 25 0.369757283743591 0 2.15 2.15 "simulation2" 0.614452979973702 0.348593988947598
"Conti_2.15_2.1527" 26 2.31787327705042 0.161355934539645 26 0.413958855776224 0.0634328128712944 26 0.379471071545108 0 2.15 2.15 "simulation2" 0.602382256617745 0.329283355020518
"Conti_2.15_2.1528" 27 2.31955121511518 0.130042212196916 27 0.422605368109452 0.0503690598234254 27 0.388893156322951 0 2.15 2.15 "simulation2" 0.590358874258508 0.380631798742827
"Conti_2.15_2.1529" 28 2.31114026654432 0.149610760594485 28 0.430846026062971 0.0498702535314951 28 0.398032297858019 0 2.15 2.15 "simulation2" 0.597486444875793 0.419415303656017
"Conti_2.15_2.1530" 29 2.31600005359835 0.145104474335732 29 0.438836624719288 0.049766684794385 29 0.406896992877476 0 2.15 2.15 "simulation2" 0.547398723597057 0.378813893156341
"Conti_2.15_2.1531" 30 2.31559445227193 0.145476880370826 30 0.446579424652432 0.048492293456942 30 0.415495482957133 0 2.15 2.15 "simulation2" 0.520952451866768 0.364286856445498
"Conti_2.15_2.1532" 31 2.32174527016832 0.153348907391564 31 0.454096519385305 0.0511163024638548 31 0.423835762172785 0 2.15 2.15 "simulation2" 0.520929275501428 0.399245510988713
"Conti_2.15_2.1533" 32 2.34268981469236 0.163028369584741 32 0.461434342235734 0.0543427898615802 32 0.431925584540098 0 2.15 2.15 "simulation2" 0.522875399544982 0.394822139079144
"Conti_4.64_4.641" 0 0 0 0 0 0 0 0 0 4.64 4.64 "simulation3" 0 0
"Conti_4.64_4.642" 1 0.0757107027699426 0.20684364642563 1 0.0210130709441729 0.0726848913689258 1 0.0208181256650988 0 4.64 4.64 "simulation3" 0.0080494812398744 0.013942110482035
"Conti_4.64_4.643" 2 0.260701366614096 0.213906623270914 2 0.0438288757830386 0.0935488768850993 2 0.0410108798352633 0 4.64 4.64 "simulation3" 0.0108449391999533 0.0187839856993144
"Conti_4.64_4.644" 3 0.513910393314335 0.317013711649083 3 0.0894638079831887 0.153685876337039 3 0.0605966236569137 0 4.64 4.64 "simulation3" 0.0123091582464833 0.0191472966324043
"Conti_4.64_4.645" 4 0.863694395513824 0.358308360540043 4 0.211078106432322 0.193602620363339 4 0.0799664154562003 0.080083495116174 4.64 4.64 "simulation3" 0.0390057966558906 0.0341421221729663
"Conti_4.64_4.646" 5 1.2225487039042 0.354634509805266 5 0.356626454567155 0.18544919046863 5 0.0991775627334902 0.0402322580950332 4.64 4.64 "simulation3" 0.153084918575951 0.0701104537340481
"Conti_4.64_4.647" 6 1.54665059113547 0.324091011154856 6 0.479640850334119 0.177369720476689 6 0.117156312057581 0.059504647212117 4.64 4.64 "simulation3" 0.438552168238439 0.0814265985814832
"Conti_4.64_4.648" 7 1.85493891599024 0.34276444811013 7 0.574005831697328 0.160293162622917 7 0.13456756424521 0.03129575325385 4.64 4.64 "simulation3" 0.736074870106011 0.0664141908650196
"Conti_4.64_4.649" 8 2.1531983533045 0.323115497457103 8 0.65243828753084 0.164245342992032 8 0.151384084013857 0.0472161746738571 4.64 4.64 "simulation3" 0.956271055836711 0.0798779532581358
"Conti_4.64_4.6410" 9 2.45040945844022 0.354166783608128 9 0.748791578440926 0.17695334815211 9 NA 0.001311908531902 4.64 4.64 "simulation3" 1.27209850488531 0.200107060002495
"Conti_4.64_4.6411" 10 2.73804578364128 0.321615653846936 10 0.820237187374947 0.143201393403686 10 NA 0 4.64 4.64 "simulation3" 1.23346898141705 0.159821736808357
"Conti_4.64_4.6412" 11 3.00222822763856 0.330816817079732 11 0.878000555386893 0.165323478598624 11 NA 0.0259462658258052 4.64 4.64 "simulation3" 1.25665153356185 0.209190697211288
"Conti_4.64_4.6413" 12 3.25161110793086 0.307621121469469 12 0.9570502729786 0.164468013986824 12 NA 0.0505596060586941 4.64 4.64 "simulation3" 1.31241141928154 0.177785881597394
"Conti_4.64_4.6414" 13 3.47106909529657 0.29550580005631 13 1.01544336632516 0.14801784154734 13 NA 0.0225284605762099 4.64 4.64 "simulation3" 1.32309532504346 0.222779931819696
"Conti_4.64_4.6415" 14 3.66208500820864 0.275822138595808 14 1.06148302763973 0.152473312308615 14 NA 0.0394291783610907 4.64 4.64 "simulation3" 1.35088482242209 0.241307844999057
"Conti_4.64_4.6416" 15 3.85532253046496 0.304380527340687 15 1.11084933137459 0.151869905194766 15 NA 0.0145070663873492 4.64 4.64 "simulation3" 1.40142134538055 0.312506978531117
"Conti_4.64_4.6417" 16 4.04782460535834 0.281383048514855 16 1.15362929194531 0.147202983772162 16 NA 0.0456121492204749 4.64 4.64 "simulation3" 1.45403548748369 0.362347550767206
"Conti_4.64_4.6418" 17 4.21446822374183 0.274828743598298 17 1.19151301151303 0.146787583322641 17 NA 0.022420612863802 4.64 4.64 "simulation3" 1.51233243332764 0.434817990834785
"Conti_4.64_4.6419" 18 4.34807654148361 0.242131671221185 18 1.22183474819689 0.137797199308739 18 NA 0.0440084220427872 4.64 4.64 "simulation3" 1.53755344973338 0.456007278886045
"Conti_4.64_4.6420" 19 4.45251656675367 0.245076213927279 19 1.2425391266217 0.13617086553821 19 NA 0.0305778946881099 4.64 4.64 "simulation3" 1.56426966410938 0.478674575051659
"Conti_4.64_4.6421" 20 4.5914378402044 0.285622303876964 20 1.2694466201182 0.144930992802584 20 NA 0.0278266963528617 4.64 4.64 "simulation3" 1.61354601197358 0.513190688995667
"Conti_4.64_4.6422" 21 4.72633939585993 0.24860533034787 21 1.28767416202718 0.126470023915444 21 NA 0.0303020511897993 4.64 4.64 "simulation3" 1.63787399481032 0.57428970686127
"Conti_4.64_4.6423" 22 4.85518541596308 0.284237700735679 22 1.31035618107965 0.150698392835573 22 NA 0.040734882803221 4.64 4.64 "simulation3" 1.68362450330461 0.646063813857754
"Conti_4.64_4.6424" 23 4.99815051947866 0.266635894310109 23 1.3386730972233 0.132564418421165 23 NA 0.0119319117368732 4.64 4.64 "simulation3" 1.67242495210278 0.677074884038654
"Conti_4.64_4.6425" 24 5.08282001185542 0.216269115130543 24 1.33997780548493 0.110784853063754 24 NA 0 4.64 4.64 "simulation3" 1.6825652729302 0.706770126095703
"Conti_4.64_4.6426" 25 5.1130711796525 0.207426257981152 25 1.33176571973105 0.109703718388802 25 NA 0.00182666488587202 4.64 4.64 "simulation3" 1.61150722392736 0.654481395242275
"Conti_4.64_4.6427" 26 5.16269598946811 0.233549129899347 26 1.33269039273052 0.130055000262538 26 NA 0.020275285406403 4.64 4.64 "simulation3" 1.61015152673592 0.70976036852472
"Conti_4.64_4.6428" 27 5.22307520027579 0.222423925367303 27 1.33913304098776 0.121823903460986 27 NA 0.0122999721320081 4.64 4.64 "simulation3" 1.56688615147752 0.726613542071636
"Conti_4.64_4.6429" 28 5.29106014454814 0.246592893110837 28 1.34165456586063 0.125128035440637 28 NA 0 4.64 4.64 "simulation3" 1.57791793556238 0.76335274725848
"Conti_4.64_4.6430" 29 5.37904684121408 0.247333102052713 29 1.34998520713082 0.13102632486772 29 NA 0.00937867460385455 4.64 4.64 "simulation3" 1.45983133099399 0.67530639518392
"Conti_4.64_4.6431" 30 5.45334907861564 0.23395613049192 30 1.35488923310203 0.118971769292067 30 NA 0.0179374909900889 4.64 4.64 "simulation3" 1.4436299883208 0.702966676234512
"Conti_4.64_4.6432" 31 5.50125853877249 0.221623643472199 31 1.34982804568338 0.111411427013927 31 NA 0.00749301637965516 4.64 4.64 "simulation3" 1.37190604572483 0.729939326485692
"Conti_4.64_4.6433" 32 5.56566293808094 0.256736091429809 32 1.34807832768883 0.126384873285264 32 NA 0.0152437360816943 4.64 4.64 "simulation3" 1.31374535259713 0.694177750944926
"Conti_10_101" 0 0 0 0 0 0 0 0 0 10 10 "simulation4" 0 0
"Conti_10_102" 1 0.0383497204886439 0.167320839381387 1 0.0208822097910925 0.0630159612740486 1 0.0208181256666626 0 10 10 "simulation4" 0.00832857883958134 0.0144255217049979
"Conti_10_103" 2 0.241194289897205 0.279142548350122 2 0.0528016398498938 0.144005805310133 2 0.0410384355754338 0.057649121864001 10 10 "simulation4" 0.00891017226657314 0.0154328710698958
"Conti_10_104" 3 0.630889184736775 0.460119686419095 3 0.250564229862429 0.296900736635416 3 0.0952154937973468 0.179670931491318 10 10 "simulation4" 0.00952406587603753 0.01649616599193
"Conti_10_105" 4 1.15481565125966 0.53154002621355 4 0.596337236109725 0.350847840765616 4 0.260562372201854 0.210191626326274 10 10 "simulation4" 0.0473828990287026 0.0433471273911628
"Conti_10_106" 5 1.65134078156014 0.455253100607829 5 0.934661418503224 0.313090081787464 5 0.433462388137522 0.200228511375583 10 10 "simulation4" 0.276031255866859 0.105624618889858
"Conti_10_107" 6 2.09309323155229 0.467176178251971 6 1.23209683934296 0.305727723905986 6 0.568013072485137 0.176770885416222 10 10 "simulation4" 0.81838442819272 0.208060906690336
"Conti_10_108" 7 2.53543553901012 0.472975076525264 7 1.51016763097638 0.295681841255065 7 0.64442380420439 0.14848701417116 10 10 "simulation4" 1.42607302295367 0.364054136616656
"Conti_10_109" 8 2.96417775624116 0.464053795874912 8 1.78693579402997 0.311949290541612 8 0.747937848534503 0.199007816633812 10 10 "simulation4" 1.91975759720396 0.465361571074987
"Conti_10_1010" 9 3.3382719537302 0.400393892321972 9 2.03217703765176 0.263162882687821 9 0.830954205201622 0.128918538754547 10 10 "simulation4" 2.4782276009732 0.538202441399788
"Conti_10_1011" 10 3.67849098612917 0.426101616954564 10 2.25085654973766 0.286291768100671 10 0.863467666693904 0.148805788616138 10 10 "simulation4" 2.57486226461205 0.572853372553962
"Conti_10_1012" 11 4.03052167683329 0.436701481287718 11 2.49131207986357 0.300760196852556 11 0.917206200559125 0.154954823414315 10 10 "simulation4" 2.77913427334954 0.679007413000595
"Conti_10_1013" 12 4.40428007680137 0.479063456245593 12 2.74155246299246 0.312476587326983 12 1.00033106267332 0.182677404944624 10 10 "simulation4" 2.88827967633251 0.735620602920097
"Conti_10_1014" 13 4.75441471127808 0.414975996221753 13 2.9822826634882 0.297274359319591 13 1.10939440404587 0.180673334916125 10 10 "simulation4" 2.95032064399022 0.822113883407691
"Conti_10_1015" 14 5.04105483865304 0.394140978760981 14 3.18840610186704 0.275143653250163 14 1.16765760570805 0.137349095329276 10 10 "simulation4" 3.04619983549264 0.914187585664841
"Conti_10_1016" 15 5.33682855865283 0.437627249980433 15 3.39471475648155 0.303330717349324 15 1.20461142184298 0.158997648869089 10 10 "simulation4" 3.25757491300551 1.04348349055783
"Conti_10_1017" 16 5.63179054004547 0.40570064665283 16 3.59804494969287 0.279337732823911 16 1.26563030641294 0.1621458079639 10 10 "simulation4" 3.33540435149516 0.98404053732828
"Conti_10_1018" 17 5.88940185540335 0.391724587900385 17 3.7775050789285 0.277397457499305 17 1.31747272070611 0.151897631598987 10 10 "simulation4" 3.41527757137282 1.1531141517113
"Conti_10_1019" 18 6.12878648695121 0.387146899907889 18 3.94881787961159 0.27439483659799 18 1.3476013609895 0.139177803685797 10 10 "simulation4" 3.44104830506725 1.15489459096025
"Conti_10_1020" 19 6.37350687568749 0.410008013995236 19 4.11408289506525 0.276150944012418 19 1.36725331628651 0.140107236282265 10 10 "simulation4" 3.62949031397681 1.30173425826514
"Conti_10_1021" 20 6.61063760019923 0.386167259767938 20 4.27520291173118 0.27539129694783 20 1.40301572304137 0.158754818904582 10 10 "simulation4" 3.65994822505918 1.31788209470302
"Conti_10_1022" 21 6.82207929820461 0.381091475207052 21 4.43266515808926 0.276739710950407 21 1.45453592132751 0.157316570382814 10 10 "simulation4" 3.72854664703798 1.420930833457
"Conti_10_1023" 22 7.03240193111881 0.391990261678736 22 4.57475316619894 0.261116490660399 22 1.47879933560084 0.131356970674161 10 10 "simulation4" 3.78651859586193 1.47137788343508
"Conti_10_1024" 23 7.23294756421273 0.378187636433335 23 4.70364681418194 0.266185858063318 23 1.49678831285683 0.150623130682588 10 10 "simulation4" 3.81469110822044 1.55466974535376
"Conti_10_1025" 24 7.44547658587853 0.420357968121253 24 4.84901792692899 0.286124379814825 24 1.53773305403281 0.157725216303038 10 10 "simulation4" 3.84961940053054 1.73341415218749
"Conti_10_1026" 25 7.65547775312468 0.383527012356845 25 4.98766834158184 0.263904029055191 25 1.57440609187113 0.149400544485162 10 10 "simulation4" 3.91553655835544 1.77195031538575
"Conti_10_1027" 26 7.83244336906339 0.376906013159041 26 5.10926731173379 0.268847370241356 26 1.6092024534819 0.157586774637778 10 10 "simulation4" 3.85667967976291 1.78684060432447
"Conti_10_1028" 27 7.99137137614507 0.360322778943519 27 5.22469434455603 0.258413108490985 27 1.65437198160974 0.161096416951815 10 10 "simulation4" 3.8674902838366 1.92341698101612
"Conti_10_1029" 28 8.13635831611415 0.358911090249609 28 5.32491234124499 0.252508773942289 28 1.69833376430389 0.158388305983815 10 10 "simulation4" 3.82197693818982 1.95176618503697
"Conti_10_1030" 29 8.26677215804049 0.341377565711453 29 5.40646332540059 0.237090975185221 29 1.73822853009459 0.158087282470075 10 10 "simulation4" 3.65216018619729 1.92242836657269
"Conti_10_1031" 30 8.3821696537063 0.342940514450397 30 5.46482488429388 0.228017910808853 30 1.75391315347314 0.12817419775818 10 10 "simulation4" 3.59808455955196 2.03765691364512
"Conti_10_1032" 31 8.50662498536933 0.35939374278031 31 5.52732201763375 0.241159720763143 31 1.76638222697965 0.155127815380115 10 10 "simulation4" 3.48869917129296 1.9645298221961
"Conti_10_1033" 32 8.63040634515913 0.347280529456776 32 5.58296941569267 0.220077704457547 32 1.78678191104541 0.135848749606905 10 10 "simulation4" 3.40904899248488 1.95148473240432
"Conti_21.54_21.541" 0 0 0 0 0 0 0 0 0 21.54 21.54 "simulation5" 0 0
"Conti_21.54_21.542" 1 0.0329292466166436 0.164581244643332 1 0.0208541933829551 0.0632832605184337 1 0.0208181268633548 0 21.54 21.54 "simulation5" 0.0155260301067693 0.0268918729847684
"Conti_21.54_21.543" 2 0.343515426015204 0.460676666122005 2 0.153437386339488 0.302586175442856 2 0.0494737507114145 0.156388102686041 21.54 21.54 "simulation5" 0.0116324851553207 0.0201480553073063
"Conti_21.54_21.544" 3 1.01957178396186 0.796594509285585 3 0.647851775486947 0.603446182067254 3 0.350170149795776 0.431548347448128 21.54 21.54 "simulation5" 0.0260889968227693 0.0293289237885417
"Conti_21.54_21.545" 4 1.86858916916468 0.842254701937325 4 1.30223865979743 0.643053274640887 4 0.840930392258455 0.480699516131139 21.54 21.54 "simulation5" 0.111334855185591 0.0688886697452863
"Conti_21.54_21.546" 5 2.68734653265595 0.808076744847119 5 1.94692711784518 0.637859876343633 5 1.33994691508519 0.491595371735323 21.54 21.54 "simulation5" 0.630632954232954 0.188060723782081
"Conti_21.54_21.547" 6 3.46100755452066 0.803667284893492 6 2.56699520520654 0.634869552028978 6 1.81706892279414 0.472756049991027 21.54 21.54 "simulation5" 1.60436144579869 0.39194418895425
"Conti_21.54_21.548" 7 4.18234237601196 0.747967227558064 7 3.16005328579515 0.621279847477079 7 2.27092828642899 0.47564722105792 21.54 21.54 "simulation5" 2.53574463276691 0.614728393450525
"Conti_21.54_21.549" 8 4.83703315800049 0.722462902843447 8 3.72025789011732 0.604266417942844 8 2.70973485176674 0.462294101465377 21.54 21.54 "simulation5" 3.29858387627353 0.852412684744436
"Conti_21.54_21.5410" 9 5.43263760487857 0.676878606618277 9 4.22225406078662 0.549279482820103 9 3.0754050812332 0.376511845003472 21.54 21.54 "simulation5" 4.05771578662004 1.05860519648649
"Conti_21.54_21.5411" 10 6.01087440229246 0.723394112652709 10 4.69726145159297 0.584481025556577 10 3.41255843097824 0.427144979241353 21.54 21.54 "simulation5" 4.62952470970527 1.39854110701479
"Conti_21.54_21.5412" 11 6.61625514859775 0.751893171697023 11 5.20353536916911 0.624445492711517 11 3.76996886554239 0.4285809152152 21.54 21.54 "simulation5" 4.99979910886526 1.60503737937279
"Conti_21.54_21.5413" 12 7.21213427075741 0.740927792432248 12 5.70673518922 0.608708543936056 12 4.10880568292213 0.411542567650449 21.54 21.54 "simulation5" 5.35231407936799 1.72532851296417
"Conti_21.54_21.5414" 13 7.77078212593488 0.719047820761371 13 6.18233116394555 0.605041654638411 13 4.42212173575313 0.40225434840229 21.54 21.54 "simulation5" 5.6867987089255 1.94499360671992
"Conti_21.54_21.5415" 14 8.29503993419454 0.710054862577474 14 6.64097648868721 0.601882249041197 14 4.71367033619618 0.388538073641021 21.54 21.54 "simulation5" 5.91970846416025 2.12518447234312
"Conti_21.54_21.5416" 15 8.81075282782506 0.728178357142274 15 7.07840957328939 0.590357744431373 15 4.98373467183308 0.379739432155024 21.54 21.54 "simulation5" 6.31041915758952 2.27203521669257
"Conti_21.54_21.5417" 16 9.30646882348898 0.703618026973928 16 7.48591637428665 0.573888453906087 16 5.23853579177958 0.37640824575813 21.54 21.54 "simulation5" 6.45290365137673 2.25097944721399
"Conti_21.54_21.5418" 17 9.78966258378235 0.730983075318901 17 7.88816795423472 0.599648837229568 17 5.49091983665374 0.389240196582337 21.54 21.54 "simulation5" 6.6917098546056 2.41679663961347
"Conti_21.54_21.5419" 18 10.2552939344825 0.698000594724288 18 8.27934176808689 0.574411515946145 18 5.75678313701418 0.407890667313112 21.54 21.54 "simulation5" 6.92591024515875 2.65829410978202
"Conti_21.54_21.5420" 19 10.6986163981393 0.716073277660234 19 8.6417321233248 0.570299356984741 19 5.99464556917891 0.35762551506971 21.54 21.54 "simulation5" 7.08366615667977 2.81255751809204
"Conti_21.54_21.5421" 20 11.1271446138772 0.690970656323608 20 8.98513180618301 0.556405421003744 20 6.20236981536813 0.367775961643342 21.54 21.54 "simulation5" 7.35309067132282 2.97407918869842
"Conti_21.54_21.5422" 21 11.5122008788048 0.66378467478678 21 9.29843627559078 0.534145458751086 21 6.39263077934646 0.333272420326714 21.54 21.54 "simulation5" 7.55134381055015 3.11730086196748
"Conti_21.54_21.5423" 22 11.8766672654294 0.673147867636605 22 9.58321748419618 0.522233187548825 22 6.53469112814248 0.302284459547391 21.54 21.54 "simulation5" 7.6938043514752 3.41023552871138
"Conti_21.54_21.5424" 23 12.2400090537231 0.677400253706411 23 9.85421922919019 0.521759448913488 23 6.66792263726342 0.321894307845043 21.54 21.54 "simulation5" 7.89810332826544 3.57024898956045
"Conti_21.54_21.5425" 24 12.5806923206516 0.654858375588003 24 10.1158595468711 0.521231577278915 24 6.79892767830812 0.304846624937743 21.54 21.54 "simulation5" 7.91626087840382 3.79505415962278
"Conti_21.54_21.5426" 25 12.9116447100284 0.677774217174154 25 10.3811338971212 0.540907673610297 25 6.9323667758823 0.331343643408457 21.54 21.54 "simulation5" 7.97515459837858 3.99722041493334
"Conti_21.54_21.5427" 26 13.2441161268445 0.66888686305802 26 10.6428330028827 0.527347507914805 26 7.06389135827159 0.307762474732528 21.54 21.54 "simulation5" 8.22654211141817 4.17504077720377
"Conti_21.54_21.5428" 27 13.5256812525142 0.607403607181633 27 10.8753054388499 0.504417697840928 27 7.18284779618191 0.31802391738469 21.54 21.54 "simulation5" 8.27163806573312 4.39371552725713
"Conti_21.54_21.5429" 28 13.7666325871517 0.611621615633089 28 11.0854252422163 0.498851825737836 28 7.29083765992522 0.295483485877015 21.54 21.54 "simulation5" 8.22710560997169 4.3386103530936
"Conti_21.54_21.5430" 29 14.0133953314223 0.622833422718255 29 11.2858513615286 0.495141191429036 29 7.38556980290143 0.303600772931615 21.54 21.54 "simulation5" 8.17447548607996 4.39805493765381
"Conti_21.54_21.5431" 30 14.2368723123526 0.58427050996807 30 11.4668839145064 0.474626792707442 30 7.48509762049321 0.30538936349597 21.54 21.54 "simulation5" 8.26852411964755 4.47472683445162
"Conti_21.54_21.5432" 31 14.4331594379483 0.587101995956528 31 11.6281273965322 0.46940400079895 31 7.58355969307725 0.30716456856101 21.54 21.54 "simulation5" 8.19634826654509 4.58443377330639
"Conti_21.54_21.5433" 32 14.6269258497906 0.587466348469667 32 11.7805522172565 0.465824181954404 32 7.67983518134848 0.30661397138671 21.54 21.54 "simulation5" 8.02318603907627 4.46412381833646
"Conti_46.42_46.421" 0 0 0 0 0 0 0 0 0 46.42 46.42 "simulation6" 0 0
"Conti_46.42_46.422" 1 0.070103078229857 0.251199256410191 1 0.0220867285002002 0.118910920720641 1 0.0208194952572702 0 46.42 46.42 "simulation6" 0.000130736948221202 0.000226443036745624
"Conti_46.42_46.423" 2 0.643116179178194 0.82808257931091 2 0.395272288908479 0.62605248604873 2 0.177397745877002 0.400149957115346 46.42 46.42 "simulation6" 0.00772730678477767 0.0107893399503738
"Conti_46.42_46.424" 3 1.66026882169693 1.09111412327707 3 1.21341239713336 0.90015911791688 3 0.787082571949071 0.724651344455133 46.42 46.42 "simulation6" 0.0277413452125854 0.0330518427498193
"Conti_46.42_46.425" 4 2.79728968187146 1.14483653028811 4 2.16752040201536 0.953016865173632 4 1.59677147464464 0.816922649172604 46.42 46.42 "simulation6" 0.231265542544843 0.0688542718631366
"Conti_46.42_46.426" 5 3.9436175540685 1.18545548235998 5 3.11620044149245 0.963225579229348 5 2.40054941998497 0.783981438050893 46.42 46.42 "simulation6" 0.95204565004628 0.102877537610706
"Conti_46.42_46.427" 6 5.05292564923012 1.14103582542459 6 4.04395511424941 0.968439676315159 6 3.16678118875871 0.796645205876872 46.42 46.42 "simulation6" 2.1889464278383 0.188670086291811
"Conti_46.42_46.428" 7 6.07608010113093 1.09263874414233 7 4.92997179799223 0.940762118202401 7 3.89489964250828 0.75521289743005 46.42 46.42 "simulation6" 3.42161750660311 0.15773243151617
"Conti_46.42_46.429" 8 7.03210627716851 1.07057971131386 8 5.77403641995919 0.936757138959172 8 4.58632150374307 0.760136997250602 46.42 46.42 "simulation6" 4.38600124771917 0.0363078818861398
"Conti_46.42_46.4210" 9 7.93367121418173 1.04435974729837 9 6.55896725842834 0.876933766502087 9 5.17847504903585 0.618018009988557 46.42 46.42 "simulation6" 5.48684149426898 0.62063318706611
"Conti_46.42_46.4211" 10 8.80419155495591 1.06288407920401 10 7.3075781883759 0.917533573363003 10 5.71020700562413 0.682914312665703 46.42 46.42 "simulation6" 6.16004320132835 0.934970595266226
"Conti_46.42_46.4212" 11 9.66921617821998 1.07947903752815 11 8.06732167550475 0.931517219993783 11 6.27284323035062 0.69235427544954 46.42 46.42 "simulation6" 7.0343857811619 1.17977664165458
"Conti_46.42_46.4213" 12 10.5197856664072 1.0835542894919 12 8.80470267042934 0.920282085154797 12 6.81529401027415 0.676498430678239 46.42 46.42 "simulation6" 7.50677165521836 1.38597487320381
"Conti_46.42_46.4214" 13 11.3379233528038 1.06581056085703 13 9.50441454770506 0.903344218492608 13 7.30199244854467 0.62355426787351 46.42 46.42 "simulation6" 7.87542264597312 1.68339287874609
"Conti_46.42_46.4215" 14 12.1023026962466 1.02968154166606 14 10.1635442193586 0.882677010784913 14 7.74925898998692 0.628000776820395 46.42 46.42 "simulation6" 8.33281091152141 1.92102265121181
"Conti_46.42_46.4216" 15 12.8087429556023 1.00125377080012 15 10.7793464026631 0.858369059346828 15 8.16679566509426 0.590260495359624 46.42 46.42 "simulation6" 8.91240940714795 1.98969559410625
"Conti_46.42_46.4217" 16 13.4734371567677 0.991100750393598 16 11.3516239892819 0.836532656976294 16 8.54777698633248 0.583225684756565 46.42 46.42 "simulation6" 9.23489862086465 2.12139775532312
"Conti_46.42_46.4218" 17 14.1208459416204 1.00203227109896 17 11.8955694281945 0.837085963114445 17 8.89551954483538 0.552074026724307 46.42 46.42 "simulation6" 9.48650785770842 2.27332625772819
"Conti_46.42_46.4219" 18 14.7442273624905 0.980778917295915 18 12.4294105548443 0.843856004008467 18 9.24121026741511 0.593831433751407 46.42 46.42 "simulation6" 9.773909632531 2.26493476017862
"Conti_46.42_46.4220" 19 15.3248669975751 0.96084034022355 19 12.9353233147235 0.816754749911446 19 9.57496156753264 0.55028688353788 46.42 46.42 "simulation6" 10.1260395091465 2.37740440264371
"Conti_46.42_46.4221" 20 15.8847975861612 0.971651983922312 20 13.4171579283941 0.826212103652051 20 9.89568204331418 0.588358360448107 46.42 46.42 "simulation6" 10.4626550533106 2.68296763424022
"Conti_46.42_46.4222" 21 16.424176036635 0.951347275946982 21 13.8746602480055 0.797797578244264 21 10.2080784546472 0.550575681192014 46.42 46.42 "simulation6" 10.7147096506437 2.47309490969767
"Conti_46.42_46.4223" 22 16.9259323556842 0.93269777058667 22 14.3078165737569 0.805191977510848 22 10.4963903022101 0.562810136429796 46.42 46.42 "simulation6" 11.1364701760438 2.61089178280555
"Conti_46.42_46.4224" 23 17.3876904057071 0.908638455302456 23 14.7129404885417 0.770123290757586 23 10.7692175201828 0.534065447717938 46.42 46.42 "simulation6" 11.3957987632821 2.78430555962261
"Conti_46.42_46.4225" 24 17.8513272481886 0.955269388753718 24 15.0950492100832 0.785066697761489 24 11.0032204173246 0.510784072789993 46.42 46.42 "simulation6" 11.7630484043898 3.08344369830728
"Conti_46.42_46.4226" 25 18.2975600701962 0.901559166324057 25 15.4651925936388 0.766016369503011 25 11.2279589191202 0.525793157642592 46.42 46.42 "simulation6" 11.851351866745 3.47264264105192
"Conti_46.42_46.4227" 26 18.7072554801674 0.91285441577563 26 15.8109624758637 0.760506120950372 26 11.4402264229459 0.501062185800753 46.42 46.42 "simulation6" 12.1083873306906 3.5547540413908
"Conti_46.42_46.4228" 27 19.0820759489367 0.856721638536398 27 16.1261198449992 0.727563063661431 27 11.6335780345313 0.50098292719463 46.42 46.42 "simulation6" 12.286957258643 3.86753819281435
"Conti_46.42_46.4229" 28 19.4066794803346 0.846142741827944 28 16.4094036712688 0.720183766677068 28 11.8216237593537 0.501178800066415 46.42 46.42 "simulation6" 12.7340726348634 4.31852394574233
"Conti_46.42_46.4230" 29 19.733758883452 0.872476857565315 29 16.6818667158381 0.721232840830121 29 11.9983419158006 0.491182357772091 46.42 46.42 "simulation6" 12.8325045456232 4.36583717692764
"Conti_46.42_46.4231" 30 20.0634879019006 0.868861604936295 30 16.9506678087549 0.725212649794858 30 12.1636087376558 0.489506145791495 46.42 46.42 "simulation6" 12.6297897817692 4.29658792442219
"Conti_46.42_46.4232" 31 20.3477607964554 0.801212495025885 31 17.1967538666588 0.694284708002553 31 12.3197458098666 0.48276871696613 46.42 46.42 "simulation6" 12.9203931635356 4.53349276847844
"Conti_46.42_46.4233" 32 20.5755070153329 0.785742402492862 32 17.4098602167579 0.679062635216232 32 12.4662453228289 0.480842276468595 46.42 46.42 "simulation6" 13.079034621773 4.8420852718359
