"time" "Srxn1_max" "NRF2_max" "time2" "Srxn1_mean" "NRF2_mean" "time3" "Srxn1_min" "NRF2_min" "dose1" "dose2" "Simulation" "SRXN1_observed" "SRXN1_SD"
"Conti_0.35_0.351" 0 0 0 0 0 0 0 0 0 0.35 0.35 "simulation1" 0 0
"Conti_0.35_0.352" 1 0.020823746783004 0.0444541803865521 1 0.0208183919334054 0.0245921903157594 1 0.0208181256650988 0 0.35 0.35 "simulation1" 0.0412289580456226 0.071410650078144
"Conti_0.35_0.353" 2 0.177554732827618 0.322058224517883 2 0.080052562358603 0.183622422884868 2 0.0410108798352633 0 0.35 0.35 "simulation1" 0.0153076467134585 0.0265136218520248
"Conti_0.35_0.354" 3 0.559794611197445 0.402073379678231 3 0.269681822428773 0.215386904542838 3 0.0605963988651711 0 0.35 0.35 "simulation1" 0.0158711460101195 0.0274896312638711
"Conti_0.35_0.355" 4 0.977611019330196 0.426682889019605 4 0.474393695030209 0.221037174383317 4 0.0795942026294409 0 0.35 0.35 "simulation1" 0.0874919790506658 0.116473961005034
"Conti_0.35_0.356" 5 1.38064393093622 0.404574476260362 5 0.6682134032324 0.209921818299376 5 0.0980214964843565 0 0.35 0.35 "simulation1" 0.546495414726368 0.385399709428449
"Conti_0.35_0.357" 6 1.75685510969823 0.398709335300646 6 0.827534983608739 0.185784709255909 6 0.115895443730863 0 0.35 0.35 "simulation1" 1.12742904411563 0.604970874214477
"Conti_0.35_0.358" 7 2.09965248697577 0.363060655347948 7 0.952004315502535 0.175374268604088 7 0.133232660663031 0 0.35 0.35 "simulation1" 1.59317387508504 0.760701279522779
"Conti_0.35_0.359" 8 2.42056603782253 0.377389571447625 8 1.06721926384639 0.17694217948238 8 0.150049237256778 0 0.35 0.35 "simulation1" 1.90651394669063 0.827068234921817
"Conti_0.35_0.3510" 9 2.73384403992218 0.36788596479809 9 1.16710327983744 0.163579905539379 9 0.166360812253017 0 0.35 0.35 "simulation1" 2.12604661589525 0.939179118640608
"Conti_0.35_0.3511" 10 3.06126374722424 0.418195591114547 10 1.26780647440448 0.180429239810551 10 0.182182554048416 0 0.35 0.35 "simulation1" 2.15175304009021 0.977521801125147
"Conti_0.35_0.3512" 11 3.40594555345121 0.421393316700628 11 1.37638351481239 0.174166025996603 11 0.197529172278372 0 0.35 0.35 "simulation1" 2.22656935127424 1.058137652647
"Conti_0.35_0.3513" 12 3.73972503427462 0.416336517483434 12 1.4772007467875 0.175386561508339 12 0.212414934285319 0 0.35 0.35 "simulation1" 2.17647354802296 1.05949462510961
"Conti_0.35_0.3514" 13 4.04114023403212 0.377986913416732 13 1.55818978438382 0.15563166268824 13 0.226853679905284 0 0.35 0.35 "simulation1" 2.13272116152023 1.09375856068272
"Conti_0.35_0.3515" 14 4.30349817342803 0.359338639531411 14 1.60892920570688 0.14595087862172 14 0.240858833141375 0 0.35 0.35 "simulation1" 2.05858383242257 1.00475307180027
"Conti_0.35_0.3516" 15 4.5235178220464 0.313316976437166 15 1.6428985104483 0.136191897738998 15 0.254443414556589 0 0.35 0.35 "simulation1" 2.10054156920367 1.00904619316283
"Conti_0.35_0.3517" 16 4.70408567817768 0.299323933494747 16 1.65196790695591 0.11612613520942 16 0.267620053822705 0 0.35 0.35 "simulation1" 2.1010308438063 0.990613383671585
"Conti_0.35_0.3518" 17 4.85734187827341 0.275203171791292 17 1.65028615649172 0.120813311674303 17 0.280401001357235 0 0.35 0.35 "simulation1" 2.15847937522297 1.06220225721097
"Conti_0.35_0.3519" 18 5.00624371433387 0.296903185554855 18 1.65726399615635 0.127048912643534 18 0.292798139700294 0 0.35 0.35 "simulation1" 2.11267132824076 0.988371993104419
"Conti_0.35_0.3520" 19 5.15250341324259 0.276882096191176 19 1.66322919938206 0.120253460065096 19 0.304822994562022 0 0.35 0.35 "simulation1" 2.1343627773568 0.984560394258438
"Conti_0.35_0.3521" 20 5.28760474851629 0.281645636129995 20 1.66345470704747 0.117633361681226 20 0.316486745537785 0 0.35 0.35 "simulation1" 2.21108006452195 1.05953038844209
"Conti_0.35_0.3522" 21 5.37382856462484 0.207260079376627 21 1.64977644151387 0.0887496621704618 21 0.327800236502037 0 0.35 0.35 "simulation1" 2.19001024123447 0.964790084425394
"Conti_0.35_0.3523" 22 5.38741955914788 0.190828923149183 22 1.62682745810645 0.0896982093185535 22 0.338773985689818 0 0.35 0.35 "simulation1" 2.16970656781358 1.01539528323906
"Conti_0.35_0.3524" 23 5.40885884356311 0.214440830874747 23 1.60490824279211 0.0894531511730564 23 0.349418195476527 0 0.35 0.35 "simulation1" 2.12169568980545 1.02652548481646
"Conti_0.35_0.3525" 24 5.47248882977564 0.258024391468209 24 1.58579730928408 0.105679205643385 24 0.359742762857566 0 0.35 0.35 "simulation1" 1.89452413902031 1.09967314295726
"Conti_0.35_0.3526" 25 5.67626376192702 0.436346714906084 25 1.65595732558172 0.206877668252051 25 0.369757408013298 0.017941460241085 0.35 0.35 "simulation1" 2.16198827713154 0.783585729635329
"Conti_0.35_0.3527" 26 5.89524739600241 0.300318639174016 26 1.73225147707593 0.124826598064519 26 0.379471370217861 0 0.35 0.35 "simulation1" 1.79878606764131 0.654270884815999
"Conti_0.35_0.3528" 27 6.02844814315172 0.308389681220636 27 1.73713976042009 0.124720556822274 27 0.388893326274275 0 0.35 0.35 "simulation1" 1.72661647093 0.620939648361702
"Conti_0.35_0.3529" 28 6.15226213512457 0.283183191722911 28 1.73812951167622 0.118407122902687 28 0.398032538116096 0 0.35 0.35 "simulation1" 1.72735021927478 0.697076650188164
"Conti_0.35_0.3530" 29 6.27400385993354 0.310000202536146 29 1.73533448138104 0.119049831061038 29 0.406897197632229 0 0.35 0.35 "simulation1" 1.64457856315424 0.694491869605683
"Conti_0.35_0.3531" 30 6.39761671053583 0.290373976093512 30 1.7295734716481 0.113056962052873 30 0.415495686622273 0 0.35 0.35 "simulation1" 1.58546257540254 0.690388305187546
"Conti_0.35_0.3532" 31 6.50203530332067 0.286910531745258 31 1.72213673698162 0.115728417118122 31 0.423835964234834 0 0.35 0.35 "simulation1" 1.56915652429049 0.762938534050622
"Conti_0.35_0.3533" 32 6.60803370778236 0.295226192638102 32 1.71556680758349 0.113252119802593 32 0.431925781854047 0 0.35 0.35 "simulation1" 1.47401404866957 0.774271918340717
"Conti_0.35_0.3534" 33 6.70673849252857 0.278527405415514 33 1.70460794163368 0.106598439336577 33 0.439772662689936 0 0.35 0.35 "simulation1" 1.4844808600311 0.682808944460156
"Conti_0.35_0.3535" 34 6.77691873712709 0.258958906620278 34 1.68685936259953 0.0976707941837348 34 0.447383903246148 0 0.35 0.35 "simulation1" 1.37425547346252 0.736061085758967
"Conti_0.35_0.3536" 35 6.86439952982474 0.309094706242037 35 1.67364742688481 0.115587651581464 35 0.454766579837155 0 0.35 0.35 "simulation1" 1.30003060093825 0.644624053394264
"Conti_0.35_0.3537" 36 6.98901406436976 0.321588679148482 36 1.67339908986028 0.120655420627325 36 0.461927556189549 0 0.35 0.35 "simulation1" 1.15995669250812 0.642255208017038
"Conti_0.35_0.3538" 37 7.09882465882248 0.294610024509872 37 1.67074296286543 0.112757452394328 37 0.468873489914482 0 0.35 0.35 "simulation1" 1.0394543903331 0.58642942479159
"Conti_0.35_0.3539" 38 7.19270973667712 0.297667842015518 38 1.66201375318037 0.10893096276791 38 0.475610838696833 0 0.35 0.35 "simulation1" 0.890667529607228 0.583165885910366
"Conti_0.35_0.3540" 39 7.25915829210903 0.253207446644676 39 1.64549950018256 0.0930577486247471 39 0.482145866299054 0 0.35 0.35 "simulation1" 0.804291795383381 0.533136312869293
"Conti_0.35_0.3541" 40 7.29684677381243 0.256617280204698 40 1.62475085510452 0.0942153887346554 40 0.488484648384036 0 0.35 0.35 "simulation1" 0.770800601334239 0.506431691808883
"Conti_0.35_0.3542" 41 7.34349932662396 0.266032786781661 41 1.60548737053033 0.0952560295756209 41 0.494633078163702 0 0.35 0.35 "simulation1" 0.702704415781298 0.516123118611838
"Conti_0.35_0.3543" 42 7.40333943814892 0.279055567775305 42 1.58766448703691 0.0974728268027615 42 0.500596871878477 0 0.35 0.35 "simulation1" 0.583398883584341 0.455872362602845
"Conti_0.35_0.3544" 43 7.4659443550588 0.270484274658113 43 1.57250059677059 0.100243216772677 43 0.506381574113699 0 0.35 0.35 "simulation1" 0.557598894425797 0.411376641898236
"Conti_0.35_0.3545" 44 7.48656384201157 0.222805314868506 44 1.55264850027773 0.0783270597077884 44 0.511992562947111 0 0.35 0.35 "simulation1" 0.494491280771055 0.333633768425451
"Conti_0.35_0.3546" 45 7.50198638495029 0.264286059658263 45 1.53140217910489 0.0920557410811935 45 0.517435054954105 0 0.35 0.35 "simulation1" 0.435075320882013 0.312806781163848
"Conti_0.35_0.3547" 46 7.56259983272357 0.286342975017138 46 1.51633178825761 0.100317130674508 46 0.522714110059463 0 0.35 0.35 "simulation1" 0.427832049119316 0.297305740782725
"Conti_0.35_0.3548" 47 7.61714261231401 0.261344156051314 47 1.50147393708454 0.0921009182911033 47 0.527834636239862 0 0.35 0.35 "simulation1" 0.399712793375479 0.271047258054683
"Conti_0.35_0.3549" 48 7.65609126136203 0.266232275067185 48 1.48383854607996 0.0887440916890616 48 0.53280139408591 0 0.35 0.35 "simulation1" 0.332875539852633 0.22518919245424
"Conti_0.75_0.751" 0 0 0 0 0 0 0 0 0 0.75 0.75 "simulation2" 0 0
"Conti_0.75_0.752" 1 0.0208187335517111 0.03014313301319 1 0.0208179860604916 0.0129708077628444 1 0.0208177456317935 0 0.75 0.75 "simulation2" 0 0
"Conti_0.75_0.753" 2 0.256080278059924 0.495868556476887 2 0.207452262842475 0.419415717600716 2 0.172337867963717 0.330934748181785 0.75 0.75 "simulation2" 0 0
"Conti_0.75_0.754" 3 0.836277698969297 0.604802120140498 3 0.696165361252757 0.502468930656327 3 0.515759946512311 0.336765147385123 0.75 0.75 "simulation2" 0.00758427588537538 0.0131363511720896
"Conti_0.75_0.755" 4 1.42063057521482 0.57369256795579 4 1.19338327070493 0.492893789006907 4 0.849834263565216 0.33464401845669 0.75 0.75 "simulation2" 0.23228963102924 0.244661250087848
"Conti_0.75_0.756" 5 1.97974008968076 0.592555237113027 5 1.66430272990048 0.48267326198372 5 1.14504391815517 0.28135940782414 0.75 0.75 "simulation2" 0.925411230369881 0.491900205647433
"Conti_0.75_0.757" 6 2.49110519551035 0.513692393632946 6 2.08030494705664 0.414741904741525 6 1.39942074550915 0.28153271868319 0.75 0.75 "simulation2" 1.84609356550973 0.662415304139816
"Conti_0.75_0.758" 7 2.93800611591417 0.501580510603478 7 2.42669237954358 0.376261031277971 7 1.62743637572092 0.248838047687887 0.75 0.75 "simulation2" 2.61225911705794 0.832399466261639
"Conti_0.75_0.759" 8 3.35906865770366 0.482825434886145 8 2.73445283748299 0.356346214672007 8 1.82626380479521 0.244712291371104 0.75 0.75 "simulation2" 3.22217435048088 0.976189932000025
"Conti_0.75_0.7510" 9 3.74356590272985 0.457145580363325 9 3.00645557977674 0.325225986310825 9 2.01093650059789 0.232154547214807 0.75 0.75 "simulation2" 3.56589795558647 0.992743085570265
"Conti_0.75_0.7511" 10 4.10824814332988 0.462452644250677 10 3.2451045241249 0.308235911166929 10 2.15881802898552 0.199628701473392 0.75 0.75 "simulation2" 3.88995978155943 1.13897193232877
"Conti_0.75_0.7512" 11 4.44130920721909 0.415720450370136 11 3.44691377603739 0.271862103034917 11 2.23913693235624 0.1579107525209 0.75 0.75 "simulation2" 4.00595153166607 1.33314429165709
"Conti_0.75_0.7513" 12 4.72461392586346 0.390704427988519 12 3.60951715616775 0.254281335054064 12 2.27666820957785 0.156981340450595 0.75 0.75 "simulation2" 4.02797270874308 1.20590119668828
"Conti_0.75_0.7514" 13 4.99174825075307 0.393868860576069 13 3.76249864559455 0.259878118442614 13 2.34677441158491 0.187468885308994 0.75 0.75 "simulation2" 4.04592654654147 1.27485171449328
"Conti_0.75_0.7515" 14 5.22482329574688 0.339425852005298 14 3.90230306373443 0.237014005306824 14 2.42183340078043 0.160834748269525 0.75 0.75 "simulation2" 4.05047629571259 1.36274112077946
"Conti_0.75_0.7516" 15 5.39623375225102 0.299642503329371 15 3.9886462754485 0.194251964895458 15 2.4208217047716 0.111712121328026 0.75 0.75 "simulation2" 4.27427321830003 1.6264159990575
"Conti_0.75_0.7517" 16 5.55234531223875 0.317871901841746 16 4.05160941863479 0.208255624755567 16 2.41370539057752 0.15034117658261 0.75 0.75 "simulation2" 4.22035595914165 1.49936364565411
"Conti_0.75_0.7518" 17 5.71857066936861 0.321647290270089 17 4.12159548527105 0.20085977775331 17 2.43191581347595 0.138247271912846 0.75 0.75 "simulation2" 4.38969166683416 1.57598416408937
"Conti_0.75_0.7519" 18 5.88050779672122 0.320155083003034 18 4.1735885284107 0.190615047626719 18 2.42566542717112 0.125710669770781 0.75 0.75 "simulation2" 4.42267602009014 1.5423263431668
"Conti_0.75_0.7520" 19 6.02843218295606 0.304397144124663 19 4.2173166189705 0.191209229525022 19 2.40856491149173 0.120895460456779 0.75 0.75 "simulation2" 4.39404459389624 1.50244080573953
"Conti_0.75_0.7521" 20 6.15773182577817 0.296614790482924 20 4.24545302735803 0.173014224638275 20 2.37628923892252 0.0950736771647096 0.75 0.75 "simulation2" 4.4705737688624 1.55884425515714
"Conti_0.75_0.7522" 21 6.27863302147168 0.296348342396664 21 4.24054096877096 0.158070457222602 21 2.32985254146919 0.070857616112307 0.75 0.75 "simulation2" 4.6519770738629 1.74869170695662
"Conti_0.75_0.7523" 22 6.40260850641076 0.30629969637518 22 4.23181921083305 0.167133381828296 22 2.28291981055093 0.0809177458128114 0.75 0.75 "simulation2" 4.59814532179502 1.86470304352522
"Conti_0.75_0.7524" 23 6.52213573799203 0.294477738175634 23 4.22947861407003 0.163733049161359 23 2.24168967938017 0.0957890441681271 0.75 0.75 "simulation2" 4.49666182562568 1.90397629506465
"Conti_0.75_0.7525" 24 6.61770564034658 0.285013600780431 24 4.22824553953333 0.172766771803616 24 2.20467523642483 0.0967802940104902 0.75 0.75 "simulation2" 4.46003197278405 2.12629272281032
"Conti_0.75_0.7526" 25 6.79435675461683 0.434720759938369 25 4.31454759184861 0.272430646206003 25 2.18776697404438 0.136735676466175 0.75 0.75 "simulation2" 4.85236887011911 1.45441333112654
"Conti_0.75_0.7527" 26 7.02795725471543 0.392231643547345 26 4.4431198493061 0.227340306231611 26 2.18294297449067 0.113874442335104 0.75 0.75 "simulation2" 4.28530653809016 1.39854808661194
"Conti_0.75_0.7528" 27 7.19756789111293 0.341800940256651 27 4.51041631068471 0.199601148646967 27 2.15893163646101 0.109281165900471 0.75 0.75 "simulation2" 4.17194262161574 1.40665079529756
"Conti_0.75_0.7529" 28 7.32376344319914 0.319193221935961 28 4.55248033923349 0.193648463910286 28 2.12794502684314 0.0936418237889395 0.75 0.75 "simulation2" 4.08495687824835 1.43658443001983
"Conti_0.75_0.7530" 29 7.42059850499631 0.292425356391695 29 4.56640122109125 0.168522392331173 29 2.09135352288458 0.0884386085012889 0.75 0.75 "simulation2" 3.94256247275364 1.37821752497868
"Conti_0.75_0.7531" 30 7.48571813912613 0.270162701190254 30 4.56747500105809 0.178616145091422 30 2.05966239325527 0.102076535170541 0.75 0.75 "simulation2" 3.89130068258428 1.40086566680473
"Conti_0.75_0.7532" 31 7.5381323916743 0.274389163783271 31 4.56622515438821 0.164911079430652 31 2.02315098760905 0.055397904848532 0.75 0.75 "simulation2" 3.71185668836419 1.31007627204201
"Conti_0.75_0.7533" 32 7.60531802554216 0.292275822427107 32 4.55137134373715 0.163893547076434 32 1.98427386118235 0.0758865628104977 0.75 0.75 "simulation2" 3.56629548230734 1.32426096324394
"Conti_0.75_0.7534" 33 7.66259023196655 0.261511963698214 33 4.53581347527056 0.163336044701845 33 1.94754184491188 0.0698151564063039 0.75 0.75 "simulation2" 3.28336876561908 1.22544956907766
"Conti_0.75_0.7535" 34 7.69040300931216 0.251044001411829 34 4.5229063663047 0.165467901714408 34 1.91180890246019 0.0750437598805953 0.75 0.75 "simulation2" 3.0545209226765 1.18272460803524
"Conti_0.75_0.7536" 35 7.71889495092311 0.262705733978746 35 4.50507907319394 0.156587829585977 35 1.87652857025844 0.0586275271764464 0.75 0.75 "simulation2" 2.82700839422905 1.21223121886461
"Conti_0.75_0.7537" 36 7.76572853716024 0.277461080895866 36 4.46321598959052 0.139882841985817 36 1.84127108619882 0.0478501975068247 0.75 0.75 "simulation2" 2.6665991153784 1.16256048534732
"Conti_0.75_0.7538" 37 7.80007836571852 0.247577424456855 37 4.40477783530252 0.136689207555256 37 1.80705741599932 0.0570454579586858 0.75 0.75 "simulation2" 2.4941832454511 1.11079102771192
"Conti_0.75_0.7539" 38 7.81997760151104 0.258848209869564 38 4.34952396909757 0.140591848880784 38 1.7741955504898 0.0616894347072513 0.75 0.75 "simulation2" 2.32054744726067 1.13550256417399
"Conti_0.75_0.7540" 39 7.85920108811496 0.271851107348078 39 4.3064558570933 0.145778071776939 39 1.74255105424424 0.0629994133974191 0.75 0.75 "simulation2" 2.04986353584671 1.01749157683694
"Conti_0.75_0.7541" 40 7.86905309969912 0.221412450935743 40 4.24396954770027 0.116221212348069 40 1.71148856302092 0.0489264937060613 0.75 0.75 "simulation2" 1.89869999440255 0.966162018658922
"Conti_0.75_0.7542" 41 7.87292719583124 0.262572124229634 41 4.1619634282523 0.116595652956183 41 1.68099623003832 0.0384609402840304 0.75 0.75 "simulation2" 1.74467083239803 0.881720747139578
"Conti_0.75_0.7543" 42 7.89555817575778 0.245397546279624 42 4.0844834109432 0.118051758088029 42 1.65139328369391 0.0446872812731267 0.75 0.75 "simulation2" 1.57290678054536 0.83163014102454
"Conti_0.75_0.7544" 43 7.90708744618653 0.249741522935867 43 4.01822507046344 0.129610808577601 43 1.62299509225125 0.0617834653974075 0.75 0.75 "simulation2" 1.40495808884334 0.747547245106968
"Conti_0.75_0.7545" 44 7.92085471225517 0.246945201278001 44 3.95525944757792 0.118466852890824 44 1.59548505752456 0.0462140364539328 0.75 0.75 "simulation2" 1.28565149256023 0.731693775873427
"Conti_0.75_0.7546" 45 7.89413319981043 0.192893542060588 45 3.87664998703836 0.100996867209966 45 1.56846148542044 0.0355820124012516 0.75 0.75 "simulation2" 1.14269434005085 0.662103739074176
"Conti_0.75_0.7547" 46 7.85708441351727 0.233253427869279 46 3.79211861649774 0.0975956581203855 46 1.54218324460647 0 0.75 0.75 "simulation2" 1.03598415275944 0.651433714488607
"Conti_0.75_0.7548" 47 7.84320769049547 0.2171105669075 47 3.70753887693154 0.090438403681575 47 1.51668863552258 0.00553327784386459 0.75 0.75 "simulation2" 0.918344356782463 0.568227535405871
"Conti_0.75_0.7549" 48 7.8163787920149 0.218582528713174 48 3.62244071898196 0.0836164194187312 48 1.49196084770085 0.00142533659265631 0.75 0.75 "simulation2" 0.799043287175254 0.478903850538569
"Conti_1.62_1.621" 0 0 0 0 0 0 0 0 0 1.62 1.62 "simulation3" 0 0
"Conti_1.62_1.622" 1 0.021199699239637 0.0942522752231021 1 0.0208195673585225 0.0314174250743674 1 0.0208179316594339 0 1.62 1.62 "simulation3" 3.44317972215957e-06 5.96376221837127e-06
"Conti_1.62_1.623" 2 0.417062098503092 0.715809764743586 2 0.300016376444082 0.596883331718701 2 0.214486573763324 0.460891187633335 1.62 1.62 "simulation3" 0 0
"Conti_1.62_1.624" 3 1.31411109511044 1.02455908342303 3 1.05676241968667 0.861227832659792 3 0.818856331852319 0.692508553788518 1.62 1.62 "simulation3" 0.0132099448627992 0.0228802956675517
"Conti_1.62_1.625" 4 2.35831484704136 1.08514283287621 4 1.95590292514162 0.944706418230437 4 1.54007592025479 0.74464039881348 1.62 1.62 "simulation3" 0.354260987717092 0.282702552729344
"Conti_1.62_1.626" 5 3.37242491667358 1.04826531478081 5 2.8431601098336 0.907225962462061 5 2.24233728118792 0.71094717669634 1.62 1.62 "simulation3" 1.39821677995562 0.654544720082511
"Conti_1.62_1.627" 6 4.31609433520063 1.01130357071153 6 3.66078672497176 0.86861659198539 6 2.87071248021636 0.64912951832796 1.62 1.62 "simulation3" 2.78016824960307 0.978454971974617
"Conti_1.62_1.628" 7 5.18908308684097 0.956509803310212 7 4.42038932747298 0.833711764745329 7 3.43959014776974 0.626507591614507 1.62 1.62 "simulation3" 4.169278230122 1.25631081021671
"Conti_1.62_1.629" 8 5.93960023347071 0.821530801349404 8 5.08374378818689 0.723100452958548 8 3.93907946563824 0.544052248858789 1.62 1.62 "simulation3" 5.16092251728471 1.53962532148701
"Conti_1.62_1.6210" 9 6.53793018893015 0.708769195425619 9 5.62445709474564 0.636501649356966 9 4.35510270037877 0.494196558566504 1.62 1.62 "simulation3" 5.85961493154579 1.64399003518743
"Conti_1.62_1.6211" 10 7.04512563886291 0.671964953519537 10 6.08158488047131 0.586256933210357 10 4.70776181907742 0.443271597453613 1.62 1.62 "simulation3" 6.41758501413753 1.79939118268886
"Conti_1.62_1.6212" 11 7.50109537510632 0.631552305433778 11 6.47899073644753 0.542304985884956 11 5.02052733709053 0.431625981940694 1.62 1.62 "simulation3" 6.73307475740956 1.94577057188783
"Conti_1.62_1.6213" 12 7.91234495220791 0.607448751334143 12 6.82678322877535 0.510684371564539 12 5.28379372051944 0.368431220412623 1.62 1.62 "simulation3" 6.95530232612329 2.02532384368458
"Conti_1.62_1.6214" 13 8.27118925578556 0.553595421814022 13 7.13519189084396 0.483511994262953 13 5.50328373349057 0.360427466623435 1.62 1.62 "simulation3" 7.1679440971253 2.06813840035469
"Conti_1.62_1.6215" 14 8.58561183629612 0.542556751696031 14 7.40730817984379 0.456603372513468 14 5.69760124066383 0.330250183247829 1.62 1.62 "simulation3" 7.24484117471572 2.08049027544109
"Conti_1.62_1.6216" 15 8.88376481397566 0.533477808223136 15 7.64428842398555 0.431112981213301 15 5.86456099795152 0.325118606355948 1.62 1.62 "simulation3" 7.60808990785975 2.31558152066187
"Conti_1.62_1.6217" 16 9.14608091113551 0.490310730722117 16 7.85691572788448 0.419584644201412 16 6.04325695407821 0.349622453833177 1.62 1.62 "simulation3" 7.80872497838248 2.50887184935128
"Conti_1.62_1.6218" 17 9.36604729958688 0.465830429344639 17 8.0340520807891 0.374628360253906 17 6.17400097258094 0.253722349681537 1.62 1.62 "simulation3" 8.01053999444752 2.60742800581238
"Conti_1.62_1.6219" 18 9.54421994199323 0.420275290930678 18 8.17086916190557 0.354628162632144 18 6.24395951847002 0.257005477576027 1.62 1.62 "simulation3" 8.35062263647097 2.80470250350928
"Conti_1.62_1.6220" 19 9.67649955783897 0.389597049319922 19 8.28524450108485 0.335189010971651 19 6.30807949034172 0.232557054908829 1.62 1.62 "simulation3" 8.55654844906846 3.04575927978127
"Conti_1.62_1.6221" 20 9.78701249340291 0.383128076676658 20 8.36026294950124 0.289724204927304 20 6.25397583443634 0.121969811469685 1.62 1.62 "simulation3" 8.79738626453334 3.06768644167467
"Conti_1.62_1.6222" 21 9.88381597075426 0.363799833660548 21 8.39695224387774 0.271153883881587 21 6.11535050180369 0.11735657492152 1.62 1.62 "simulation3" 8.99994918835251 3.18898553947418
"Conti_1.62_1.6223" 22 9.93128729797106 0.302233333616288 22 8.40331304080375 0.241144981161962 22 5.98093153286242 0.121272441632629 1.62 1.62 "simulation3" 9.23279099176274 3.48568086012933
"Conti_1.62_1.6224" 23 9.95044221070226 0.317255304549157 23 8.39369545253765 0.245661333939074 23 5.86438331093818 0.13598599808691 1.62 1.62 "simulation3" 9.00629920685661 3.39467159355668
"Conti_1.62_1.6225" 24 9.991002128648 0.339583372352467 24 8.38154753700781 0.241344417165944 24 5.75147634845724 0.131304821521813 1.62 1.62 "simulation3" 9.03406635737981 3.47064757248349
"Conti_1.62_1.6226" 25 10.0765778732799 0.399567734411529 25 8.42444152704055 0.326700601507067 25 5.74867307202155 0.253347745812818 1.62 1.62 "simulation3" 9.90698474390751 2.95889916917377
"Conti_1.62_1.6227" 26 10.1887161320329 0.392512255218876 26 8.48077629467645 0.263110470868251 26 5.80425893819522 0.197961444629218 1.62 1.62 "simulation3" 9.33838989534917 2.79808649105828
"Conti_1.62_1.6228" 27 10.2826733900316 0.376716268509161 27 8.47647522869322 0.240309615353072 27 5.77908324857649 0.162847442521579 1.62 1.62 "simulation3" 9.22836039455748 2.93724385158422
"Conti_1.62_1.6229" 28 10.3608184687034 0.366254648050666 28 8.47019229772601 0.253811081058568 28 5.68983746730359 0.126083257690129 1.62 1.62 "simulation3" 8.81182495313509 2.70723106065222
"Conti_1.62_1.6230" 29 10.4141554805598 0.336083345539895 29 8.46505931152316 0.240824543765345 29 5.58590076748613 0.142941431705065 1.62 1.62 "simulation3" 8.6369023123845 3.02655537750412
"Conti_1.62_1.6231" 30 10.4476639382845 0.331825064797897 30 8.45715336010912 0.248975163923161 30 5.53852372675337 0.176707426054527 1.62 1.62 "simulation3" 8.45608151643387 3.11929251382527
"Conti_1.62_1.6232" 31 10.4778649116284 0.329615029816604 31 8.4424474465543 0.229913644141064 31 5.46610330911907 0.116915063172507 1.62 1.62 "simulation3" 8.15251441699411 3.17097415653999
"Conti_1.62_1.6233" 32 10.5025242806324 0.321915930487777 32 8.41558172576667 0.230430652540925 32 5.36110894703222 0.139357612773236 1.62 1.62 "simulation3" 8.08786755861006 3.27647876938795
"Conti_1.62_1.6234" 33 10.5103230529589 0.299397240041849 33 8.37977703086666 0.213826866427349 33 5.27897458455974 0.137068124392708 1.62 1.62 "simulation3" 7.82649789208346 3.23753381719955
"Conti_1.62_1.6235" 34 10.4854758185266 0.267208364299812 34 8.31712015715708 0.192911450571987 34 5.1909752769964 0.130003607759644 1.62 1.62 "simulation3" 7.34327242752959 3.01654230676169
"Conti_1.62_1.6236" 35 10.4393225945788 0.264206180925467 35 8.21147122285284 0.162765768311065 35 5.08747569044216 0.111719583269577 1.62 1.62 "simulation3" 7.05742422394828 2.99912116157065
"Conti_1.62_1.6237" 36 10.4097511931427 0.286832271636797 36 8.088593549167 0.169448861710513 36 4.97220187155552 0.103505679819629 1.62 1.62 "simulation3" 6.76201761436429 2.88326873260704
"Conti_1.62_1.6238" 37 10.3796577734919 0.263220699916041 37 7.9762479815839 0.167133448553197 37 4.86041593406999 0.108573305111008 1.62 1.62 "simulation3" 6.39370090490462 2.72252408983036
"Conti_1.62_1.6239" 38 10.3463441842023 0.279359947052885 38 7.86213379921634 0.162457254170402 38 4.7474573127819 0.0854798700153159 1.62 1.62 "simulation3" 6.05606996604084 2.61461296576585
"Conti_1.62_1.6240" 39 10.3053250427511 0.247628683503661 39 7.71828628604534 0.132556515160182 39 4.62671282437579 0.0232597029434893 1.62 1.62 "simulation3" 5.70876024364164 2.51830830375373
"Conti_1.62_1.6241" 40 10.2407250281939 0.241532378230328 40 7.55580715288492 0.136049409538848 40 4.50859831754812 0.0357376899868083 1.62 1.62 "simulation3" 5.42695867282549 2.52043047774286
"Conti_1.62_1.6242" 41 10.1634475665499 0.222728719904581 41 7.39728277815601 0.128394362615672 41 4.39440894404783 0.0652623410462154 1.62 1.62 "simulation3" 5.16452186569324 2.5229447845817
"Conti_1.62_1.6243" 42 10.0560818942697 0.199131854790183 42 7.2294022258754 0.118418588766709 42 4.28374588918604 0.0456069606365734 1.62 1.62 "simulation3" 4.69444868790431 2.18988950983799
"Conti_1.62_1.6244" 43 9.9327853673553 0.195175871464548 43 7.06868337167799 0.12948300007705 43 4.17641403607656 0.0659590240419989 1.62 1.62 "simulation3" 4.36805259152946 2.10991781939276
"Conti_1.62_1.6245" 44 9.78736775461457 0.170240396542076 44 6.91003747646057 0.114146476844225 44 4.07221731112449 0.0401345026879527 1.62 1.62 "simulation3" 4.06488581173227 2.06369768116787
"Conti_1.62_1.6246" 45 9.65118816681104 0.20088110953773 45 6.75026234595969 0.121217319948447 45 3.97079435435055 0.0398381870257687 1.62 1.62 "simulation3" 3.74375334804778 1.89253081865596
"Conti_1.62_1.6247" 46 9.5482043304394 0.200548387213962 46 6.59776548401574 0.118470737268627 46 3.87240000290955 0.0363928271159228 1.62 1.62 "simulation3" 3.52455193768155 1.84534856551784
"Conti_1.62_1.6248" 47 9.43698304762221 0.191201618160333 47 6.46108896356496 0.136408952614725 47 3.77939471111648 0.0929327621252551 1.62 1.62 "simulation3" 3.21253610462656 1.6995883072589
"Conti_1.62_1.6249" 48 9.33303329330338 0.206168019894689 48 6.33528701973522 0.126561153800211 48 3.69013002422767 0.0492630355217785 1.62 1.62 "simulation3" 3.00802644781614 1.66709973437981
"Conti_3.5_3.51" 0 0 0 0 0 0 0 0 0 3.5 3.5 "simulation4" 0 0
"Conti_3.5_3.52" 1 0.0552430674166932 0.237990610709792 1 0.022522827846391 0.122090408954116 1 0.0208182348818152 0 3.5 3.5 "simulation4" 0 0
"Conti_3.5_3.53" 2 0.782765307996084 1.19158550006136 2 0.520094550663499 0.879048109289714 2 0.233882325077709 0.506220914779596 3.5 3.5 "simulation4" 0 0
"Conti_3.5_3.54" 3 2.1420696232595 1.48999872223596 3 1.5953855235486 1.2252824298755 3 0.917184239215522 0.808689598805823 3.5 3.5 "simulation4" 0.0267354897657093 0.0434331367735153
"Conti_3.5_3.55" 4 3.72011244846305 1.75360935898503 4 2.89020998419982 1.41428866799431 4 1.78700717379047 0.93460479580268 3.5 3.5 "simulation4" 0.447237045590144 0.311344079710307
"Conti_3.5_3.56" 5 5.42538100797817 1.84177307796342 5 4.2980519946969 1.52857869493305 5 2.71946984676202 0.994388583675475 3.5 3.5 "simulation4" 1.89640553296878 0.679570452464275
"Conti_3.5_3.57" 6 7.14476670951538 1.89039991868322 6 5.71448778642882 1.53538884309816 6 3.63039300813554 0.9607120581965 3.5 3.5 "simulation4" 3.76161971171517 0.900684137430128
"Conti_3.5_3.58" 7 8.80367138554497 1.82654263428403 7 7.08524284131078 1.51858392650905 7 4.52510559584316 1.01206213873399 3.5 3.5 "simulation4" 5.7315131130131 1.14669052881276
"Conti_3.5_3.59" 8 10.3395039146741 1.74670691883831 8 8.36932741576404 1.44240069423873 8 5.37599904130416 0.919370895802789 3.5 3.5 "simulation4" 7.28812708381336 1.38626182279394
"Conti_3.5_3.510" 9 11.7160008603401 1.59785421823588 9 9.51127675040982 1.31529595850633 9 6.09553017050588 0.814909811502669 3.5 3.5 "simulation4" 8.73369754926184 1.64365446588666
"Conti_3.5_3.511" 10 12.8812563230044 1.41699333566961 10 10.4879165725949 1.1858899945058 10 6.71065661500494 0.752899260188039 3.5 3.5 "simulation4" 9.79283927662421 1.77459022486965
"Conti_3.5_3.512" 11 13.8661872488629 1.30881134338324 11 11.3218704748764 1.08926788347956 11 7.24199640429245 0.682024411707369 3.5 3.5 "simulation4" 10.6000132052667 2.03333850810307
"Conti_3.5_3.513" 12 14.7201158054948 1.21157155006154 12 12.0463188503456 1.0148334818236 12 7.69723649796167 0.633409988057583 3.5 3.5 "simulation4" 10.9687823824002 2.00766668155663
"Conti_3.5_3.514" 13 15.483619485998 1.17223232749141 13 12.6870836344315 0.96184553106747 13 8.09470087500988 0.5929291099742 3.5 3.5 "simulation4" 11.4384168925443 2.34313805351538
"Conti_3.5_3.515" 14 16.155611956836 1.07246094246681 14 13.2509089332366 0.896878651730253 14 8.44997286254016 0.568555856821214 3.5 3.5 "simulation4" 11.8708853022237 2.21121636173464
"Conti_3.5_3.516" 15 16.7257618561954 1.0116204982597 15 13.7317839898541 0.831147962293534 15 8.74625979063651 0.502260301494343 3.5 3.5 "simulation4" 12.2117434212556 2.07351465171761
"Conti_3.5_3.517" 16 17.2108383058556 0.936539798422012 16 14.1382099600172 0.77856664060959 16 9.01152729853026 0.522032244594892 3.5 3.5 "simulation4" 12.6095110325578 2.23463666761031
"Conti_3.5_3.518" 17 17.6313570362126 0.911423534982035 17 14.4944954044814 0.754106212760093 17 9.25723305261074 0.478638887358357 3.5 3.5 "simulation4" 13.4090099335154 2.80215693521665
"Conti_3.5_3.519" 18 18.0134607468804 0.876491842404898 18 14.8210577403108 0.733675268309901 18 9.49168242096229 0.51061225424769 3.5 3.5 "simulation4" 13.8880569486032 2.93261405508208
"Conti_3.5_3.520" 19 18.3223259124307 0.791328961778425 19 15.091767431573 0.664361777843932 19 9.69929182462223 0.439954742318183 3.5 3.5 "simulation4" 14.4533557954753 3.34972752225678
"Conti_3.5_3.521" 20 18.5541700151639 0.743918692858818 20 15.2993319058471 0.626135016293079 20 9.86678837325414 0.445731202977926 3.5 3.5 "simulation4" 15.1128442473392 3.81947443645041
"Conti_3.5_3.522" 21 18.7301863337122 0.691410354732917 21 15.4557932167868 0.576179150667087 21 9.99886508211232 0.383271452092671 3.5 3.5 "simulation4" 15.4556601053966 3.72647552180157
"Conti_3.5_3.523" 22 18.8543897502578 0.657498603076003 22 15.5856892889449 0.579005984539802 22 10.1238079666632 0.430782225962972 3.5 3.5 "simulation4" 15.8054740235298 4.22249034695805
"Conti_3.5_3.524" 23 18.985383603221 0.701951719740288 23 15.6928386166712 0.533171648718136 23 10.2106862226905 0.313637251150584 3.5 3.5 "simulation4" 15.7116076311703 3.92516203018443
"Conti_3.5_3.525" 24 19.1052619270064 0.642547390957847 24 15.7343066516207 0.474848514711352 24 10.1758270127106 0.257582158019612 3.5 3.5 "simulation4" 15.6959283605103 4.00852799812961
"Conti_3.5_3.526" 25 19.1922668147579 0.650751851998635 25 15.8211573472499 0.613869275934165 25 10.3096269426001 0.591536721485419 3.5 3.5 "simulation4" 16.8426785439487 2.80008854895596
"Conti_3.5_3.527" 26 19.2825369898008 0.648635302035685 26 15.9793485869977 0.603289786165271 26 10.5991503914533 0.54003647897595 3.5 3.5 "simulation4" 16.3663271262775 2.74540055620004
"Conti_3.5_3.528" 27 19.3668360251504 0.644607483097776 27 16.08865825378 0.544599729577498 27 10.7988564190012 0.467891807834977 3.5 3.5 "simulation4" 16.0703557281309 2.50661410412143
"Conti_3.5_3.529" 28 19.44062788678 0.634282418889486 28 16.1737623871716 0.562986367253302 28 10.9589868069744 0.472759767398181 3.5 3.5 "simulation4" 16.3532664510105 3.00376878881292
"Conti_3.5_3.530" 29 19.5126351919085 0.64237714333622 29 16.2670678397947 0.558006949147127 29 11.1130277779949 0.458233677536995 3.5 3.5 "simulation4" 16.4204079481575 3.25105987805237
"Conti_3.5_3.531" 30 19.5701461588637 0.607517174464937 30 16.3401667482085 0.530881065729328 30 11.2421398297944 0.435002018909118 3.5 3.5 "simulation4" 16.3483718125926 3.29647678480387
"Conti_3.5_3.532" 31 19.5842917213538 0.564836357259318 31 16.3879915742058 0.512011084470275 31 11.3483117872766 0.421166104690624 3.5 3.5 "simulation4" 16.4986116563898 3.41849784474503
"Conti_3.5_3.533" 32 19.5701980322677 0.549989710934757 32 16.4042019510782 0.473708866104292 32 11.4344233981365 0.404351821174622 3.5 3.5 "simulation4" 16.4011421231824 3.36303152027055
"Conti_3.5_3.534" 33 19.5272732942508 0.506662957939338 33 16.4044582591483 0.479585492564737 33 11.5244062216048 0.430709951643089 3.5 3.5 "simulation4" 15.7788275864413 3.33739470061988
"Conti_3.5_3.535" 34 19.4569548961784 0.494319373474658 34 16.3926848623368 0.447390557884721 34 11.6200690085197 0.416657241883138 3.5 3.5 "simulation4" 15.6151234372431 3.40835024424415
"Conti_3.5_3.536" 35 19.3729591032377 0.473161293512642 35 16.3550959361394 0.429716355177138 35 11.6947304922255 0.394373078603144 3.5 3.5 "simulation4" 14.9599160858547 3.30998899850267
"Conti_3.5_3.537" 36 19.2751691259624 0.459739969264617 36 16.294145403978 0.397632828248226 36 11.7132650754472 0.322744686369789 3.5 3.5 "simulation4" 14.255376726972 3.19942600612816
"Conti_3.5_3.538" 37 19.1479059123174 0.411516917533912 37 16.2000100064766 0.363026798126919 37 11.6931415200226 0.316169169287134 3.5 3.5 "simulation4" 13.7223185983568 3.24186314357558
"Conti_3.5_3.539" 38 18.9951286266654 0.401064055016888 38 16.076325968263 0.335353611569232 38 11.6334402424555 0.246620406255531 3.5 3.5 "simulation4" 13.0657682356402 2.61493255972256
"Conti_3.5_3.540" 39 18.8108780047511 0.346257131296993 39 15.9269412877905 0.307498077164464 39 11.5227345453539 0.233561838211085 3.5 3.5 "simulation4" 12.4173970374472 2.5658388023526
"Conti_3.5_3.541" 40 18.6042450945024 0.343791859315726 40 15.7552248903242 0.287383199587117 40 11.3716276196263 0.185602849432238 3.5 3.5 "simulation4" 12.0016551934226 2.56433079352836
"Conti_3.5_3.542" 41 18.3988345133469 0.333271338380517 41 15.575288408174 0.28265512194292 41 11.1983745351243 0.200441869782325 3.5 3.5 "simulation4" 11.5309845410985 2.40880322654443
"Conti_3.5_3.543" 42 18.1821215359796 0.312303770188756 42 15.3944331198031 0.274350045931409 42 11.0530194640133 0.207988082507657 3.5 3.5 "simulation4" 11.0831768274683 2.34151357281619
"Conti_3.5_3.544" 43 17.9447992914879 0.287215345020878 43 15.2032550363945 0.25777618103211 43 10.9130869986747 0.202850188706309 3.5 3.5 "simulation4" 10.6496702395499 2.30500914073582
"Conti_3.5_3.545" 44 17.7062445040173 0.297352433227323 44 15.0110927498966 0.263049197765684 44 10.7714236986591 0.202220743899193 3.5 3.5 "simulation4" 10.1290229023161 2.15050200140566
"Conti_3.5_3.546" 45 17.488635456443 0.30764277171685 45 14.828354947555 0.261427611221021 45 10.6450279309294 0.213273872073344 3.5 3.5 "simulation4" 9.77006434790318 1.98753601765337
"Conti_3.5_3.547" 46 17.2790303348885 0.299949364658188 46 14.6428503634872 0.251977418133087 46 10.4996579512964 0.178816024591353 3.5 3.5 "simulation4" 9.41589454096381 2.04508714152094
"Conti_3.5_3.548" 47 17.0662624552214 0.29123735407664 47 14.4675875130514 0.266340359910318 47 10.3642587190771 0.21801875371933 3.5 3.5 "simulation4" 8.74858467642157 1.88562311682801
"Conti_3.5_3.549" 48 16.8443762279663 0.27249839917363 48 14.2903723510795 0.238307160494677 48 10.2433709235402 0.186130368431604 3.5 3.5 "simulation4" 8.38930782404648 1.78513108585884
"Conti_7.54_7.541" 0 0 0 0 0 0 0 0 0 7.54 7.54 "simulation5" 0 0
"Conti_7.54_7.542" 1 0.0901177062051597 0.311740062889927 1 0.0341845064237508 0.184605278450885 1 0.0208178877328678 0 7.54 7.54 "simulation5" 0 0
"Conti_7.54_7.543" 2 0.974186603196112 1.43613840388153 2 0.674084259028662 1.08334956327997 2 0.318282711240696 0.67930346202188 7.54 7.54 "simulation5" 0 0
"Conti_7.54_7.544" 3 2.63532204994633 1.86613731306882 3 1.95663536685014 1.45392094702974 3 1.16866502617044 0.980472333822133 7.54 7.54 "simulation5" 0.0627606272372983 0.0700106520109374
"Conti_7.54_7.545" 4 4.6780755051744 2.33275482056467 4 3.57875727928284 1.86660503115421 4 2.30560730164939 1.32758289390169 7.54 7.54 "simulation5" 0.653778619751089 0.484649079943421
"Conti_7.54_7.546" 5 6.95629753501856 2.45553256317439 5 5.44383746611247 2.03049847834668 5 3.6979631003207 1.54900784204187 7.54 7.54 "simulation5" 2.22678983711502 1.00931667022581
"Conti_7.54_7.547" 6 9.23850298567422 2.50027730148592 6 7.36077754466594 2.09888300026272 6 5.20361210360875 1.6416524806203 7.54 7.54 "simulation5" 4.93817335924659 1.28045949679059
"Conti_7.54_7.548" 7 11.4492427536296 2.46071066752118 7 9.24982272529593 2.09699224158516 7 6.70987337860218 1.65487889849106 7.54 7.54 "simulation5" 7.50972107919616 1.45634065690804
"Conti_7.54_7.549" 8 13.5682094727803 2.44914385643912 8 11.0723836553871 2.07703227850166 8 8.17323276877724 1.65062768731407 7.54 7.54 "simulation5" 9.64963891653166 1.72663490292447
"Conti_7.54_7.5410" 9 15.5723890673404 2.35078118044598 9 12.7691066070019 1.95925341489381 9 9.54893938660104 1.55397191350165 7.54 7.54 "simulation5" 11.6570233609286 2.17651763525914
"Conti_7.54_7.5411" 10 17.4241325993987 2.26249202804508 10 14.3175025208704 1.88053061101461 10 10.7693047074602 1.43612021501173 7.54 7.54 "simulation5" 13.2279811618213 2.51405565055649
"Conti_7.54_7.5412" 11 19.0557499886252 2.02859942078091 11 15.6866972548819 1.69886750487442 11 11.8388170332042 1.32737047417249 7.54 7.54 "simulation5" 15.0365231699186 3.37171813201103
"Conti_7.54_7.5413" 12 20.4535607868321 1.89962223628788 12 16.8855523424265 1.62719076237207 12 12.7721601728871 1.23562847593148 7.54 7.54 "simulation5" 15.9200350368217 3.2155041007244
"Conti_7.54_7.5414" 13 21.6672688842179 1.73803518473793 13 17.9749879015167 1.54095717181514 13 13.6487470588601 1.25957561095299 7.54 7.54 "simulation5" 16.7197070794642 3.72174088289888
"Conti_7.54_7.5415" 14 22.7034645660883 1.62221522436931 14 18.9377088403 1.4403480696446 14 14.479579186268 1.1833523262762 7.54 7.54 "simulation5" 17.775442046704 3.62453329398281
"Conti_7.54_7.5416" 15 23.6163361637884 1.55247349625892 15 19.773415233536 1.34968621009532 15 15.1800175370643 1.06167683840812 7.54 7.54 "simulation5" 18.633607381657 3.74296001850641
"Conti_7.54_7.5417" 16 24.4594330164508 1.53028093551461 16 20.5245626621651 1.31764638367483 16 15.7687925188859 1.00483788303481 7.54 7.54 "simulation5" 19.9591303638809 4.65328497494369
"Conti_7.54_7.5418" 17 25.2400327142592 1.47562403127088 17 21.2102301823611 1.26128217196875 17 16.288639221444 0.954262576058087 7.54 7.54 "simulation5" 21.1976749190789 4.87634750398765
"Conti_7.54_7.5419" 18 25.9522823100828 1.44276216900051 18 21.8362634971251 1.23929323643477 18 16.7494599644418 0.917473131346355 7.54 7.54 "simulation5" 21.848602956501 5.13941612241797
"Conti_7.54_7.5420" 19 26.6137558174975 1.41080287031794 19 22.411701562952 1.19483643265602 19 17.161632412711 0.885210877081748 7.54 7.54 "simulation5" 23.2327321467188 5.708207398425
"Conti_7.54_7.5421" 20 27.1986219103358 1.33267755204265 20 22.9241865907867 1.15439381487349 20 17.5407647207554 0.880101007863281 7.54 7.54 "simulation5" 24.5149227910491 5.76792140607497
"Conti_7.54_7.5422" 21 27.7107940956551 1.30342264444788 21 23.4172680831694 1.17571976409714 21 17.9426523866207 0.931345558019311 7.54 7.54 "simulation5" 25.4943074364773 5.9816735391558
"Conti_7.54_7.5423" 22 28.1808482685017 1.27056679872003 22 23.8541173317481 1.07235957954111 22 18.2580151826189 0.743680107438036 7.54 7.54 "simulation5" 25.6191845317714 6.18420231554276
"Conti_7.54_7.5424" 23 28.5769726454487 1.18748504511734 23 24.2051965196402 1.03869380634632 23 18.4687200240504 0.756752298558984 7.54 7.54 "simulation5" 26.6448910757631 6.73631016098807
"Conti_7.54_7.5425" 24 28.8965848769205 1.15041465541716 24 24.4999263307026 0.993363568610084 24 18.6637340158307 0.744368950802122 7.54 7.54 "simulation5" 27.1405701281289 7.32076605342108
"Conti_7.54_7.5426" 25 29.2063716746978 1.18340814856948 25 24.8637992268702 1.1769881606908 25 19.0787888303127 1.16567514052742 7.54 7.54 "simulation5" 28.7032184350329 4.87013093057473
"Conti_7.54_7.5427" 26 29.5472756229723 1.22087798777313 26 25.2915666641559 1.12399360098463 26 19.635996864147 1.02474185915338 7.54 7.54 "simulation5" 28.3780984918832 4.87173134202931
"Conti_7.54_7.5428" 27 29.8871818273124 1.20086991304105 27 25.6365057362537 1.06040744059849 27 20.0326910316108 0.933797523183674 7.54 7.54 "simulation5" 29.1105041545088 4.97873997405113
"Conti_7.54_7.5429" 28 30.1896114776095 1.16927050937322 28 25.9350457042513 1.04948186454224 28 20.396825978237 0.972785336157234 7.54 7.54 "simulation5" 29.1467589450333 4.99242234416043
"Conti_7.54_7.5430" 29 30.4405171875595 1.11731062974873 29 26.2012476766139 1.00720844286739 29 20.7557634764666 0.92962709000602 7.54 7.54 "simulation5" 29.4778741216455 5.20198868042928
"Conti_7.54_7.5431" 30 30.637453527449 1.07595304393089 30 26.4029557197757 0.941347800748025 30 21.029199314335 0.838162838007875 7.54 7.54 "simulation5" 30.048922746582 5.0402987417587
"Conti_7.54_7.5432" 31 30.7769579324369 1.01516706853855 31 26.5469459453061 0.908612292983855 31 21.2530539337243 0.848605081715384 7.54 7.54 "simulation5" 30.7039192089833 4.81544335917248
"Conti_7.54_7.5433" 32 30.8634890061679 0.983357838983053 32 26.670736788163 0.903743738604155 32 21.4774785719739 0.843656928098132 7.54 7.54 "simulation5" 30.887417856938 4.92961629925553
"Conti_7.54_7.5434" 33 30.9327624186652 0.979288643179744 33 26.7798242943463 0.882183904206675 33 21.6863238372237 0.829902237572329 7.54 7.54 "simulation5" 30.5448070998627 5.54434061667427
"Conti_7.54_7.5435" 34 30.9819589245765 0.943271604500252 34 26.8552746498565 0.843556694073428 34 21.8627036429134 0.787551330404449 7.54 7.54 "simulation5" 30.2100061223169 5.50408440602362
"Conti_7.54_7.5436" 35 30.9926746102437 0.912268649213837 35 26.8788538627201 0.78676785778671 35 21.9625423092492 0.693839565715227 7.54 7.54 "simulation5" 30.3871166331449 5.82343636556624
"Conti_7.54_7.5437" 36 30.992951306391 0.915315806520517 36 26.8629051976101 0.764268718246863 36 21.9910194512238 0.653991668186344 7.54 7.54 "simulation5" 29.7971275353627 5.90089327957357
"Conti_7.54_7.5438" 37 30.9530228140052 0.834699139617282 37 26.8100390090517 0.710561059289926 37 21.9813926063083 0.611279390457273 7.54 7.54 "simulation5" 29.3555610192624 5.22152407259572
"Conti_7.54_7.5439" 38 30.8655283846917 0.822381385638528 38 26.7140672060988 0.676790933225603 38 21.9079990264023 0.528838637441116 7.54 7.54 "simulation5" 28.5038650877448 5.54670773126406
"Conti_7.54_7.5440" 39 30.7601522797521 0.79057622321954 39 26.5854994407701 0.639673188779678 39 21.7688994080563 0.480781588791704 7.54 7.54 "simulation5" 28.0265865847691 5.70173660740909
"Conti_7.54_7.5441" 40 30.6420457889121 0.792465735186157 40 26.4364022512838 0.627995539989519 40 21.5999882551196 0.458742885763068 7.54 7.54 "simulation5" 27.092638493542 5.49852601389425
"Conti_7.54_7.5442" 41 30.5362063822856 0.800870820276128 41 26.2796709105668 0.615283388903492 41 21.4170903597588 0.443595443174146 7.54 7.54 "simulation5" 26.7196444846846 5.0475334952022
"Conti_7.54_7.5443" 42 30.4117921610232 0.75559290463009 42 26.1221237615071 0.614909913880685 42 21.2432992405944 0.462581065314356 7.54 7.54 "simulation5" 26.0668673640625 4.69109225915005
"Conti_7.54_7.5444" 43 30.2695095429424 0.75425009552483 43 25.9582239663302 0.589203852764725 43 21.0851894260286 0.464090716773189 7.54 7.54 "simulation5" 25.4197757417448 4.79287006753584
"Conti_7.54_7.5445" 44 30.0939376501835 0.676014445716315 44 25.7722049496969 0.564776924887447 44 20.9417087480655 0.479479137776858 7.54 7.54 "simulation5" 25.1004291803452 4.63514814950895
"Conti_7.54_7.5446" 45 29.8747299950676 0.66539633866092 45 25.5664774636204 0.539430708213108 45 20.7891061456178 0.436633828759254 7.54 7.54 "simulation5" 24.6141380632467 4.09906797343064
"Conti_7.54_7.5447" 46 29.6648827301516 0.672364627171468 46 25.3483446236315 0.527338301898437 46 20.599113009401 0.405553949732068 7.54 7.54 "simulation5" 24.6138544092227 4.6090963122706
"Conti_7.54_7.5448" 47 29.4335418777658 0.613788432476325 47 25.1221457517377 0.510005702692008 47 20.4119423778882 0.426195180908985 7.54 7.54 "simulation5" 24.0877383878697 4.20757995162865
"Conti_7.54_7.5449" 48 29.1803438497073 0.61987390375024 48 24.8923083129382 0.507106329566715 48 20.2317832956434 0.404027551422889 7.54 7.54 "simulation5" 23.6195947315958 4.41110291994289
"Conti_16.25_16.251" 0 0 0 0 0 0 0 0 0 16.25 16.25 "simulation6" 0 0
"Conti_16.25_16.252" 1 0.193331463188427 0.469802255711357 1 0.140763840284266 0.371516295077605 1 0.0790836310280414 0.265987299327077 16.25 16.25 "simulation6" 0.00184745770038348 0.00319989060189855
"Conti_16.25_16.253" 2 1.22248026676616 1.56859421786907 2 0.970522499917915 1.26397827028283 2 0.734435472541354 1.01616293849348 16.25 16.25 "simulation6" 0.00334393821923326 0.0057918708930834
"Conti_16.25_16.254" 3 3.0436694189742 2.07721886434037 3 2.43660160785636 1.66984529154048 3 1.89235771662225 1.29249989174127 16.25 16.25 "simulation6" 0.0497276118670074 0.0861307502927218
"Conti_16.25_16.255" 4 5.30033814680325 2.60262006898578 4 4.30194943207565 2.19272848116618 4 3.3776371749947 1.77184278366628 16.25 16.25 "simulation6" 0.642036539407439 0.409437212716473
"Conti_16.25_16.256" 5 8.01385554883377 3.11949500130568 5 6.62580669918581 2.68407994997184 5 5.23857007672722 2.12045836257987 16.25 16.25 "simulation6" 2.22915299180435 0.800731348698398
"Conti_16.25_16.257" 6 11.0972624305599 3.49916755070805 6 9.31060646149171 3.04352796904343 6 7.38723684701559 2.455343208859 16.25 16.25 "simulation6" 4.49807855274994 0.98195184870667
"Conti_16.25_16.258" 7 14.3975230346766 3.72713318120363 7 12.1605614792922 3.17763292324067 7 9.696396536662 2.56854124491172 16.25 16.25 "simulation6" 7.15752765914922 1.15985030393744
"Conti_16.25_16.259" 8 17.6564209825693 3.63262670685841 8 14.9769027730028 3.15672415984068 8 12.0054196592371 2.59948577806504 16.25 16.25 "simulation6" 9.84161130170088 1.67294147993751
"Conti_16.25_16.2510" 9 20.7357488800756 3.57410083468262 9 17.6139319913048 3.00569667520103 9 14.1850404281243 2.46381098307614 16.25 16.25 "simulation6" 12.5901908189988 2.01945599196063
"Conti_16.25_16.2511" 10 23.5696242018701 3.33251437447797 10 20.0491868815242 2.913959883896 10 16.2131748455543 2.4277247017604 16.25 16.25 "simulation6" 15.1343649255676 2.53544417582476
"Conti_16.25_16.2512" 11 26.1312276467258 3.2068066991819 11 22.2787319621752 2.74170629832582 11 18.0683670666617 2.24781969540108 16.25 16.25 "simulation6" 17.5368813592133 2.92725688018654
"Conti_16.25_16.2513" 12 28.4589354471397 3.01316770727468 12 24.3118695593 2.65756890262103 12 19.7904496707256 2.27014574463939 16.25 16.25 "simulation6" 19.5470120859195 3.12495222789143
"Conti_16.25_16.2514" 13 30.5586809098266 2.88623146978319 13 26.1910072059826 2.54351914640808 13 21.4150556642358 2.13869052923882 16.25 16.25 "simulation6" 21.1059294477519 2.89169677399749
"Conti_16.25_16.2515" 14 32.4238284820904 2.66271328573985 14 27.8746535242368 2.38070558189897 14 22.8416309397005 1.99071197477363 16.25 16.25 "simulation6" 23.0994656000851 3.3680844572938
"Conti_16.25_16.2516" 15 33.9921509859485 2.43474153053565 15 29.3388065755546 2.21917418609306 15 24.1227116534942 1.93598377456563 16.25 16.25 "simulation6" 24.889398466445 3.81321651203486
"Conti_16.25_16.2517" 16 35.3943124668165 2.40418141348623 16 30.6672959531876 2.19488371986024 16 25.3312385146864 1.91803414686825 16.25 16.25 "simulation6" 26.3674499867756 3.41098745652913
"Conti_16.25_16.2518" 17 36.6932601338836 2.29602790274673 17 31.934424448448 2.16113824384293 17 26.5138647457067 1.94784478431997 16.25 16.25 "simulation6" 28.2891937024474 3.61417128450831
"Conti_16.25_16.2519" 18 37.8455520873519 2.19990163386992 18 33.1128926849841 2.09059219349542 18 27.6634231583375 1.9072893088389 16.25 16.25 "simulation6" 29.3860352702799 4.27444962100515
"Conti_16.25_16.2520" 19 38.8738368983682 2.12025283558135 19 34.157433341184 1.97385269139129 19 28.6533765468582 1.72341939948278 16.25 16.25 "simulation6" 30.8954694420475 4.57480525468943
"Conti_16.25_16.2521" 20 39.8251247992684 2.10413527006485 20 35.0994489303392 1.94851670586828 20 29.5130349401736 1.70011403030536 16.25 16.25 "simulation6" 31.9498333086596 4.93934647769536
"Conti_16.25_16.2522" 21 40.7235167152525 2.07066531559734 21 35.9760831384255 1.8950830853636 21 30.2893629154873 1.60795149068351 16.25 16.25 "simulation6" 33.2062809280638 5.39669462540675
"Conti_16.25_16.2523" 22 41.5784290460378 2.06846442567642 22 36.7922643270593 1.88312676802685 22 30.9970613044663 1.60519204195558 16.25 16.25 "simulation6" 34.3836797341241 5.97502627512694
"Conti_16.25_16.2524" 23 42.4009925505705 2.05737021554606 23 37.5793325066987 1.88302791493925 23 31.6712273825818 1.58888427663181 16.25 16.25 "simulation6" 35.6377038214201 6.44962811318324
"Conti_16.25_16.2525" 24 43.1994115034613 2.07878038043501 24 38.3491086940742 1.90301644463411 24 32.3478513901008 1.68125927881537 16.25 16.25 "simulation6" 36.5321362525207 6.36654589605896
"Conti_16.25_16.2526" 25 44.1007466814692 2.30684764281207 25 39.2481275062253 2.18617740930169 25 33.3030404562056 2.11081140355943 16.25 16.25 "simulation6" 39.5977661491417 3.55593142770568
"Conti_16.25_16.2527" 26 45.085825694444 2.27622801229104 26 40.2895591493753 2.22047797770955 26 34.4280907656409 2.11854108931773 16.25 16.25 "simulation6" 39.8509237085858 3.36119909097868
"Conti_16.25_16.2528" 27 45.9997828990479 2.24869884062831 27 41.2880525986421 2.17804509872986 27 35.5042605106999 2.08310754517481 16.25 16.25 "simulation6" 40.8826476092644 3.82058031543835
"Conti_16.25_16.2529" 28 46.8818544122137 2.26691278271701 28 42.234536624064 2.18353211785723 28 36.533413836708 2.09548768914192 16.25 16.25 "simulation6" 41.6071953750367 4.04503643357218
"Conti_16.25_16.2530" 29 47.7641743392929 2.28879266061097 29 43.1695637095138 2.20122286726928 29 37.5542801683415 2.1206890145331 16.25 16.25 "simulation6" 43.2044845728488 4.6271419110187
"Conti_16.25_16.2531" 30 48.5797073563562 2.1913602439923 30 44.0511668611058 2.13380780704023 30 38.5480357093228 2.09896819019879 16.25 16.25 "simulation6" 44.6480721355576 4.94767815630732
"Conti_16.25_16.2532" 31 49.2989579697662 2.15697925827158 31 44.84872975873 2.09253364702515 31 39.4742311811245 2.04533273348839 16.25 16.25 "simulation6" 46.1121074002 5.71951010155859
"Conti_16.25_16.2533" 32 49.9833634327018 2.15771739877586 32 45.5790414467945 2.04878310848455 32 40.2894590258527 1.94581565614813 16.25 16.25 "simulation6" 47.1936351568676 5.63530146478275
"Conti_16.25_16.2534" 33 50.6420874972323 2.13963214503947 33 46.2639676011541 2.0421085999509 33 41.0526208480177 1.98315667879521 16.25 16.25 "simulation6" 48.2702005226623 5.37742934824898
"Conti_16.25_16.2535" 34 51.2366434388802 2.07143478841086 34 46.9147575069768 2.01516789665682 34 41.7757968855372 1.90343312884737 16.25 16.25 "simulation6" 48.9152928039787 6.42175189731748
"Conti_16.25_16.2536" 35 51.7506502943069 2.01915605189246 35 47.5009515509997 1.95655749665455 35 42.4051857433741 1.85368226467895 16.25 16.25 "simulation6" 48.8341615798253 6.56604453632153
"Conti_16.25_16.2537" 36 52.2060237949018 1.98188664883166 36 48.0245418573395 1.92776781648883 36 43.0048324901112 1.87563056248866 16.25 16.25 "simulation6" 48.9032678052728 7.10147099579009
"Conti_16.25_16.2538" 37 52.602930916379 1.92832901100712 37 48.507458390006 1.90194409122011 37 43.5912409232327 1.85710343299882 16.25 16.25 "simulation6" 49.3409267052017 7.29078964549131
"Conti_16.25_16.2539" 38 52.9395963483293 1.88409437947889 38 48.940295982968 1.85371049997511 38 44.141704681646 1.83727549879811 16.25 16.25 "simulation6" 49.7087256905423 6.70991169615622
"Conti_16.25_16.2540" 39 53.2097904132065 1.81313083363981 39 49.2973744711375 1.7773362040221 39 44.6279585812232 1.75875482536729 16.25 16.25 "simulation6" 50.1050178988489 7.44982208744776
"Conti_16.25_16.2541" 40 53.3915810993215 1.72819114180674 40 49.5642492002958 1.69870612094275 40 44.9988431422954 1.64701850402517 16.25 16.25 "simulation6" 50.3696112719199 6.5751083670842
"Conti_16.25_16.2542" 41 53.5063048230259 1.68625312027126 41 49.760936203807 1.64996947740649 41 45.2920992032997 1.62338702211139 16.25 16.25 "simulation6" 50.2935455949271 6.49561173175818
"Conti_16.25_16.2543" 42 53.5504952424433 1.59423630345818 42 49.8863142335397 1.56893025818217 42 45.5316658150688 1.55319923953263 16.25 16.25 "simulation6" 50.2605492283516 6.82333119319874
"Conti_16.25_16.2544" 43 53.5260492812137 1.55630615020003 43 49.9530871821761 1.54094973338392 43 45.7137506190402 1.52412641556084 16.25 16.25 "simulation6" 49.5502266276583 6.38507135530292
"Conti_16.25_16.2545" 44 53.4757202477463 1.53390718071466 44 49.9828359887338 1.49614380272812 44 45.8495039329551 1.47200175059426 16.25 16.25 "simulation6" 50.5419172445671 6.65281820827843
"Conti_16.25_16.2546" 45 53.3907067811503 1.48493465073401 45 49.9807855189886 1.47787850527427 45 45.9589998142958 1.47428049300541 16.25 16.25 "simulation6" 50.1332194645016 6.54968771827108
"Conti_16.25_16.2547" 46 53.277796878868 1.47142571267802 46 49.9477110552672 1.43145471437649 46 46.0251180470525 1.39210347871622 16.25 16.25 "simulation6" 49.9464898850605 6.52310489924365
"Conti_16.25_16.2548" 47 53.1350498224369 1.41584467459192 47 49.8688975681276 1.38726594050151 47 46.0353000562331 1.37217882639254 16.25 16.25 "simulation6" 49.0864085554963 5.0287174858263
"Conti_16.25_16.2549" 48 52.9437517366432 1.36898311287782 48 49.7536408563225 1.35324526713437 48 46.0236533495313 1.3433834133797 16.25 16.25 "simulation6" 49.687404959635 5.9836453477405
