"time" "Srxn1_max" "NRF2_max" "time2" "Srxn1_mean" "NRF2_mean" "time3" "Srxn1_min" "NRF2_min" "dose1" "dose2" "Simulation" "SRXN1_observed" "SRXN1_SD"
"Conti_0.1_0.11" 0 0 0 0 0 0 0 0 0 0.1 0.1 "simulation1" 0 0
"Conti_0.1_0.12" 1 0.064378372129991 0.140255659528795 1 0.0494311904204544 0.0467518865095985 1 0.045411018709921 0 0.1 0.1 "simulation1" 0.057125329297907 0.0799737453978686
"Conti_0.1_0.13" 2 0.139836663839024 0.0840412886843023 2 0.100846695252445 0.0280137628947674 2 0.0903589836370584 0 0.1 0.1 "simulation1" 0.0549096213179702 0.0784140422352227
"Conti_0.1_0.14" 3 0.205243343804626 0.104464975120466 3 0.14973702478526 0.0348216583734888 3 0.134850357476693 0 0.1 0.1 "simulation1" 0.0503744628452999 0.0730117670229702
"Conti_0.1_0.15" 4 0.277643198794006 0.121973533890252 4 0.200280376746845 0.0445639460616565 4 0.178887520198577 0 0.1 0.1 "simulation1" 0.0700634077245035 0.0965505429152337
"Conti_0.1_0.16" 5 0.356438516163608 0.13981715279174 5 0.251977599113782 0.0475616863256604 5 0.222476395178421 0 0.1 0.1 "simulation1" 0.0852120005409782 0.10201920250912
"Conti_0.1_0.17" 6 0.434133203411665 0.12152835705863 6 0.302522338497064 0.0405094523528767 6 0.265621361634966 0 0.1 0.1 "simulation1" 0.144703059701494 0.137379322957175
"Conti_0.1_0.18" 7 0.505216083070332 0.116402373637508 7 0.351218647674739 0.0388007912125026 7 0.308326944402776 0 0.1 0.1 "simulation1" 0.208344461257336 0.165308474872248
"Conti_0.1_0.19" 8 0.585404393339104 0.165223507522869 8 0.401370550270382 0.0550745025076229 8 0.350597617019674 0 0.1 0.1 "simulation1" 0.266145407913785 0.188414647994321
"Conti_0.1_0.110" 9 0.671285521808874 0.143924365645379 9 0.454477515940054 0.0611906776656453 9 0.392437806416672 0 0.1 0.1 "simulation1" 0.492676142576145 0.469793439906983
"Conti_0.1_0.111" 10 0.743951359433165 0.113107887650675 10 0.504329921361237 0.0377026292168918 10 0.43385189694726 0 0.1 0.1 "simulation1" 0.420227069068308 0.408203119424691
"Conti_0.1_0.112" 11 0.814369604373439 0.133324529153203 11 0.551378990874365 0.0444415097177343 11 0.474844228293012 0 0.1 0.1 "simulation1" 0.422682011761808 0.44290682894227
"Conti_0.1_0.113" 12 0.884288668088541 0.112212180473733 12 0.598126335265346 0.0374040601579112 12 0.515419095635991 0 0.1 0.1 "simulation1" 0.408454171467982 0.416573559588833
"Conti_0.1_0.114" 13 0.949898116735483 0.116933676098808 13 0.643632338529362 0.0389778920329359 13 0.555580750389081 0 0.1 0.1 "simulation1" 0.439369835627194 0.436281120820133
"Conti_0.1_0.115" 14 1.01566473223422 0.116214094242151 14 0.68885260863613 0.0387380314140504 14 0.595333400704893 0 0.1 0.1 "simulation1" 0.45654673405584 0.429206277627319
"Conti_0.1_0.116" 15 1.08475159015263 0.135006013207147 15 0.734468750193344 0.0450020044023822 15 0.634681211872611 0 0.1 0.1 "simulation1" 0.450474927138954 0.407814946308965
"Conti_0.1_0.117" 16 1.15174739693653 0.109365957733826 16 0.77931434111152 0.0364553192446088 16 0.673628306751221 0 0.1 0.1 "simulation1" 0.412250881099715 0.376220762501185
"Conti_0.1_0.118" 17 1.21299478489549 0.110267624148978 17 0.822631488529975 0.0367558747163261 17 0.712178766216409 0 0.1 0.1 "simulation1" 0.412517250248071 0.335255710189173
"Conti_0.1_0.119" 18 1.27194184644788 0.09965709652216 18 0.865156773783607 0.0332190321740533 18 0.75033662958488 0 0.1 0.1 "simulation1" 0.470686812523232 0.31656605854171
"Conti_0.1_0.120" 19 1.33103911266705 0.113964433338325 19 0.907398775143503 0.0379881444461084 19 0.78810589503713 0 0.1 0.1 "simulation1" 0.471952640720143 0.326368412100945
"Conti_0.1_0.121" 20 1.3917689755018 0.110557780248428 20 0.94968771205813 0.0368525934161426 20 0.825490520036371 0 0.1 0.1 "simulation1" 0.44603355415445 0.300392804747085
"Conti_0.1_0.122" 21 1.4510902905722 0.111660008969264 21 0.99137885133038 0.0372200029897548 21 0.862494421743191 0 0.1 0.1 "simulation1" 0.41324659271621 0.258548271963512
"Conti_0.1_0.123" 22 1.51169409748706 0.119810675122273 22 1.03304250117676 0.0399368917074244 22 0.899121477425998 0 0.1 0.1 "simulation1" 0.419891514332086 0.295590254235072
"Conti_0.1_0.124" 23 1.57301931208851 0.11859604540398 23 1.07456981068564 0.0395320151346599 23 0.935375524867271 0 0.1 0.1 "simulation1" 0.443482013048592 0.318625679718674
"Conti_0.1_0.125" 24 1.6340517915416 0.120558520870581 24 1.11574297317733 0.040186173623527 24 0.971260362765705 0 0.1 0.1 "simulation1" 0.428921721627147 0.289520950486815
"Conti_0.1_0.126" 25 1.69065690553372 0.099657844360729 25 1.15568631202725 0.0332192814535763 25 1.00677975113429 0 0.1 0.1 "simulation1" 0.396488215264983 0.267634976111507
"Conti_0.1_0.127" 26 1.74453641226395 0.10897294780305 26 1.19477095431068 0.0363243159343501 26 1.04193741169408 0 0.1 0.1 "simulation1" 0.314787160478213 0.244086201619895
"Conti_0.1_0.128" 27 1.79813974125487 0.0994898992602811 27 1.23351514589895 0.033163299753427 27 1.07673702826431 0 0.1 0.1 "simulation1" 0.241387155027867 0.11802733400089
"Conti_0.1_0.129" 28 1.84941252115592 0.100079259648602 28 1.27148718817017 0.0333597532162006 28 1.11118224714842 0 0.1 0.1 "simulation1" 0.300061838305534 0.23134211404953
"Conti_0.1_0.130" 29 1.90013847854215 0.0973705862964794 29 1.30906620945752 0.0324568620988265 29 1.14527667751608 0 0.1 0.1 "simulation1" 0.237936346787847 0.136913652141828
"Conti_0.1_0.131" 30 1.94662776150203 0.0810286144920405 30 1.34547712634895 0.0270095381640135 30 1.17902389178131 0 0.1 0.1 "simulation1" 0.189670763087937 0.117659502485944
"Conti_0.1_0.132" 31 1.99358392673013 0.101385588675765 31 1.38170999704456 0.0337951962252551 31 1.21242742597685 0 0.1 0.1 "simulation1" 0.228773476179088 0.16834682479345
"Conti_0.1_0.133" 32 2.04189126045277 0.0890908413789515 32 1.41797084471482 0.0296969471263172 32 1.24549078012464 0 0.1 0.1 "simulation1" 0.253327424691975 0.191183367185403
"Conti_0.32_0.321" 0 0 0 0 0 0 0 0 0 0.32 0.32 "simulation2" 0 0
"Conti_0.32_0.322" 1 0.117345397292068 0.369848408200736 1 0.06305415092791 0.13715230770434 1 0.045411018709921 0 0.32 0.32 "simulation2" 0 0
"Conti_0.32_0.323" 2 0.317268072864275 0.350733895378558 2 0.147119155566929 0.136008293931616 2 0.0903595717786328 0 0.32 0.32 "simulation2" 0 0
"Conti_0.32_0.324" 3 0.529903470642078 0.4406877556798 3 0.237748550846527 0.1833554418654 3 0.135153269038222 0.0143101442311029 0.32 0.32 "simulation2" 0 0
"Conti_0.32_0.325" 4 0.760556031541821 0.411342595625963 4 0.346400838945188 0.2150829515986 4 0.19194336182928 0.105881167500824 0.32 0.32 "simulation2" 0.00828953338419895 0.014357892992471
"Conti_0.32_0.326" 5 0.980330263295243 0.421093286369637 5 0.461283688205865 0.218243273884566 5 0.261790531897579 0.0983088305372479 0.32 0.32 "simulation2" 0.0726457410310782 0.0560832749113563
"Conti_0.32_0.327" 6 1.1966251832052 0.404965625140144 6 0.573173604787867 0.208258971258607 6 0.328545339378319 0.0999275620157221 0.32 0.32 "simulation2" 0.277987142850369 0.076990149046195
"Conti_0.32_0.328" 7 1.40354842645087 0.39921114024836 7 0.680193360493546 0.203105532220741 7 0.394386161384154 0.0951040706899597 0.32 0.32 "simulation2" 0.492508330817325 0.158777641792358
"Conti_0.32_0.329" 8 1.60097536613769 0.385111507240051 8 0.781579303919507 0.191900023355583 8 0.455182661313178 0.0774896602009954 0.32 0.32 "simulation2" 0.661294903885325 0.183736519941626
"Conti_0.32_0.3210" 9 1.81135094628321 0.435822121576751 9 0.889119002353729 0.227652546612993 9 0.516876905232608 0.1019884630219 0.32 0.32 "simulation2" 0.919340486601227 0.329346812986291
"Conti_0.32_0.3211" 10 2.00300874448134 0.334187472620461 10 0.992482098743154 0.178654058542941 10 0.579673304172807 0.0865994971140551 0.32 0.32 "simulation2" 0.930953442757749 0.351807102813421
"Conti_0.32_0.3212" 11 2.1628953872281 0.346133078217308 11 1.08246593230842 0.180604342376385 11 0.640170528692028 0.0954933364012968 0.32 0.32 "simulation2" 0.936998547848975 0.30036104808714
"Conti_0.32_0.3213" 12 2.32562709813151 0.343719348015768 12 1.17432416926684 0.187116639110011 12 0.70380297392905 0.105457601474639 0.32 0.32 "simulation2" 0.955659917982285 0.293517383741967
"Conti_0.32_0.3214" 13 2.49549999853165 0.379809691412895 13 1.26803294756175 0.193579479665018 13 0.767829119740063 0.0999190492088351 0.32 0.32 "simulation2" 0.940102701023423 0.236251198399335
"Conti_0.32_0.3215" 14 2.69618720112189 0.441903756760262 14 1.36673236625026 0.210280569964884 14 0.825795692271436 0.0752494223844495 0.32 0.32 "simulation2" 0.932367814422925 0.209189649091902
"Conti_0.32_0.3216" 15 2.90914440911579 0.423336430762411 15 1.46390706306482 0.191125379952402 15 0.876559265160384 0.0591426537049147 0.32 0.32 "simulation2" 0.810484446130564 0.0987991722985368
"Conti_0.32_0.3217" 16 3.10359852260361 0.396735203359176 16 1.55246041690765 0.179459555452019 16 0.922746027125443 0.0460047230643017 0.32 0.32 "simulation2" 0.969527291343628 0.190835314194444
"Conti_0.32_0.3218" 17 3.28075537731692 0.375632194259994 17 1.63475208268144 0.167216049837842 17 0.966141086075922 0.0424214327768241 0.32 0.32 "simulation2" 0.968525809529213 0.155676088331589
"Conti_0.32_0.3219" 18 3.45127888204092 0.380081368069238 18 1.71412318606939 0.170319821423448 18 1.0114123399096 0.0605052523645127 0.32 0.32 "simulation2" 1.00786285953118 0.139729326199286
"Conti_0.32_0.3220" 19 3.6238574777316 0.384109518423812 19 1.79591563515605 0.179781287155116 19 1.05635380768864 0.0448111959875197 0.32 0.32 "simulation2" 0.98882435816084 0.162208363059412
"Conti_0.32_0.3221" 20 3.78938345638295 0.363270623185544 20 1.87809476417396 0.175207057848047 20 1.10173510297403 0.0669361315555304 0.32 0.32 "simulation2" 0.954081634760399 0.159772930413838
"Conti_0.32_0.3222" 21 3.943453287428 0.353962853378121 21 1.95663035249862 0.167774539008609 21 1.14836804684086 0.0542540126546402 0.32 0.32 "simulation2" 0.820515479191409 0.160797935005803
"Conti_0.32_0.3223" 22 4.09514219324529 0.356829762267844 22 2.03068729373608 0.157585808907238 22 1.19027156050056 0.0402052985989494 0.32 0.32 "simulation2" 0.805556200506791 0.165059574576726
"Conti_0.32_0.3224" 23 4.2367763723456 0.327432014259932 23 2.09792168015627 0.140789949656145 23 1.2302536303934 0.0400147722135193 0.32 0.32 "simulation2" 0.786829561180437 0.182624478101048
"Conti_0.32_0.3225" 24 4.37413098803596 0.347508697476244 24 2.16349730073112 0.151629101622275 24 1.26956735560438 0.0377466774374676 0.32 0.32 "simulation2" 0.564457431495168 0.199097612314334
"Conti_0.32_0.3226" 25 4.51566420061514 0.343116592042876 25 2.22896022108241 0.141872046359309 25 1.30840234907339 0.0380096189013306 0.32 0.32 "simulation2" 0.677879748312176 0.304729782761125
"Conti_0.32_0.3227" 26 4.65366935427732 0.341830435360856 26 2.29106945867211 0.139427176243916 26 1.34447483934335 0.0178042767970574 0.32 0.32 "simulation2" 0.731422181368165 0.136556053331912
"Conti_0.32_0.3228" 27 4.78817725877899 0.334628251590708 27 2.35044055989485 0.130825606118067 27 1.37814347309956 0.0162705282617521 0.32 0.32 "simulation2" 0.568623108445606 0.0498755872514303
"Conti_0.32_0.3229" 28 4.91445259527976 0.316667743726597 28 2.40641250939316 0.126129157244756 28 1.41118524674051 0.013310489173911 0.32 0.32 "simulation2" 0.523032442089172 0.0682140581832576
"Conti_0.32_0.3230" 29 5.02457595910069 0.282930634075752 29 2.46104294828831 0.125734713817677 29 1.44339428999562 0.0108151993788039 0.32 0.32 "simulation2" 0.514954592605337 0.04215187805752
"Conti_0.32_0.3231" 30 5.12038524315677 0.267615447384845 30 2.51331026163615 0.116516823464097 30 1.47560001573361 0.0182524681141882 0.32 0.32 "simulation2" 0.462675530111357 0.0553092815404486
"Conti_0.32_0.3232" 31 5.20440868904774 0.241646787648494 31 2.56444253331006 0.122869670344955 31 1.509743923488 0.0335592229437069 0.32 0.32 "simulation2" 0.390988053564815 0.0954114315485951
"Conti_0.32_0.3233" 32 5.2818743878104 0.245792995558877 32 2.6156365468692 0.118322711044187 32 1.54454563590265 0.0276578859342243 0.32 0.32 "simulation2" 0.443351307430087 0.0693656569841261
"Conti_1_11" 0 0 0 0 0 0 0 0 0 1 1 "simulation3" 0 0
"Conti_1_12" 1 0.0569713037207428 0.112922389354349 1 0.0494358499582582 0.0599352121175789 1 0.045410630566617 0 1 1 "simulation3" 0.00449451269690404 0.00778472434630121
"Conti_1_13" 2 0.159070387629701 0.263649888855049 2 0.131784796749362 0.219552298622846 2 0.110997623095358 0.188708358713786 1 1 "simulation3" 0.00683569974006062 0.0118397792550704
"Conti_1_14" 3 0.383817535048118 0.549437446861098 3 0.317724904466593 0.462569819640675 3 0.262827293899705 0.369752249508426 1 1 "simulation3" 0.0125093483680936 0.0161300260227306
"Conti_1_15" 4 0.732044595427705 0.625033575858014 4 0.602730270224225 0.532129377731628 4 0.488773222255164 0.443622992980154 1 1 "simulation3" 0.0691224366951116 0.0467009123539102
"Conti_1_16" 5 1.08085515026885 0.578769271097823 5 0.887397824526688 0.485685009311983 5 0.707608325880427 0.373440686003902 1 1 "simulation3" 0.379343101292495 0.16947659478875
"Conti_1_17" 6 1.38920382820341 0.532124793325417 6 1.13801524634773 0.447486668547336 6 0.901078069685355 0.369413091530006 1 1 "simulation3" 0.973965564389581 0.380196166346788
"Conti_1_18" 7 1.66574667513568 0.495831523983405 7 1.36035885432095 0.406444271602731 7 1.07599867625482 0.310096351189071 1 1 "simulation3" 1.79250744595268 0.39358780072176
"Conti_1_19" 8 1.91886369434358 0.466661017013947 8 1.5628868238016 0.392232709270834 8 1.22059784053817 0.285245280959972 1 1 "simulation3" 2.24890409298316 0.417090848624139
"Conti_1_110" 9 2.13891821546542 0.404223337620798 9 1.76148043657692 0.39511194433363 9 1.38857581892805 0.382814043913847 1 1 "simulation3" 3.00359107841086 0.701560734195982
"Conti_1_111" 10 2.33091286585515 0.388180937645175 10 1.94887058847364 0.362875383620836 10 1.56640597746629 0.321677036941844 1 1 "simulation3" 3.13926172197856 0.674814776402803
"Conti_1_112" 11 2.52053285119332 0.397506141817347 11 2.12435666590224 0.362938522920855 11 1.72185427627702 0.323710965296163 1 1 "simulation3" 3.23337608545256 0.683243677839051
"Conti_1_113" 12 2.70996476483933 0.389655774555362 12 2.29476996791604 0.347562268529555 12 1.87740419872046 0.321852695296654 1 1 "simulation3" 3.30478246361783 0.610929777423527
"Conti_1_114" 13 2.88371754119919 0.354559081915879 13 2.44975520400043 0.316220885246508 13 2.02343488398066 0.289539710329305 1 1 "simulation3" 3.38466540845384 0.574680558971849
"Conti_1_115" 14 3.03979359280374 0.340416333460962 14 2.58464974295935 0.283459538933447 14 2.14342193808129 0.234594092332751 1 1 "simulation3" 3.44859974581759 0.62969999038401
"Conti_1_116" 15 3.19875352456389 0.362299874676541 15 2.70588303172715 0.269983912214995 15 2.23699671044753 0.194298602027879 1 1 "simulation3" 3.52767227270752 0.562581891155245
"Conti_1_117" 16 3.34751262075934 0.312711601292728 16 2.81845006055295 0.253506096357375 16 2.32739339645717 0.220086747621278 1 1 "simulation3" 3.54444747183315 0.652130697715131
"Conti_1_118" 17 3.47840475181544 0.306858151123589 17 2.92255958900333 0.24253264260491 17 2.41923736757287 0.200036432791607 1 1 "simulation3" 3.50612338013116 0.62995207120852
"Conti_1_119" 18 3.60650622712333 0.302955685091715 18 3.02278750943802 0.239994559050191 18 2.50287397108577 0.191683875670842 1 1 "simulation3" 3.59990949272407 0.748268527190212
"Conti_1_120" 19 3.72411215248258 0.276406355296407 19 3.11561483351834 0.217808181649119 19 2.57925794608056 0.17449619443386 1 1 "simulation3" 3.5538657220195 0.630492034290642
"Conti_1_121" 20 3.83803009705251 0.292267129784494 20 3.20741890918092 0.238252214368055 20 2.66024813309528 0.209424944439102 1 1 "simulation3" 3.4986876579461 0.569244053478737
"Conti_1_122" 21 3.94908772315162 0.269989347377616 21 3.29715953617855 0.211216422637058 21 2.73664002841436 0.159214463391318 1 1 "simulation3" 3.38377569502413 0.611163059657323
"Conti_1_123" 22 4.05871677431724 0.290926763160047 22 3.37667522545749 0.204018451087178 22 2.79981231415164 0.154888503153157 1 1 "simulation3" 3.31085984865087 0.556882103324053
"Conti_1_124" 23 4.1683876285823 0.271796011559898 23 3.45425183003874 0.203476330916609 23 2.86324426144622 0.159403021957426 1 1 "simulation3" 3.22849401217637 0.558206675959932
"Conti_1_125" 24 4.26894629003656 0.264075012799523 24 3.52720064616924 0.186715357195701 24 2.92051477868297 0.130908312523702 1 1 "simulation3" 3.12870970210586 0.61522915424309
"Conti_1_126" 25 4.36621252467888 0.260981818974435 25 3.59677676700733 0.192288193727196 25 2.97561882287692 0.151207043811315 1 1 "simulation3" 2.94381135565633 0.59512589378822
"Conti_1_127" 26 4.45791084449544 0.245490629695425 26 3.66288133072596 0.173569701915099 26 3.03131967080237 0.133936440770758 1 1 "simulation3" 2.87534160519679 0.636533552310086
"Conti_1_128" 27 4.53983817624708 0.228151973747973 27 3.72310284199643 0.169699345489421 27 3.08182387366034 0.130056832558281 1 1 "simulation3" 2.71921542170775 0.643383781052658
"Conti_1_129" 28 4.6162034787157 0.224222372811781 28 3.77910249840393 0.155994245659017 28 3.12861181826512 0.116443870543616 1 1 "simulation3" 2.56036935157251 0.62121267587862
"Conti_1_130" 29 4.68525139903698 0.200657991000217 29 3.83075533047298 0.151364135935839 29 3.17150636438968 0.110478496168279 1 1 "simulation3" 2.39343071522047 0.540828116929034
"Conti_1_131" 30 4.74827003555215 0.202680229688157 30 3.8775501300406 0.134159344665372 30 3.20772776053122 0.0802305565671738 1 1 "simulation3" 2.18758221910515 0.518550092937509
"Conti_1_132" 31 4.80942523272773 0.192140891336511 31 3.91809089775091 0.122398551754008 31 3.23417500372081 0.0544545285706088 1 1 "simulation3" 2.00526918311182 0.454178421412599
"Conti_1_133" 32 4.86225683865008 0.169259472396042 32 3.95280562966181 0.10450220403265 32 3.25577535484556 0.0469276317210688 1 1 "simulation3" 1.88251187859639 0.43792592396106
"Conti_3.16_3.161" 0 0 0 0 0 0 0 0 0 3.16 3.16 "simulation4" 0 0
"Conti_3.16_3.162" 1 0.0627918432349683 0.16945871611576 1 0.0479718168795008 0.0578760968953774 1 0.0454108820903912 0 3.16 3.16 "simulation4" 0 0
"Conti_3.16_3.163" 2 0.279054995199388 0.625509447902885 2 0.208305895296438 0.543854870814095 2 0.153562982873439 0.40015663445039 3.16 3.16 "simulation4" 0.00202925440838297 0.00351477173680243
"Conti_3.16_3.164" 3 0.815032513583275 1.02322200735721 3 0.632470929551358 0.820683164424531 3 0.442449760746703 0.596543364780435 3.16 3.16 "simulation4" 0.0252747064873936 0.0140564234141031
"Conti_3.16_3.165" 4 1.57683166395388 1.14839274962269 4 1.1960322611138 0.909854787464004 4 0.825787684389485 0.681686024113703 3.16 3.16 "simulation4" 0.174910830552785 0.0779236601794618
"Conti_3.16_3.166" 5 2.34761354902595 1.0852400869886 5 1.76103390163568 0.855708275548598 5 1.20954896143755 0.621971398604468 3.16 3.16 "simulation4" 0.873980942728269 0.257804702335581
"Conti_3.16_3.167" 6 3.05888342633839 1.05343898031339 6 2.28017359975281 0.825088999794172 6 1.55975929610793 0.611757021013786 3.16 3.16 "simulation4" 2.05620188476115 0.366221788305515
"Conti_3.16_3.168" 7 3.74463264313774 1.03742514482953 7 2.76611476088023 0.784499599837932 7 1.89443022203773 0.581023346322286 3.16 3.16 "simulation4" 3.30241690251415 0.436611370617311
"Conti_3.16_3.169" 8 4.38639929802918 0.961601031619352 8 3.20776458023342 0.729582733958084 8 2.18254344648659 0.505820515981072 3.16 3.16 "simulation4" 4.21122182401569 0.460472158074924
"Conti_3.16_3.1610" 9 4.90216712108167 0.788400585565917 9 3.61096716096518 0.701327867350802 9 2.4821299281478 0.614217321107096 3.16 3.16 "simulation4" 5.4980815407432 0.816811064288342
"Conti_3.16_3.1611" 10 5.34069462900972 0.777414829377173 10 3.9977971233518 0.696074730347002 10 2.81309052279096 0.588042139439853 3.16 3.16 "simulation4" 5.95474852749615 0.790892469722187
"Conti_3.16_3.1612" 11 5.78070489355542 0.788223850696584 11 4.37842091012141 0.690383251554649 11 3.11703284116762 0.556399284456823 3.16 3.16 "simulation4" 6.3138174254427 0.572483840651703
"Conti_3.16_3.1613" 12 6.17032015226778 0.664702967159959 12 4.71567936253296 0.585557052648662 12 3.38124448241785 0.489559612929208 3.16 3.16 "simulation4" 6.4515214807484 0.725962877823504
"Conti_3.16_3.1614" 13 6.4826925091422 0.60739505420182 13 5.00006003835 0.566428991192255 13 3.62656572277495 0.50700808885619 3.16 3.16 "simulation4" 6.79408543086871 0.508394646015449
"Conti_3.16_3.1615" 14 6.7543312878314 0.558261491384201 14 5.25948306860855 0.517948312957509 14 3.86583359195193 0.472886816821321 3.16 3.16 "simulation4" 7.04780409142015 0.58212969507747
"Conti_3.16_3.1616" 15 7.00138648172832 0.544690764382359 15 5.49382220475189 0.503276060577504 15 4.08291586669768 0.451224469964385 3.16 3.16 "simulation4" 7.14653476252536 0.465866088329269
"Conti_3.16_3.1617" 16 7.23772644393337 0.530370289045045 16 5.7179983512447 0.490688931789517 16 4.2855005212788 0.432402997380483 3.16 3.16 "simulation4" 7.20161308042132 0.600529733366214
"Conti_3.16_3.1618" 17 7.45655503386204 0.502109214467307 17 5.9269487376757 0.464221115039078 17 4.47057766112565 0.400754597009637 3.16 3.16 "simulation4" 7.38352707267437 0.574883758430435
"Conti_3.16_3.1619" 18 7.6616656907825 0.494932569731348 18 6.11787668841241 0.441624741969576 18 4.63042738980679 0.357384133516548 3.16 3.16 "simulation4" 7.37058209150282 0.671912732989611
"Conti_3.16_3.1620" 19 7.84963628724724 0.456771424860185 19 6.2868565065598 0.402709022789444 19 4.76532082867674 0.323517808281486 3.16 3.16 "simulation4" 7.32541021360967 0.745957980759153
"Conti_3.16_3.1621" 20 8.01903114312193 0.444853708753014 20 6.43885747884344 0.391717983533453 20 4.88700605954804 0.311839417487817 3.16 3.16 "simulation4" 7.41951508727132 0.680984509773761
"Conti_3.16_3.1622" 21 8.17537992708399 0.417494691385505 21 6.57666725334166 0.359304443316248 21 4.99135391528297 0.26726243124079 3.16 3.16 "simulation4" 7.36377688236809 0.769381653621519
"Conti_3.16_3.1623" 22 8.30765091383226 0.374375473132951 22 6.69791760181716 0.340725175848383 22 5.0874370420834 0.2847100231349 3.16 3.16 "simulation4" 7.33297792505161 0.869688364963984
"Conti_3.16_3.1624" 23 8.41559400247362 0.344290445203496 23 6.80318631539179 0.307883538832024 23 5.18488802162733 0.269607698908369 3.16 3.16 "simulation4" 7.2488097653438 0.886930824656869
"Conti_3.16_3.1625" 24 8.51537705951992 0.347375068327185 24 6.89563205261794 0.299153482844302 24 5.26756879698403 0.235920731000649 3.16 3.16 "simulation4" 7.09649129610483 0.944740481203016
"Conti_3.16_3.1626" 25 8.61088618850262 0.331628367852931 25 6.98213021405056 0.28682266224336 25 5.33898168337475 0.228107128909907 3.16 3.16 "simulation4" 6.88498615510133 0.993443321511684
"Conti_3.16_3.1627" 26 8.70192985832245 0.335056214432929 26 7.05999400586751 0.269897408680806 26 5.403235019679 0.207083893749182 3.16 3.16 "simulation4" 6.55704094761415 0.978602537299626
"Conti_3.16_3.1628" 27 8.7889616390958 0.319293088822125 27 7.12748779839585 0.24945827135492 27 5.4589156355425 0.190009485121631 3.16 3.16 "simulation4" 6.25545997440033 0.916834037576126
"Conti_3.16_3.1629" 28 8.86702376120638 0.307467817708552 28 7.18150987213588 0.219700944766133 28 5.49174869705817 0.107490121488018 3.16 3.16 "simulation4" 5.96444463201287 0.895987599209322
"Conti_3.16_3.1630" 29 8.9370514290712 0.292843293425716 29 7.22282916492361 0.200100670581831 29 5.50409469616217 0.0897701451429974 3.16 3.16 "simulation4" 5.71327080213037 0.860440105671179
"Conti_3.16_3.1631" 30 8.99970384769263 0.284496114370324 30 7.25642219181287 0.188349748714837 30 5.51229015566167 0.0801231052913477 3.16 3.16 "simulation4" 5.3172702130404 0.744939587215007
"Conti_3.16_3.1632" 31 9.06342966040449 0.295523464508107 31 7.28892660018006 0.193087335873977 31 5.52281195106403 0.101079321745868 3.16 3.16 "simulation4" 4.96111737801742 0.852613439274184
"Conti_3.16_3.1633" 32 9.12243517865931 0.267374478175775 32 7.31516477089568 0.159851361001237 32 5.53518060356096 0.0894004670559758 3.16 3.16 "simulation4" 4.67174826761735 0.876701292891075
"Conti_10_101" 0 0 0 0 0 0 0 0 0 10 10 "simulation5" 0 0
"Conti_10_102" 1 0.0613280980811072 0.205539699243165 1 0.0518830265094807 0.132184562336932 1 0.0476887437412412 0.0562448214566751 10 10 "simulation5" 0.00255317191082353 0.00442222347000408
"Conti_10_103" 2 0.53964244688422 1.27738090933002 2 0.410004057325419 1.03678173733499 2 0.333552156724092 0.912505387137473 10 10 "simulation5" 0.00433901832827193 0.00751540019953955
"Conti_10_104" 3 1.68626014770421 1.62217807244527 3 1.25247646713705 1.26429741301875 3 1.00091265924488 1.02751593543907 10 10 "simulation5" 0.0272037216871044 0.0254630282602143
"Conti_10_105" 4 3.03103351034185 1.72179365801596 4 2.19525723601975 1.31767617793265 4 1.68460938354594 1.01809671822212 10 10 "simulation5" 0.251728872196285 0.10488533436472
"Conti_10_106" 5 4.39565176238853 1.71132231711057 5 3.16677271791017 1.35697701076517 5 2.40442206909595 1.12798217852863 10 10 "simulation5" 1.195468205385 0.283183678308208
"Conti_10_107" 6 5.78354458414032 1.79324177039068 6 4.17573386423705 1.41004108537701 6 3.21788659521118 1.2152353950746 10 10 "simulation5" 2.74924492226405 0.491856496031761
"Conti_10_108" 7 7.2297347171412 1.82613028834322 7 5.21708524160415 1.43203606599998 7 4.04915769921463 1.18457550655405 10 10 "simulation5" 4.38401158579886 0.578033963012921
"Conti_10_109" 8 8.6536088858376 1.7847213201773 8 6.219032922095 1.36528877515207 8 4.83835602068895 1.1494300340519 10 10 "simulation5" 5.83526640735781 0.636435421505577
"Conti_10_1010" 9 10.0151431781565 1.75084101289145 9 7.19611409557275 1.40449822041319 9 5.5537476316019 1.05206088064311 10 10 "simulation5" 7.32762741443298 0.664997152593314
"Conti_10_1011" 10 11.3389566467228 1.73090309175017 10 8.17305224021939 1.37186866241898 10 6.21539947632414 1.05219634595592 10 10 "simulation5" 8.31079084414847 0.854026988591068
"Conti_10_1012" 11 12.5227065517103 1.52859843857421 11 9.07677003091366 1.2901450534694 11 6.86647694119697 1.0371773192387 10 10 "simulation5" 8.86517461622848 0.783544087725059
"Conti_10_1013" 12 13.5733107644844 1.50856878285487 12 9.92117386746152 1.27035608412541 12 7.50262782531213 1.03139181231841 10 10 "simulation5" 9.40440661116098 0.857865380250877
"Conti_10_1014" 13 14.55519214782 1.40748509906788 13 10.7122661723596 1.19610637342391 13 8.1022696593907 0.962906054742976 10 10 "simulation5" 9.77232072509183 0.798860023158587
"Conti_10_1015" 14 15.4550171631133 1.37750495930561 14 11.4388125593556 1.15597191005267 14 8.62449100482977 0.888229169419319 10 10 "simulation5" 10.0770310308843 0.743114560242506
"Conti_10_1016" 15 16.2961115697129 1.31022071123935 15 12.112765027676 1.10052827787877 15 9.11308750869778 0.886078441646904 10 10 "simulation5" 10.3934761976541 0.828286092854579
"Conti_10_1017" 16 17.103240037068 1.32635009424733 16 12.7461216619877 1.08464756831383 16 9.58217959078011 0.851482347888903 10 10 "simulation5" 10.7654785782702 0.872763212416279
"Conti_10_1018" 17 17.9020961464134 1.30040824356611 17 13.3627202683368 1.06977120226588 17 10.034832854146 0.859484719623916 10 10 "simulation5" 10.87856398912 0.847441505106566
"Conti_10_1019" 18 18.6489651383014 1.24093859215511 18 13.9303142446068 0.99453196899707 18 10.4709133960121 0.819790616890478 10 10 "simulation5" 11.0414885250137 0.645017091475601
"Conti_10_1020" 19 19.3254162322984 1.18016892382874 19 14.4442243064479 0.969573984856179 19 10.8702164460563 0.788828326193819 10 10 "simulation5" 11.0813383464998 0.895992085019996
"Conti_10_1021" 20 19.9768619440481 1.1959620845982 20 14.9469740988937 0.971423586790241 20 11.2537702128978 0.785389289602928 10 10 "simulation5" 11.3152304338898 0.886993712931733
"Conti_10_1022" 21 20.5939219849785 1.12205878449269 21 15.4173547968323 0.908448756620781 21 11.6126097284146 0.732927796137615 10 10 "simulation5" 11.2871161787737 0.907312969394079
"Conti_10_1023" 22 21.1754181236953 1.13301448975035 22 15.8464451144588 0.889588938483148 22 11.9379423505918 0.71602924788213 10 10 "simulation5" 11.5045712244754 0.989315696299998
"Conti_10_1024" 23 21.7172353181078 1.04580170696366 23 16.2438975419414 0.841063489620814 23 12.2443089462676 0.689204609211516 10 10 "simulation5" 11.2756169668582 1.16080905041317
"Conti_10_1025" 24 22.1899016984159 1.00428350329443 24 16.6012092740323 0.806605949277491 24 12.527001678532 0.661922475645943 10 10 "simulation5" 11.1461228695606 1.32326064716758
"Conti_10_1026" 25 22.6380227499295 0.998277038009062 25 16.9356386616393 0.791828295328089 25 12.7816726183557 0.620621631249158 10 10 "simulation5" 11.0947229445564 1.22239756375061
"Conti_10_1027" 26 23.0784979539302 0.990970452630118 26 17.2520427281153 0.766726299767736 26 12.9966843920405 0.56384402150422 10 10 "simulation5" 10.9641358871447 1.28976881221272
"Conti_10_1028" 27 23.4784916422372 0.91154662267292 27 17.5358728540732 0.71788006485083 27 13.1802121285803 0.539594664850733 10 10 "simulation5" 10.8133513757077 1.48233057327706
"Conti_10_1029" 28 23.8126090198203 0.855286410137085 28 17.7746068199515 0.660334240680653 28 13.3488991699894 0.521772949853264 10 10 "simulation5" 10.545969237917 1.5676688736874
"Conti_10_1030" 29 24.08646379171 0.779636191004205 29 17.9696556364254 0.610594489734438 29 13.4966482259817 0.483569011323398 10 10 "simulation5" 10.0768239802572 1.48758483009674
"Conti_10_1031" 30 24.3233648835183 0.76507949387907 30 18.1362145335827 0.586279159004837 30 13.6234434593939 0.465157561631108 10 10 "simulation5" 9.58397092834751 1.35758610891206
"Conti_10_1032" 31 24.5249793962856 0.68987983809785 31 18.2812478272673 0.552622597661688 31 13.7390292522409 0.449018328429227 10 10 "simulation5" 9.36802207747708 1.43597697545527
"Conti_10_1033" 32 24.6752426456797 0.6453942036986 32 18.4012347396989 0.519359103647315 32 13.834564823739 0.405458408993506 10 10 "simulation5" 8.87895717848819 1.5842219602682
"Conti_31.62_31.621" 0 0 0 0 0 0 0 0 0 31.62 31.62 "simulation6" 0 0
"Conti_31.62_31.622" 1 0.0994706342195141 0.365694093336732 1 0.0722482279165701 0.248077515374607 1 0.0553500214869812 0.155365288374495 31.62 31.62 "simulation6" 0.0025066729132283 0.00434168484366811
"Conti_31.62_31.623" 2 0.610968939443143 1.20961665722905 2 0.501641194844553 1.11008338735217 2 0.453972141526311 1.03847942060029 31.62 31.62 "simulation6" 0.00746087666741124 0.0117048069065187
"Conti_31.62_31.624" 3 1.63471955072486 1.48339938640721 3 1.37110842837378 1.26207761355992 3 1.16933877431388 1.05523046267975 31.62 31.62 "simulation6" 0.0478418655983071 0.0436292938340369
"Conti_31.62_31.625" 4 2.88654786741434 1.71004927302591 4 2.35220037456691 1.41491167533369 4 1.90214687855972 1.11970443069677 31.62 31.62 "simulation6" 0.383266085624811 0.160887460854622
"Conti_31.62_31.626" 5 4.35484436348399 1.89339298643051 5 3.48617899473058 1.57531732779417 5 2.74579898075916 1.29990025630772 31.62 31.62 "simulation6" 1.67592824764366 0.449376526539374
"Conti_31.62_31.627" 6 5.95446276484229 1.97241296735968 6 4.75484081031511 1.6850981941827 6 3.79811237235466 1.52091217681335 31.62 31.62 "simulation6" 3.82405302618128 0.707033720677949
"Conti_31.62_31.628" 7 7.65445379092461 2.09554350303559 7 6.10751075453357 1.75524335150597 7 4.95822135745049 1.54415967384991 31.62 31.62 "simulation6" 6.1310810530095 1.02715939371345
"Conti_31.62_31.629" 8 9.45579854413632 2.16772892498395 8 7.51365471948384 1.81583935166381 8 6.14394234005458 1.60827558295011 31.62 31.62 "simulation6" 8.54044206598519 1.0808476656546
"Conti_31.62_31.6210" 9 11.3392992260405 2.25574086830036 9 9.03358150689889 1.9638187393687 9 7.4192487579389 1.71300137221539 31.62 31.62 "simulation6" 10.8517402170956 0.600055017895891
"Conti_31.62_31.6211" 10 13.2564703393448 2.24595341961629 10 10.6027480782751 1.91922312293789 10 8.72024014107704 1.67663213601869 31.62 31.62 "simulation6" 13.0105188255218 0.674894530585433
"Conti_31.62_31.6212" 11 15.0885206623544 2.16222359255972 11 12.0824314424665 1.85732172843647 11 9.96815975981717 1.65242503113074 31.62 31.62 "simulation6" 14.6870774140134 0.722034697180818
"Conti_31.62_31.6213" 12 16.824021329957 2.13009134313544 12 13.5010315093718 1.84235417280923 12 11.1782041489691 1.62763902936171 31.62 31.62 "simulation6" 16.1276635109183 0.563381280528817
"Conti_31.62_31.6214" 13 18.5514228853672 2.1607857900179 13 14.906916028668 1.84975587809184 13 12.3381816170657 1.58032608086665 31.62 31.62 "simulation6" 17.0011893605 0.956141072668164
"Conti_31.62_31.6215" 14 20.2071319516173 2.04022336621375 14 16.2620098731812 1.77751737662795 14 13.4174804544692 1.50206407173675 31.62 31.62 "simulation6" 17.8315490312452 1.35787918401653
"Conti_31.62_31.6216" 15 21.7261649019283 1.97415140083328 15 17.5234626110307 1.71641586251475 15 14.4078220516716 1.43870943909914 31.62 31.62 "simulation6" 18.9295388653388 1.6311784291288
"Conti_31.62_31.6217" 16 23.1619976983406 1.92129641395345 16 18.7150771703964 1.67516420430723 16 15.349466850209 1.42418396140746 31.62 31.62 "simulation6" 19.4963528329965 1.8141109037556
"Conti_31.62_31.6218" 17 24.5279414878799 1.87797662909016 17 19.8587022141508 1.64858143590397 17 16.2536064148483 1.38459211767807 31.62 31.62 "simulation6" 19.6568767897645 1.86915842435431
"Conti_31.62_31.6219" 18 25.8247271819444 1.83322781348114 18 20.9534002983985 1.60992873870481 18 17.1263541204571 1.37816065722916 31.62 31.62 "simulation6" 20.1292688708918 1.71309941455141
"Conti_31.62_31.6220" 19 27.1243642882846 1.89558668287435 19 22.0266753065387 1.62557191808614 19 17.9662563729643 1.33457698210078 31.62 31.62 "simulation6" 20.6424214030457 1.72905945355
"Conti_31.62_31.6221" 20 28.4127528045573 1.8335594555076 20 23.0726029504383 1.57909136735479 20 18.7639806168757 1.31715444126516 31.62 31.62 "simulation6" 21.1065647071371 1.90673268142879
"Conti_31.62_31.6222" 21 29.6535435965907 1.83817640373933 21 24.0844455779151 1.58290456761503 21 19.5443644021969 1.3124923068146 31.62 31.62 "simulation6" 20.9874801702825 2.26389034233281
"Conti_31.62_31.6223" 22 30.8326933620155 1.74887020779537 22 25.0600897789081 1.53058449091984 22 20.3025708204206 1.29102680468802 31.62 31.62 "simulation6" 20.9094275913949 1.99025086326035
"Conti_31.62_31.6224" 23 31.9508976669027 1.75003973288624 23 25.9977672324984 1.53066738023477 23 21.0544988002733 1.31390802619835 31.62 31.62 "simulation6" 20.9962438111488 2.20933999893119
"Conti_31.62_31.6225" 24 32.9964630989682 1.6415258934702 24 26.8992823088631 1.47816696256117 24 21.807805999495 1.30210363067526 31.62 31.62 "simulation6" 20.7046218395641 2.37514013169973
"Conti_31.62_31.6226" 25 33.9604138800857 1.62655088007541 25 27.7503113060965 1.45747850713921 25 22.518830432375 1.2511571784383 31.62 31.62 "simulation6" 20.9799883531154 2.49986289767177
"Conti_31.62_31.6227" 26 34.9193710510278 1.64106790069757 26 28.5804825633722 1.45023706575846 26 23.1974888916105 1.25150771032911 31.62 31.62 "simulation6" 20.8101851428674 2.3979927858979
"Conti_31.62_31.6228" 27 35.8553490922787 1.60386183205975 27 29.3853089979984 1.42465280296789 27 23.853409875051 1.2182879133683 31.62 31.62 "simulation6" 20.6842150693769 2.55082955054931
"Conti_31.62_31.6229" 28 36.7685858485715 1.61710631342635 28 30.1626832357621 1.41229935856341 28 24.4851120864131 1.21286647031447 31.62 31.62 "simulation6" 20.6087785126307 2.49924842680105
"Conti_31.62_31.6230" 29 37.6616907429477 1.58007486022097 29 30.9057082925865 1.37241531358633 29 25.0754469633723 1.14177041162641 31.62 31.62 "simulation6" 20.2802064090908 2.97588111863358
"Conti_31.62_31.6231" 30 38.5107547293052 1.55280987769438 30 31.6045835796404 1.34178077218279 30 25.6166175817202 1.12866155440389 31.62 31.62 "simulation6" 20.2542169377777 2.77712850899933
"Conti_31.62_31.6232" 31 39.2968735212194 1.48174946638988 31 32.2610165934816 1.30192415437066 31 26.1313273822625 1.08879638585772 31.62 31.62 "simulation6" 20.0113463827466 2.79669307113243
"Conti_31.62_31.6233" 32 40.0287365927167 1.46843123901278 32 32.8772100766293 1.27507121580896 32 26.5873706191206 1.01430931002828 31.62 31.62 "simulation6" 19.8023245935868 2.94626133104468
