"time" "Srxn1_max" "NRF2_max" "time2" "Srxn1_mean" "NRF2_mean" "time3" "Srxn1_min" "NRF2_min" "dose1" "dose2" "Simulation" "SRXN1_observed" "SRXN1_SD"
"Conti_0.1_0.11" 0 0 0 0 0 0 0 0 0 0.1 0.1 "simulation1" 0 0
"Conti_0.1_0.12" 1 0.0544509809084024 0.080343379137727 1 0.0483917261695562 0.0365592048272522 1 0.045411018709921 0 0.1 0.1 "simulation1" 0.00455682374803401 0.00789265025273135
"Conti_0.1_0.13" 2 0.108230978639886 0.0117166882237594 2 0.0961168287439819 0.00390556274125312 2 0.0903589836370584 0 0.1 0.1 "simulation1" 0 0
"Conti_0.1_0.14" 3 0.160672755062748 0.0794941243399867 3 0.143443966867095 0.0383247522221812 3 0.134850357476693 0 0.1 0.1 "simulation1" 0 0
"Conti_0.1_0.15" 4 0.219800830800875 0.0632713144571989 4 0.19400101631717 0.040423274859613 4 0.178887520198577 0 0.1 0.1 "simulation1" 0 0
"Conti_0.1_0.16" 5 0.284471749888857 0.115788476416331 5 0.245682205291496 0.0515882661769616 5 0.222476395178421 0 0.1 0.1 "simulation1" 0.0196044852596801 0.0339559645260011
"Conti_0.1_0.17" 6 0.349688113425469 0.0692275580513186 6 0.296313117633888 0.0359921104791706 6 0.265621361634966 0 0.1 0.1 "simulation1" 0.0862589655254466 0.0599562014449025
"Conti_0.1_0.18" 7 0.405183474080215 0.0699392120104743 7 0.344142298304034 0.0366911816631011 7 0.308326944402776 0 0.1 0.1 "simulation1" 0.191920631002405 0.0791785863750381
"Conti_0.1_0.19" 8 0.465732749092676 0.101094371396279 8 0.395091716345855 0.0631241364814096 8 0.350597617019674 0 0.1 0.1 "simulation1" 0.269022298541306 0.145695779627004
"Conti_0.1_0.110" 9 0.535944555926112 0.127291539624838 9 0.451674284057122 0.0779870021223359 9 0.392437806416672 0 0.1 0.1 "simulation1" 0.331311583757579 0.177748421467099
"Conti_0.1_0.111" 10 0.615733127832413 0.150343042514947 10 0.510413699780311 0.0809820267112898 10 0.43385189694726 0 0.1 0.1 "simulation1" 0.341357758557848 0.207461732973935
"Conti_0.1_0.112" 11 0.690129666921131 0.109942953976063 11 0.567409696836658 0.0711893090257495 11 0.474844228293012 0 0.1 0.1 "simulation1" 0.358529512543967 0.218248417582644
"Conti_0.1_0.113" 12 0.756043408825276 0.10887675229805 12 0.619813957546058 0.0571878953278885 12 0.515419095635991 0 0.1 0.1 "simulation1" 0.365152268659605 0.243600744918032
"Conti_0.1_0.114" 13 0.823504237209041 0.121678647975606 13 0.671673326385567 0.0695352812196506 13 0.555580750389081 0 0.1 0.1 "simulation1" 0.394895674768612 0.214049595548816
"Conti_0.1_0.115" 14 0.891343071345539 0.112812567606724 14 0.723356309084263 0.0585149682969478 14 0.595333400704893 0 0.1 0.1 "simulation1" 0.428464161282935 0.277432497932536
"Conti_0.1_0.116" 15 0.95514242202714 0.104275558394785 15 0.773012535613568 0.0601407193620829 15 0.634681211872611 0 0.1 0.1 "simulation1" 0.419929412953641 0.264447815805204
"Conti_0.1_0.117" 16 1.01300219560301 0.0863576685450057 16 0.821319106347838 0.0521629118740951 16 0.673628306751221 0 0.1 0.1 "simulation1" 0.339171724319983 0.269159702139243
"Conti_0.1_0.118" 17 1.07390922733646 0.121671855870745 17 0.868473477215788 0.0550754428523561 17 0.712178766216409 0 0.1 0.1 "simulation1" 0.32360091731048 0.272458813001221
"Conti_0.1_0.119" 18 1.13886074752532 0.106486609163655 18 0.914467434823439 0.0462728552534206 18 0.75033662958488 0 0.1 0.1 "simulation1" 0.33326659231964 0.304093089478495
"Conti_0.1_0.120" 19 1.19219247704172 0.0669955562158658 19 0.95793690079854 0.0406579008261322 19 0.78810589503713 0 0.1 0.1 "simulation1" 0.363571716815508 0.347581523712247
"Conti_0.1_0.121" 20 1.24187512715479 0.0899346754339351 20 1.00043429342543 0.0409447019851253 20 0.825490520036371 0 0.1 0.1 "simulation1" 0.352741388601871 0.365746655943162
"Conti_0.1_0.122" 21 1.30166935135437 0.122810058134827 21 1.04399517502209 0.053113978098726 21 0.862494421743191 0 0.1 0.1 "simulation1" 0.398906939533119 0.364789229899895
"Conti_0.1_0.123" 22 1.36653671939222 0.120066737045803 22 1.08843338535952 0.0498439425250444 22 0.899121477425998 0 0.1 0.1 "simulation1" 0.397848730420871 0.447522473662148
"Conti_0.1_0.124" 23 1.42811891497731 0.109929750048386 23 1.13199746888182 0.0506934878814696 23 0.935375524867271 0 0.1 0.1 "simulation1" 0.338827742619939 0.422790173289598
"Conti_0.1_0.125" 24 1.47990987503987 0.0793158969335038 24 1.17379942135577 0.0453231761319034 24 0.971260362765705 0 0.1 0.1 "simulation1" 0.353253696038762 0.471643229057851
"Conti_0.1_0.126" 25 1.55008041797955 0.191187391259183 25 1.22689867407459 0.116496812157156 25 1.00677975113429 0 0.1 0.1 "simulation1" 0.442273321501446 0.518007661833521
"Conti_0.1_0.127" 26 1.61672440969902 0.0611243723480767 26 1.27637944790817 0.0272397332725799 26 1.04193741169408 0 0.1 0.1 "simulation1" 0.297724588252255 0.337763416700816
"Conti_0.1_0.128" 27 1.65346633985096 0.039249778304971 27 1.31127494693435 0.0171113027111596 27 1.07673702826431 0 0.1 0.1 "simulation1" 0.31898569299998 0.373342451101988
"Conti_0.1_0.129" 28 1.68881390804822 0.0456415245835869 28 1.34558123027711 0.0216816883543732 28 1.11118224714842 0 0.1 0.1 "simulation1" 0.309619221223064 0.341877822627958
"Conti_0.1_0.130" 29 1.72915863077061 0.0736457522665069 29 1.38168807697334 0.0365813117288323 29 1.14527667751608 0 0.1 0.1 "simulation1" 0.330304097510995 0.378185198574363
"Conti_0.1_0.131" 30 1.77022072495404 0.0535184088191322 30 1.41840805074457 0.030873858387827 30 1.17902389178131 0 0.1 0.1 "simulation1" 0.349467383381145 0.400609480835146
"Conti_0.1_0.132" 31 1.80709908667568 0.050136602699165 31 1.45388859625019 0.0300142645744087 31 1.21242742597685 0 0.1 0.1 "simulation1" 0.370859373534569 0.44688601262919
"Conti_0.1_0.133" 32 1.84212421311707 0.0422152411336887 32 1.48870009962201 0.0277265657281884 32 1.24549078012464 0 0.1 0.1 "simulation1" 0.313142840378071 0.352462752106481
"Conti_0.1_0.134" 33 1.87785915904546 0.055566496422462 33 1.52314344667887 0.0289792903379319 33 1.27821741860256 0 0.1 0.1 "simulation1" 0.313160020152254 0.370112866380053
"Conti_0.1_0.135" 34 1.91144341267522 0.0292183592830348 34 1.55604890316463 0.0164102577580553 34 1.31061077050741 0 0.1 0.1 "simulation1" 0.319353857985201 0.38389706764366
"Conti_0.1_0.136" 35 1.94359930484807 0.0470548942550059 35 1.58782092291748 0.0209643006896813 35 1.34267423001425 0 0.1 0.1 "simulation1" 0.301829029993101 0.370409154511126
"Conti_0.1_0.137" 36 1.9755300340944 0.0285440087505612 36 1.61950187554451 0.0180539400016577 36 1.37441115673201 0 0.1 0.1 "simulation1" 0.298460261021555 0.365131030085129
"Conti_0.1_0.138" 37 2.00562980713038 0.0361059289439862 37 1.65082829314926 0.0203872511082666 37 1.40582487605551 0 0.1 0.1 "simulation1" 0.268341400914497 0.330566614946266
"Conti_0.1_0.139" 38 2.0362369083306 0.0331195812671499 38 1.68136688299178 0.0123152511096393 38 1.43691867951391 0 0.1 0.1 "simulation1" 0.252649797736403 0.286093974607034
"Conti_0.1_0.140" 39 2.06493740916323 0.0222150931821802 39 1.71066457939998 0.00897218252303626 39 1.46769582511559 0 0.1 0.1 "simulation1" 0.248764470668877 0.262675719167208
"Conti_0.1_0.141" 40 2.0913417306259 0.0139359489958707 40 1.73917166601612 0.0046453163319569 40 1.49815953768951 0 0.1 0.1 "simulation1" 0.243414563013742 0.234365985821764
"Conti_0.1_0.142" 41 2.11803092155996 0.0268555536181859 41 1.76740971382527 0.00895185120606198 41 1.52831300922315 0 0.1 0.1 "simulation1" 0.236958430620186 0.209966101978803
"Conti_0.1_0.143" 42 2.14546386896401 0.0232201341067997 42 1.79556682477465 0.00774004470226656 42 1.55815939919692 0 0.1 0.1 "simulation1" 0.207102529967032 0.182552524655352
"Conti_0.1_0.144" 43 2.1717157205382 0.018393937172294 43 1.82347380710592 0.00937156363170955 43 1.58770183491521 0 0.1 0.1 "simulation1" 0.216644362279075 0.182939517732212
"Conti_0.1_0.145" 44 2.19644535739491 0.00989663046262435 44 1.85078681794831 0.00329887682087478 44 1.61694341183411 0 0.1 0.1 "simulation1" 0.20533664808955 0.181573695541382
"Conti_0.1_0.146" 45 2.22152657429533 0.0258017527505582 45 1.87801600268577 0.0129435248355387 45 1.64588719388573 0 0.1 0.1 "simulation1" 0.164219041521095 0.14110407387167
"Conti_0.1_0.147" 46 2.24953976492161 0.0388117101892017 46 1.90639857203343 0.0206811235321252 46 1.67453621379923 0 0.1 0.1 "simulation1" 0.162597796466214 0.13026872539817
"Conti_0.1_0.148" 47 2.27703792146349 0.0254845068767062 47 1.93437890876494 0.01275443486726 47 1.70289347341858 0 0.1 0.1 "simulation1" 0.160753710506629 0.105137361807631
"Conti_0.1_0.149" 48 2.30322289210997 0.0313852937976402 48 1.96167253766581 0.0170537962431863 48 1.73096194401714 0 0.1 0.1 "simulation1" 0.144902377440842 0.096387877697903
"Conti_0.32_0.321" 0 0 0 0 0 0 0 0 0 0.32 0.32 "simulation2" 0 0
"Conti_0.32_0.322" 1 0.0454110388732212 0 1 0.0454110190678891 0 1 0.0454110198907579 0 0.32 0.32 "simulation2" 0.0193187402528137 0.0334610396560994
"Conti_0.32_0.323" 2 0.0916938458364222 0.0322841940334015 2 0.0906769296948492 0.0148116659715562 2 0.0904163196402151 0.00418692633347639 0.32 0.32 "simulation2" 0.0130260965505663 0.0225618610498785
"Conti_0.32_0.324" 3 0.153388472141677 0.122911298583551 3 0.146662775611873 0.0990503649128807 3 0.139869732710084 0.0564755170258682 0.32 0.32 "simulation2" 0.0130796214090902 0.0226545688243099
"Conti_0.32_0.325" 4 0.245458227613796 0.190618782169056 4 0.219785728647158 0.123648123667745 4 0.191614825737733 0.0311480150874837 0.32 0.32 "simulation2" 0.0275440712917585 0.0477077309246251
"Conti_0.32_0.326" 5 0.351084353995593 0.1983779113757 5 0.302358068706526 0.152907882861599 5 0.245239782392589 0.0767014223883824 0.32 0.32 "simulation2" 0.172018318292054 0.244894442510769
"Conti_0.32_0.327" 6 0.464328804291765 0.227568840355865 6 0.389152531744691 0.153250339673593 6 0.304599882093689 0.0743297209509929 0.32 0.32 "simulation2" 0.480724942432475 0.412536530838587
"Conti_0.32_0.328" 7 0.573738336937947 0.191939183608021 7 0.475707431416582 0.156896274593877 7 0.370223412776226 0.114781968444348 0.32 0.32 "simulation2" 0.784527620292329 0.582377393689538
"Conti_0.32_0.329" 8 0.688620772945637 0.254351005139788 8 0.563510794965349 0.161663253978081 8 0.433533826660945 0.0648593916730021 0.32 0.32 "simulation2" 1.01722067242684 0.734418171936741
"Conti_0.32_0.3210" 9 0.817800921619918 0.246226838114737 9 0.648988918812746 0.151250043328687 9 0.487055331689556 0.0649017966112543 0.32 0.32 "simulation2" 1.18959675994977 0.841293827787877
"Conti_0.32_0.3211" 10 0.935329494991743 0.221709479367154 10 0.731202568384768 0.150436675942014 10 0.54170269486088 0.073457042904685 0.32 0.32 "simulation2" 1.30230506327205 0.912741349504201
"Conti_0.32_0.3212" 11 1.04555212838138 0.219915526606421 11 0.813071585881249 0.154233744528455 11 0.60080211196405 0.0966306938151635 0.32 0.32 "simulation2" 1.381702460334 0.944658240619109
"Conti_0.32_0.3213" 12 1.15380697048654 0.217896693891496 12 0.897073966948307 0.164666646041619 12 0.667694621229615 0.120715845464002 0.32 0.32 "simulation2" 1.3120370213772 0.896613200570732
"Conti_0.32_0.3214" 13 1.26328490630093 0.225252823192106 13 0.98699721597053 0.180001157300441 13 0.74109471521273 0.132265463274548 0.32 0.32 "simulation2" 1.18850696578703 0.968987211598852
"Conti_0.32_0.3215" 14 1.3613046160354 0.177415421117351 14 1.06760245485033 0.128977585659984 14 0.809957535782939 0.103103835325031 0.32 0.32 "simulation2" 1.2525136736135 1.06543856750624
"Conti_0.32_0.3216" 15 1.44886850509067 0.188562216722204 15 1.13811249196162 0.13817816553593 15 0.87093374720438 0.094634394749207 0.32 0.32 "simulation2" 1.30695548530979 1.09715069153018
"Conti_0.32_0.3217" 16 1.54382974328419 0.203905046875977 16 1.21032294718639 0.137423850867114 16 0.927188904822679 0.076025083453175 0.32 0.32 "simulation2" 1.19868147204304 1.25228514284668
"Conti_0.32_0.3218" 17 1.62861830291433 0.152175122125541 17 1.2752042564372 0.103000863117214 17 0.97565053819659 0.0506832899894204 0.32 0.32 "simulation2" 1.2172483609563 1.3047397505321
"Conti_0.32_0.3219" 18 1.70454658165337 0.168368323238966 18 1.33639025050063 0.123607382416852 18 1.02148107320173 0.0613240013156967 0.32 0.32 "simulation2" 1.24114754258668 1.31579133519536
"Conti_0.32_0.3220" 19 1.77678226371879 0.135016775887741 19 1.39909521883977 0.110833192088929 19 1.07054533822262 0.0713389429475001 0.32 0.32 "simulation2" 1.2951612128598 1.355716129017
"Conti_0.32_0.3221" 20 1.84074333142246 0.135295062437415 20 1.45697661140395 0.104234791523465 20 1.11692045134544 0.0488976909181922 0.32 0.32 "simulation2" 1.57670378050325 1.31449051289776
"Conti_0.32_0.3222" 21 1.90590355960523 0.140219890181468 21 1.51426422161403 0.109094683960518 21 1.16165784218172 0.06392859008402 0.32 0.32 "simulation2" 1.38932531263675 1.53111806560777
"Conti_0.32_0.3223" 22 1.96888024282125 0.127730381516706 22 1.5703495138539 0.0997872885326997 22 1.20720114195139 0.0569172128460784 0.32 0.32 "simulation2" 1.62435208965363 1.39657958651032
"Conti_0.32_0.3224" 23 2.02736972622346 0.122477116374314 23 1.62231130160838 0.0910317704890359 23 1.25356765088739 0.0717895312297886 0.32 0.32 "simulation2" 1.30955181531124 1.39340664750367
"Conti_0.32_0.3225" 24 2.08460325012212 0.122986501990515 24 1.67255108425546 0.0913983172912429 24 1.29815918159609 0.0516022075661902 0.32 0.32 "simulation2" 1.4574882917675 1.21101559406592
"Conti_0.32_0.3226" 25 2.15242699722935 0.181118153288835 25 1.73088624705228 0.137894337413804 25 1.34828883392436 0.102903204628138 0.32 0.32 "simulation2" 1.60773490435145 1.0088855893106
"Conti_0.32_0.3227" 26 2.22860569436624 0.161689981364638 26 1.7867152851029 0.0785234196333394 26 1.39429159338835 0.0248469154451888 0.32 0.32 "simulation2" 1.3747941311286 0.80859182915686
"Conti_0.32_0.3228" 27 2.30523827131155 0.189424565477595 27 1.83170260133522 0.0857883213523933 27 1.42693890067524 0.0080775127814946 0.32 0.32 "simulation2" 1.30172229347175 0.762673158082018
"Conti_0.32_0.3229" 28 2.38409419313092 0.172653467762073 28 1.87710224052929 0.0787367854094657 28 1.45850054530211 0.00852735984307651 0.32 0.32 "simulation2" 1.2327900640569 0.716549601359125
"Conti_0.32_0.3230" 29 2.4567865613886 0.167450572764781 29 1.92006751696734 0.0743146621959807 29 1.48934939304041 0 0.32 0.32 "simulation2" 1.15736891269629 0.69791036575324
"Conti_0.32_0.3231" 30 2.52406477567101 0.14960472905518 30 1.9609889394933 0.068206623933598 30 1.51959429223636 0 0.32 0.32 "simulation2" 1.15593720011593 0.69144498299823
"Conti_0.32_0.3232" 31 2.58257980330776 0.133214227008308 31 2.00010936001062 0.0659749853800293 31 1.54952951286511 0 0.32 0.32 "simulation2" 0.935552460785096 0.788040140800891
"Conti_0.32_0.3233" 32 2.64629890979371 0.171810057244896 32 2.04011607944501 0.0748191001421817 32 1.57962993155962 0.0112347437533662 0.32 0.32 "simulation2" 0.969913148986079 0.641882736572472
"Conti_0.32_0.3234" 33 2.71028779415606 0.136847375861318 33 2.07918447309513 0.0622071425825162 33 1.60947912996855 0.00156703766257449 0.32 0.32 "simulation2" 0.865276519735367 0.740958628944501
"Conti_0.32_0.3235" 34 2.76473050309599 0.132419514510853 34 2.11526604595349 0.0592935333339099 34 1.6394777163616 0.0171202600333149 0.32 0.32 "simulation2" 0.799347839997132 0.668808784471859
"Conti_0.32_0.3236" 35 2.81837612216167 0.134322335325552 35 2.15113934170764 0.0637364497644646 35 NA 0 0.32 0.32 "simulation2" 0.696488959111051 0.530135150660922
"Conti_0.32_0.3237" 36 2.88730497153825 0.210967043337719 36 2.19065117643665 0.0832567565575758 36 NA 0.00376420257075361 0.32 0.32 "simulation2" 0.640277646792966 0.502165431571379
"Conti_0.32_0.3238" 37 2.97039387628051 0.189742663305538 37 2.23108864613191 0.0714724563394323 37 NA 0.0062282172710677 0.32 0.32 "simulation2" 0.592593556973694 0.426815934972394
"Conti_0.32_0.3239" 38 3.03913860391053 0.156820347171911 38 2.26765958592407 0.0620725611218006 38 NA 0 0.32 0.32 "simulation2" 0.555936057183196 0.399207749036334
"Conti_0.32_0.3240" 39 3.08819446063952 0.100443211039654 39 2.29936773522519 0.0408397981370782 39 NA 0 0.32 0.32 "simulation2" 0.520635067487681 0.355242080441369
"Conti_0.32_0.3241" 40 3.12341616401104 0.0872661435711932 40 2.32896997336106 0.0482665084607359 40 NA 0.0121478480443898 0.32 0.32 "simulation2" 0.466495278416142 0.355237959361942
"Conti_0.32_0.3242" 41 3.15960085422619 0.103750079875125 41 2.3588608245773 0.0433052163923237 41 NA 0 0.32 0.32 "simulation2" 0.39757874587573 0.268695091263962
"Conti_0.32_0.3243" 42 3.19998995490363 0.109274613975941 42 2.38730685568745 0.0401117153512748 42 NA 0 0.32 0.32 "simulation2" 0.356313153553681 0.221872717322646
"Conti_0.32_0.3244" 43 3.2370147759265 0.089526390927019 43 2.41476227944707 0.0375212205299432 43 NA 0 0.32 0.32 "simulation2" 0.328299108786311 0.173882320413737
"Conti_0.32_0.3245" 44 3.27071704976533 0.0933641647182677 44 2.44178406000775 0.0387623341117033 44 NA 0 0.32 0.32 "simulation2" 0.283814463915656 0.140737820247031
"Conti_0.32_0.3246" 45 3.30419528641661 0.0877970912730337 45 2.4689135050881 0.0403470303031536 45 NA 0 0.32 0.32 "simulation2" 0.232118249644782 0.0972985052771274
"Conti_0.32_0.3247" 46 3.33403085076617 0.077502333575598 46 2.49586687445753 0.0402037605427888 46 NA 0 0.32 0.32 "simulation2" 0.213732979412264 0.059884767431638
"Conti_0.32_0.3248" 47 3.3684466895163 0.11295434222596 47 2.52361891451678 0.0480245122277952 47 NA 0 0.32 0.32 "simulation2" 0.199949170251787 0.0851600323711526
"Conti_0.32_0.3249" 48 3.40583988726984 0.0934763242943986 48 2.55111132988664 0.0397436095301998 48 NA 0.0049816280369458 0.32 0.32 "simulation2" 0.168669785212906 0.0583887469039642
"Conti_1_11" 0 0 0 0 0 0 0 0 0 1 1 "simulation3" 0 0
"Conti_1_12" 1 0.0641008580961415 0.154363696764214 1 0.0535626315270485 0.090059429290266 1 0.0480155177386359 0.0433567468287264 1 1 "simulation3" 0 0
"Conti_1_13" 2 0.185551146370404 0.307729844903092 2 0.144131584837312 0.233508867306404 2 0.115535856847892 0.15149851962113 1 1 "simulation3" 0 0
"Conti_1_14" 3 0.453210323315504 0.640921084763091 3 0.347902699284258 0.513042599781191 3 0.240509364248526 0.311748292233898 1 1 "simulation3" 0.00108608621714238 0.00188115650949089
"Conti_1_15" 4 0.876816347300889 0.73782448766561 4 0.681374840983181 0.62170503489073 4 0.441077265552145 0.42277119043817 1 1 "simulation3" 0.0880620292892533 0.132709470983184
"Conti_1_16" 5 1.32937258165591 0.739945261382577 5 1.03994816206264 0.604990551801538 5 0.666733328713486 0.40830428137106 1 1 "simulation3" 0.617375664817503 0.342176400626741
"Conti_1_17" 6 1.74193715355235 0.661059988159661 6 1.36798073772754 0.55974820414653 6 0.884858356254193 0.41528201274087 1 1 "simulation3" 1.41171534587167 0.579267370748792
"Conti_1_18" 7 2.11655861104746 0.661129752970303 7 1.6703679260944 0.542315858093208 7 1.10277615279862 0.412993436882582 1 1 "simulation3" 2.09933197451796 0.764622846249429
"Conti_1_19" 8 2.5090579899479 0.701809487616265 8 1.9513226100849 0.505196215770467 8 1.29051795876645 0.317840712030964 1 1 "simulation3" 2.60869850398622 1.01083879278883
"Conti_1_110" 9 2.88124612734821 0.62201472874417 9 2.20845428381592 0.482511854315716 9 1.45053395757964 0.338699188182274 1 1 "simulation3" 3.09130920176397 1.19590954295169
"Conti_1_111" 10 3.22191537897259 0.632829448172347 10 2.45250200923686 0.470317301121532 10 1.6261907728215 0.362243428334008 1 1 "simulation3" 3.37285018300556 1.37436975607024
"Conti_1_112" 11 3.55058360415082 0.590003609801028 11 2.67733146291929 0.434832023391107 11 1.78770248441254 0.305356418828509 1 1 "simulation3" 3.39921088896305 1.4016998375715
"Conti_1_113" 12 3.83805752651677 0.534243597264898 12 2.88867792592042 0.432026542214326 12 1.95230087506805 0.373059651256798 1 1 "simulation3" 3.57738101311119 1.50291582997119
"Conti_1_114" 13 4.09685347069778 0.515231183473512 13 3.0863161411723 0.392717098774915 13 2.11491365001306 0.294258739983945 1 1 "simulation3" 3.60069853104603 1.46108845278188
"Conti_1_115" 14 4.3355947373839 0.479480215830631 14 3.25774069188161 0.35849452535616 14 2.22867824403327 0.218939093067234 1 1 "simulation3" 3.69105694598331 1.56833449980774
"Conti_1_116" 15 4.54793136616932 0.445432187041041 15 3.41019388129609 0.334645971475294 15 2.33311796824872 0.256316475370303 1 1 "simulation3" 3.84398762862169 1.59633193648397
"Conti_1_117" 16 4.74308720214363 0.433403125704327 16 3.55283367613489 0.327831352564772 16 2.44249765570687 0.230877356075567 1 1 "simulation3" 3.98057480090013 1.63257227103377
"Conti_1_118" 17 4.93344539673298 0.433492419442199 17 3.68791205762664 0.311679678464385 17 2.52614200527154 0.16707178222767 1 1 "simulation3" 4.0216335644102 1.61630679928027
"Conti_1_119" 18 5.11728344747408 0.419218094764943 18 3.81332134389823 0.29994728542338 18 2.60656490199809 0.216597552154181 1 1 "simulation3" 4.16515863809329 1.7633943904166
"Conti_1_120" 19 5.29643159425808 0.422895635675258 19 3.93635139611367 0.305802379955796 19 2.69880044250392 0.218952246030143 1 1 "simulation3" 4.25300734413744 1.7988211175572
"Conti_1_121" 20 5.46485924819885 0.392188789687649 20 4.05697549336174 0.294226574028537 20 2.79008496146885 0.216557333291264 1 1 "simulation3" 4.41521223915316 2.04979937948315
"Conti_1_122" 21 5.62599023047631 0.403999208976452 21 4.16970110094214 0.282667490935747 21 2.86816206120987 0.165944102388242 1 1 "simulation3" 4.45733067567668 1.95106393630264
"Conti_1_123" 22 5.77911383279103 0.371009518014277 22 4.2757332113683 0.273954046406675 22 2.93971091702018 0.19548599626478 1 1 "simulation3" 4.4133090923986 2.15155434467979
"Conti_1_124" 23 5.92414834678914 0.38219861260097 23 4.37918130267518 0.274372862383685 23 3.01848423133336 0.192969380609899 1 1 "simulation3" 4.34300545677683 2.14230432825222
"Conti_1_125" 24 6.0603664319614 0.346606257490466 24 4.47332400973891 0.246229316448512 24 3.08684218156575 0.163352889476423 1 1 "simulation3" 4.13561530613603 1.94946830482019
"Conti_1_126" 25 6.1888053814612 0.362216022805729 25 4.57043552392949 0.284141834444921 25 3.16823219218654 0.23831453461814 1 1 "simulation3" 4.14548112370301 1.68782844986772
"Conti_1_127" 26 6.31843239902552 0.353550546488146 26 4.66146873536592 0.225818477972025 26 3.23591330122768 0.110708259159968 1 1 "simulation3" 3.65368782664638 1.46857555630603
"Conti_1_128" 27 6.44974337236607 0.37581546865883 27 4.73576385230275 0.22970654575726 27 3.27360552775159 0.10016699841433 1 1 "simulation3" 3.49444507402512 1.52349083782672
"Conti_1_129" 28 6.60026068438326 0.414095576849521 28 4.81618523871216 0.245872255903608 28 3.31385694611984 0.123575869203519 1 1 "simulation3" 3.32683731153586 1.60399583186724
"Conti_1_130" 29 6.7523854337648 0.383981530601431 29 4.89546099514399 0.227111647971244 29 3.36103379869836 0.133505481551325 1 1 "simulation3" 3.08187670095314 1.40409170539854
"Conti_1_131" 30 6.87932028698082 0.342929922596417 30 4.9627240130739 0.204595668523856 30 3.40377853177084 0.108335860217825 1 1 "simulation3" 2.78114533135086 1.31215301696678
"Conti_1_132" 31 6.98793487563143 0.328910025025981 31 5.02559449703487 0.210518306555029 31 3.44756366017482 0.138814983065063 1 1 "simulation3" 2.6632475042565 1.34587916853419
"Conti_1_133" 32 7.10179062751233 0.352838419799137 32 5.08829359372544 0.202812153254176 32 3.49036380194013 0.106057264911141 1 1 "simulation3" 2.41045804942985 1.25517480365932
"Conti_1_134" 33 7.19271803658209 0.256731326098064 33 5.14260519574361 0.179139977615137 33 3.5320757463429 0.135807802446115 1 1 "simulation3" 2.29009034151171 1.23870142144469
"Conti_1_135" 34 7.26074411242213 0.278596595412571 34 5.18916890913967 0.172349515158993 34 3.57396209374054 0.107625287927148 1 1 "simulation3" 2.02885465111457 1.1220737065804
"Conti_1_136" 35 7.33496992652258 0.274069162535553 35 5.23491987417912 0.174411802408586 35 3.60927607733325 0.103070316419077 1 1 "simulation3" 1.85156015989219 0.998195650174814
"Conti_1_137" 36 7.4072190160484 0.275481391373135 36 5.27652375515154 0.155425580278069 36 3.63599064575568 0.0565677337446293 1 1 "simulation3" 1.68910270121404 0.951439966379454
"Conti_1_138" 37 7.47740412443894 0.268216988616032 37 5.31237462181957 0.15008708710104 37 3.65627708802881 0.0662850531348984 1 1 "simulation3" 1.53017246940235 0.872401149453942
"Conti_1_139" 38 7.54257038682691 0.259136727441869 38 5.34376328592671 0.137006350714894 38 3.67522145426882 0.0501032388014562 1 1 "simulation3" 1.37603653936569 0.789817190993318
"Conti_1_140" 39 7.60114582157584 0.24457533663813 39 5.37798498695574 0.162374005862194 39 3.70249350073037 0.114301090605283 1 1 "simulation3" 1.2432671825461 0.755860729037055
"Conti_1_141" 40 7.65018392915804 0.224661380124652 40 5.41284072866904 0.140670099814568 40 3.73156627167109 0.0636560900429137 1 1 "simulation3" 1.08523247600944 0.705130339549563
"Conti_1_142" 41 7.69272539839896 0.219792016834858 41 5.44311801338012 0.14428204486845 41 3.75561227672934 0.0918669486402919 1 1 "simulation3" 0.964333445420524 0.663840326382223
"Conti_1_143" 42 7.73134701222994 0.20844093857705 42 5.47151746619697 0.131186360199742 42 3.78316583689805 0.0821780644787564 1 1 "simulation3" 0.857138464324869 0.583327748980416
"Conti_1_144" 43 7.76329129440736 0.193818246804123 43 5.49589931681297 0.127124691032531 43 3.80832254178231 0.0827627455148239 1 1 "simulation3" 0.779843468668422 0.571536171761869
"Conti_1_145" 44 7.78986785158524 0.186639667593431 44 5.52021908865555 0.130079533630661 44 3.83559752720313 0.0938698189751128 1 1 "simulation3" 0.678788273336301 0.500280121726691
"Conti_1_146" 45 7.81268059304845 0.179615779981721 45 5.54202728808102 0.11714213828146 45 3.86183193597026 0.0795307421873539 1 1 "simulation3" 0.594919641813754 0.428666748628332
"Conti_1_147" 46 7.83874171917529 0.19997669407612 46 5.56492055640858 0.136104018912911 46 3.88803451297304 0.094124815990303 1 1 "simulation3" 0.521395256980293 0.407520233868911
"Conti_1_148" 47 7.86796115167439 0.193262341213621 47 5.59004594000296 0.127751398633213 47 3.91212067344108 0.0677013331701051 1 1 "simulation3" 0.424250513685283 0.327596053754348
"Conti_1_149" 48 7.89520066045997 0.194884278658832 48 5.61227423303946 0.124716355322315 48 3.93176138269613 0.0703918554517584 1 1 "simulation3" 0.382482309594365 0.321960807876957
"Conti_3.16_3.161" 0 0 0 0 0 0 0 0 0 3.16 3.16 "simulation4" 0 0
"Conti_3.16_3.162" 1 0.0467374564406643 0.0388251484098336 1 0.0456844492242786 0.0129417161366112 1 0.0454107692884867 0 3.16 3.16 "simulation4" 0 0
"Conti_3.16_3.163" 2 0.263641163832762 0.769347345710357 2 0.188268134125147 0.538197515675183 2 0.138384672264097 0.344363470123755 3.16 3.16 "simulation4" 0 0
"Conti_3.16_3.164" 3 0.939229072677868 1.16294171608309 3 0.650487728955232 0.898283761857429 3 0.449362452119298 0.688185399036903 3.16 3.16 "simulation4" 0.00280283946334838 0.00485466035597848
"Conti_3.16_3.165" 4 1.78540767429612 1.21280468675558 4 1.25246464073488 0.935811237384383 4 0.872124572114054 0.70732835858409 3.16 3.16 "simulation4" 0.256185063805458 0.212890791962073
"Conti_3.16_3.166" 5 2.68186674205988 1.29501389036575 5 1.87440235876258 0.971516343412383 5 1.29475882230151 0.707469333379395 3.16 3.16 "simulation4" 1.28070173108394 0.486661023645556
"Conti_3.16_3.167" 6 3.57632951866545 1.22224408985555 6 2.49873079776651 0.951407453283375 6 1.71203102275777 0.703442261713325 3.16 3.16 "simulation4" 2.62138660231885 0.852624246099183
"Conti_3.16_3.168" 7 4.39212988448923 1.16228509591104 7 3.087605850951 0.907953383896061 7 2.10915437000281 0.663420658901522 3.16 3.16 "simulation4" 3.89793648584056 1.13468871218572
"Conti_3.16_3.169" 8 5.12838908689112 1.08015487087593 8 3.62609574276309 0.849177064392946 8 2.47416661037903 0.627995732085779 3.16 3.16 "simulation4" 4.91572480330803 1.48352398428238
"Conti_3.16_3.1610" 9 5.81833327034563 1.06920432301941 9 4.10904676431689 0.790603687539259 9 2.78193349004062 0.526457194156439 3.16 3.16 "simulation4" 5.65422070853085 1.55895818947379
"Conti_3.16_3.1611" 10 6.45502917715085 0.96707597528871 10 4.55059616817445 0.755420698866679 10 3.06812711870559 0.569352443079523 3.16 3.16 "simulation4" 6.08393390167037 1.72019518667184
"Conti_3.16_3.1612" 11 6.99152034252663 0.878733412803995 11 4.93871208022669 0.676740859632519 11 3.33070895350081 0.466533465124004 3.16 3.16 "simulation4" 6.58179832459753 1.89570228830446
"Conti_3.16_3.1613" 12 7.48485564043942 0.869138309214242 12 5.2962663935863 0.67673117493019 12 3.57207951104192 0.519873543494313 3.16 3.16 "simulation4" 6.62885769768332 1.57679191524904
"Conti_3.16_3.1614" 13 7.95579434545826 0.832000165527453 13 5.63981320510898 0.64568070450915 13 3.82287537112059 0.49354572085592 3.16 3.16 "simulation4" 6.86506272732433 1.80402853958285
"Conti_3.16_3.1615" 14 8.39751267483751 0.809810428068464 14 5.96307209004265 0.634095391023451 14 4.061030779481 0.491913329158504 3.16 3.16 "simulation4" 7.19150582048611 1.97596630821589
"Conti_3.16_3.1616" 15 8.79667438674735 0.735894320296352 15 6.26345946143175 0.590053451212636 15 4.27545717405172 0.428792668040583 3.16 3.16 "simulation4" 7.44024015596037 1.85029830257631
"Conti_3.16_3.1617" 16 9.12675788032032 0.652760398977182 16 6.52590567450548 0.540808369311274 16 4.46714396727825 0.427569999966373 3.16 3.16 "simulation4" 7.84361081446054 2.08860059977231
"Conti_3.16_3.1618" 17 9.41279363282824 0.629447684139176 17 6.7575786221949 0.510808701337558 17 4.64585037180515 0.392399460232422 3.16 3.16 "simulation4" 8.30172863801461 2.34537671105021
"Conti_3.16_3.1619" 18 9.68541451401665 0.617925771596651 18 6.97400859917851 0.499055014687173 18 4.81949660603869 0.417160037502585 3.16 3.16 "simulation4" 8.43684697870263 2.35305990030938
"Conti_3.16_3.1620" 19 9.94115657745969 0.592088695758966 19 7.17180311737174 0.462718429808304 19 4.98717795763796 0.377698154308708 3.16 3.16 "simulation4" 8.65166143536958 2.60915050762784
"Conti_3.16_3.1621" 20 10.1880361868032 0.595762809561488 20 7.35618847529418 0.463306542374584 20 5.1440932434113 0.387570405064356 3.16 3.16 "simulation4" 8.84746696055414 2.63053168972808
"Conti_3.16_3.1622" 21 10.4070141466949 0.526844360309223 21 7.52800045678749 0.42829065027387 21 5.2874554961642 0.336481414447996 3.16 3.16 "simulation4" 8.89770666902731 2.74350443412849
"Conti_3.16_3.1623" 22 10.5988186301344 0.521104724293968 22 7.68342961540006 0.418205199249524 22 5.41118605034765 0.328129006009941 3.16 3.16 "simulation4" 8.82975131636951 2.61347365582031
"Conti_3.16_3.1624" 23 10.769122760296 0.466369961969268 23 7.82479258783861 0.386672584449005 23 5.52518640032679 0.302097379021329 3.16 3.16 "simulation4" 8.58260559923209 2.55766666909756
"Conti_3.16_3.1625" 24 10.9226626017769 0.478618095484597 24 7.94762934115403 0.368909019027557 24 5.61841754862569 0.270594213178587 3.16 3.16 "simulation4" 8.3077655694167 2.38419317217999
"Conti_3.16_3.1626" 25 11.0672774515639 0.439498180407975 25 8.08155863798203 0.418152346303645 25 5.74526429302521 0.405035581864795 3.16 3.16 "simulation4" 8.4749672858851 0.923419155779283
"Conti_3.16_3.1627" 26 11.1899171916365 0.41795491327733 26 8.2150778429902 0.369007004372168 26 5.87451226129163 0.288807130638098 3.16 3.16 "simulation4" 8.03265851681338 0.798359869928098
"Conti_3.16_3.1628" 27 11.2970431475528 0.390106197052291 27 8.32411567029398 0.347791015756781 27 5.96799766442448 0.286323598629605 3.16 3.16 "simulation4" 7.71353959931974 0.831871061666376
"Conti_3.16_3.1629" 28 11.3771861384578 0.339699565410592 28 8.41631535022279 0.31510300498802 28 6.05954607587035 0.283058922042529 3.16 3.16 "simulation4" 7.37464363699925 0.736492209162867
"Conti_3.16_3.1630" 29 11.4433282297913 0.338962991962425 29 8.49773039400214 0.311313270600844 29 6.14741459027325 0.276376900803275 3.16 3.16 "simulation4" 7.11589069345831 0.793101973337856
"Conti_3.16_3.1631" 30 11.5055966272264 0.327430654998892 30 8.57619745674132 0.306198018894925 30 6.23037472817503 0.26902092672107 3.16 3.16 "simulation4" 6.62855720581452 0.633005865132723
"Conti_3.16_3.1632" 31 11.5632335240452 0.325213713059109 31 8.65225255674465 0.304562762602468 31 6.31415558535508 0.279987667461238 3.16 3.16 "simulation4" 6.28729150032783 0.774692226240085
"Conti_3.16_3.1633" 32 11.6152552469383 0.307046875820002 32 8.7189986170157 0.272742736808683 32 6.39225298321348 0.251534181257876 3.16 3.16 "simulation4" 5.85799507555168 0.75583337801453
"Conti_3.16_3.1634" 33 11.655089040032 0.285450532785629 33 8.77376394234847 0.266693459740019 33 6.46284273560868 0.256288780723623 3.16 3.16 "simulation4" 5.40874737547458 0.737500404545245
"Conti_3.16_3.1635" 34 11.6858149857195 0.274890438380103 34 8.82666738563852 0.264092970030168 34 6.5343757438831 0.255876511198728 3.16 3.16 "simulation4" 5.01588835548978 0.663461782521515
"Conti_3.16_3.1636" 35 11.7103138231351 0.267026405830952 35 8.87278683278902 0.24447493252521 35 6.59543220618773 0.214579669882869 3.16 3.16 "simulation4" 4.56027599534572 0.602093773956389
"Conti_3.16_3.1637" 36 11.7494026147467 0.322059863070087 36 8.91962970108279 0.267902432276586 36 6.64603276890597 0.221717708089926 3.16 3.16 "simulation4" 4.24646335443827 0.572458788675208
"Conti_3.16_3.1638" 37 11.7917822408762 0.276384552615402 37 8.97018500853764 0.255692032642941 37 6.70059309969035 0.226554876605801 3.16 3.16 "simulation4" 3.88806425076674 0.48252569709314
"Conti_3.16_3.1639" 38 11.8089395753034 0.239836849156063 38 9.00778262491504 0.22321899662955 38 6.74823143748187 0.199126344847141 3.16 3.16 "simulation4" 3.52684319376564 0.485540964530145
"Conti_3.16_3.1640" 39 11.8188144109801 0.24458394390678 39 9.03507819073086 0.214406723522885 39 6.78899129039201 0.197316191381423 3.16 3.16 "simulation4" 3.19356722557083 0.450649745435734
"Conti_3.16_3.1641" 40 11.823469130782 0.217300977100898 40 9.05198921047078 0.180102835785731 40 6.81861452415551 0.147423259963897 3.16 3.16 "simulation4" 2.89624922082964 0.472819551863548
"Conti_3.16_3.1642" 41 11.8197010372344 0.213828032956985 41 9.05933563956066 0.174930225579004 41 6.83642627104023 0.148857485942872 3.16 3.16 "simulation4" 2.59986499745591 0.469085179682495
"Conti_3.16_3.1643" 42 11.8190397645562 0.225835110317532 42 9.0658660789799 0.173320174864782 42 6.85185651627717 0.133474505400241 3.16 3.16 "simulation4" 2.33633487244101 0.450239183161
"Conti_3.16_3.1644" 43 11.8176989604841 0.210337807200799 43 9.069247929705 0.159214757318178 43 6.86346628377848 0.130377956472697 3.16 3.16 "simulation4" 2.10608736025423 0.491215615947194
"Conti_3.16_3.1645" 44 11.8106504794014 0.203411948972628 44 9.06620738747307 0.145663606036341 44 6.8712390370947 0.114590305582128 3.16 3.16 "simulation4" 1.84413430820776 0.434430332260069
"Conti_3.16_3.1646" 45 11.7987405960086 0.191101427653919 45 9.06064948360745 0.14719937417585 45 6.87610412730616 0.114131546594343 3.16 3.16 "simulation4" 1.64069464680267 0.418101036480213
"Conti_3.16_3.1647" 46 11.790757308271 0.216632532337753 46 9.05768751162348 0.155142005060635 46 6.87795954333877 0.0978394991990402 3.16 3.16 "simulation4" 1.44387648659379 0.394769763510938
"Conti_3.16_3.1648" 47 11.7844549736112 0.19646734579017 47 9.05339095162988 0.141109333730756 47 6.87684914384512 0.0974422314114203 3.16 3.16 "simulation4" 1.25475376061891 0.350086193831814
"Conti_3.16_3.1649" 48 11.7726575560808 0.196509319940803 48 9.04565114720527 0.139114976181721 48 6.87496294437358 0.0922923864277688 3.16 3.16 "simulation4" 1.08733484087622 0.312270400353625
"Conti_10_101" 0 0 0 0 0 0 0 0 0 10 10 "simulation5" 0 0
"Conti_10_102" 1 0.0531931548202751 0.126368054618328 1 0.0489256105545444 0.0740967456777419 1 0.0454109203528949 0 10 10 "simulation5" 0.0189085187704998 0.0327505152063755
"Conti_10_103" 2 0.429115193791882 1.12660681843114 2 0.3046023879541 0.839361040985462 2 0.160898619168735 0.43412188352725 10 10 "simulation5" 0.0221150829854588 0.0383044473444167
"Conti_10_104" 3 1.4691240258344 1.5328370221193 3 0.986853707836039 1.12512924870411 3 0.4855976528536 0.665883907573333 10 10 "simulation5" 0.0876015079069148 0.0492579708911702
"Conti_10_105" 4 2.65976154326209 1.54733076033025 4 1.81381316550605 1.20880437688012 4 0.93143010956978 0.78275289076204 10 10 "simulation5" 0.596743317664587 0.431680633607373
"Conti_10_106" 5 3.8988609372305 1.6614518929791 5 2.69053755089632 1.26490532089309 5 1.43209170265388 0.826451671913925 10 10 "simulation5" 2.06575032747662 0.82603992504841
"Conti_10_107" 6 5.22158400315311 1.70570978250503 6 3.62365392936452 1.34011737062825 6 1.96861177409045 0.88722861756003 10 10 "simulation5" 3.88105741725364 1.16587578896837
"Conti_10_108" 7 6.56536882854166 1.72923860747677 7 4.60037194068645 1.36575318699145 7 2.54983697442807 0.936347599339452 10 10 "simulation5" 5.83144542681211 1.68114727609507
"Conti_10_109" 8 7.92530499055697 1.74672290526351 8 5.57545013123827 1.36352500644308 8 3.12859214019401 0.896251338674769 10 10 "simulation5" 7.44336590250584 2.07076251435157
"Conti_10_1010" 9 9.19160381061497 1.5930848526245 9 6.49110420952288 1.25609396820629 9 3.66364907403113 0.853603766035989 10 10 "simulation5" 8.8256756077402 2.51461734948898
"Conti_10_1011" 10 10.3184968348993 1.53086778393631 10 7.3100857816522 1.20566380658 10 4.14973297585226 0.795560022241004 10 10 "simulation5" 9.94254717802648 2.85117400379545
"Conti_10_1012" 11 11.3953018284543 1.50856098908528 11 8.09528157910707 1.19471595359098 11 4.60899366936164 0.800251047491644 10 10 "simulation5" 10.6804266799951 3.20119031414189
"Conti_10_1013" 12 12.4129475614376 1.43689213201275 12 8.84198234340529 1.13905973514891 12 5.05818429346502 0.779027385035288 10 10 "simulation5" 11.3329162333401 3.45156746017137
"Conti_10_1014" 13 13.3537357145763 1.37955180178913 13 9.53287098026648 1.09192405571603 13 5.49150712408575 0.768757057303095 10 10 "simulation5" 11.6782257722138 3.31307530424878
"Conti_10_1015" 14 14.1927510888156 1.26903280236027 14 10.149362721706 0.999024755903816 14 5.87878768562665 0.671946627882114 10 10 "simulation5" 12.4372159228661 3.82813642627828
"Conti_10_1016" 15 14.9713152163445 1.26382022864748 15 10.7180884874969 0.999513577865906 15 6.21365008303332 0.653963086869008 10 10 "simulation5" 12.8121604506626 3.87320964691332
"Conti_10_1017" 16 15.710854297584 1.20052073211595 16 11.2620069730651 0.954042058883334 16 6.53664654712723 0.644555881891062 10 10 "simulation5" 13.1895264636573 3.951519553397
"Conti_10_1018" 17 16.4142308658843 1.20406938521475 17 11.7792935868914 0.949141931296558 17 6.85855086528628 0.658454884480392 10 10 "simulation5" 13.798936453027 4.16646856205453
"Conti_10_1019" 18 17.0550642366548 1.09175221174373 18 12.2669367894944 0.89751731717272 18 7.18529444735542 0.662786236708585 10 10 "simulation5" 14.172274425262 4.49777302608489
"Conti_10_1020" 19 17.6622023278222 1.14451976589751 19 12.7386949725668 0.92447436619097 19 7.50337507868304 0.648953085629058 10 10 "simulation5" 14.7175923351256 4.70875778489265
"Conti_10_1021" 20 18.2549261589688 1.065723901384 20 13.2007553967042 0.880651766864367 20 7.82752944296424 0.683266561782241 10 10 "simulation5" 15.2710219127611 4.66102497837972
"Conti_10_1022" 21 18.7938941069827 1.05157941616168 21 13.6240366960106 0.849786631974647 21 8.14918363732109 0.648502326758451 10 10 "simulation5" 15.6830324874693 4.85070358032231
"Conti_10_1023" 22 19.3175221802519 1.03577180844183 22 14.0187756758397 0.819218250596616 22 8.44709134385506 0.629778295484011 10 10 "simulation5" 15.6059616008857 4.75289648060061
"Conti_10_1024" 23 19.8065020233397 0.987331280539728 23 14.3745019046453 0.76436610479086 23 8.70792691408804 0.557368681351804 10 10 "simulation5" 15.4216411661289 4.81318015900454
"Conti_10_1025" 24 20.2499981606052 0.951191362444972 24 14.6798914281991 0.715640384426507 24 8.92451805377804 0.532538243023897 10 10 "simulation5" 15.3803927115952 4.92989551470283
"Conti_10_1026" 25 20.6770439281963 0.9617648317772 25 15.0028888041923 0.810301277843501 25 9.20214699945701 0.707240592988989 10 10 "simulation5" 15.8389871533834 3.62172951038043
"Conti_10_1027" 26 21.1303530045082 1.00560377053774 26 15.3786386048161 0.837889575707081 26 9.5475851003065 0.721605233685333 10 10 "simulation5" 15.8665648680854 3.63965270379393
"Conti_10_1028" 27 21.5571392132267 0.914576898291316 27 15.7458973029195 0.804140085863877 27 9.89692477535561 0.72851014026859 10 10 "simulation5" 15.6606226993136 4.05478699202666
"Conti_10_1029" 28 21.9256081527272 0.889397629490052 28 16.0775705646027 0.765793593918382 28 10.2241433808412 0.677668343732974 10 10 "simulation5" 15.4971354051443 4.34171278241335
"Conti_10_1030" 29 22.2583595722156 0.83201812101412 29 16.382076404058 0.741403660759209 29 10.5321706273996 0.684928864778565 10 10 "simulation5" 14.8554644294631 3.77716323337896
"Conti_10_1031" 30 22.5336071939455 0.761328682907758 30 16.6473498833461 0.674060653653365 30 10.8092965745811 0.607719744975832 10 10 "simulation5" 14.5532396769181 3.44420640908326
"Conti_10_1032" 31 22.750600912571 0.701071404838823 31 16.8667177482837 0.632410468993675 31 11.0522203800675 0.597944235783789 10 10 "simulation5" 14.1786889013385 3.30716318789676
"Conti_10_1033" 32 22.9426878839473 0.695491088679252 32 17.0600292383048 0.607349577833458 32 11.2689756963842 0.535235876379002 10 10 "simulation5" 13.3799374485036 3.23464500741472
"Conti_10_1034" 33 23.1214670988743 0.665308173538599 33 17.2343370999238 0.582934334056937 33 11.4465902966045 0.498638083190299 10 10 "simulation5" 12.874107085118 3.3141637241981
"Conti_10_1035" 34 23.2692419766769 0.622545943049428 34 17.3846280026209 0.546526448086168 34 11.5978241851755 0.462684108752503 10 10 "simulation5" 12.0726283351954 3.05921058292268
"Conti_10_1036" 35 23.3888032211774 0.59400335892476 35 17.5164788727915 0.533604472935615 35 11.7384335809626 0.469453853407762 10 10 "simulation5" 11.2362156407576 2.65158365180317
"Conti_10_1037" 36 23.4898967118159 0.572136405265736 36 17.6311826270706 0.498787699670409 36 11.8794693644807 0.461944237479357 10 10 "simulation5" 10.62784124051 2.76351610672705
"Conti_10_1038" 37 23.570510091267 0.536702144500416 37 17.723484746877 0.471633370712307 37 12.0024737784638 0.419461543018287 10 10 "simulation5" 9.89409975161347 2.74144796803223
"Conti_10_1039" 38 23.6185969536356 0.483939949472071 38 17.7954916366345 0.439601507021173 38 12.0981378704838 0.385133912156138 10 10 "simulation5" 9.06947688140387 2.60368949105093
"Conti_10_1040" 39 23.6452348092108 0.473005988674023 39 17.8510114392164 0.421609859362779 39 12.1823596202733 0.380649369731915 10 10 "simulation5" 8.58431244226365 2.5910329136039
"Conti_10_1041" 40 23.656024533826 0.434120293739181 40 17.8909810353441 0.390595140343071 40 12.2583131277957 0.355446718845963 10 10 "simulation5" 7.99014965333103 2.42103820661582
"Conti_10_1042" 41 23.6486215514201 0.418930713475762 41 17.9135829994562 0.366667769307052 41 12.3135161259268 0.314171039362603 10 10 "simulation5" 7.4138367488228 2.20843827927124
"Conti_10_1043" 42 23.6343866373181 0.407243267816896 42 17.9228371060318 0.345239055177982 42 12.3437980861544 0.270406072465705 10 10 "simulation5" 6.72851646260604 2.24231474849445
"Conti_10_1044" 43 23.6032765142732 0.364896648326048 43 17.9188956113799 0.321093232812099 43 12.3576487994041 0.252936593765745 10 10 "simulation5" 6.28214608506087 2.15649885090044
"Conti_10_1045" 44 23.5550232096698 0.352810707949083 44 17.9029523594084 0.303373899906709 44 12.3634672330352 0.235883683391415 10 10 "simulation5" 5.73625232738046 1.97260053303976
"Conti_10_1046" 45 23.5075917136021 0.361163564674364 45 17.8813888441288 0.298635095757909 45 12.3573436814445 0.20716604153848 10 10 "simulation5" 5.26188536713395 1.89993770933797
"Conti_10_1047" 46 23.4576862541316 0.341262176743133 46 17.8553192523609 0.28486862338035 46 12.3439604318117 0.202676267114017 10 10 "simulation5" 4.80432533074317 1.8095975851779
"Conti_10_1048" 47 23.3996528606262 0.331613671330185 47 17.8224351364219 0.272800006109561 47 12.32226666776 0.171718362348161 10 10 "simulation5" 4.40307277754698 1.75150937326667
"Conti_10_1049" 48 23.3298884329027 0.296388937072164 48 17.7839667429073 0.262054394741724 48 12.301407669483 0.20891555373223 10 10 "simulation5" 4.00502219327409 1.61139482096046
"Conti_31.62_31.621" 0 0 0 0 0 0 0 0 0 31.62 31.62 "simulation6" 0 0
"Conti_31.62_31.622" 1 0.0919208161249858 0.351545657648717 1 0.0742142395797418 0.261837599907355 1 0.0527459468555112 0.129168518329817 31.62 31.62 "simulation6" 0.0153443658813965 0.017949213756775
"Conti_31.62_31.623" 2 0.690279001488348 1.42223229817636 2 0.533827403153696 1.18220039160769 2 0.357105566083752 0.89683744125866 31.62 31.62 "simulation6" 0.0279551152869574 0.0242291838023595
"Conti_31.62_31.624" 3 1.99121702995957 1.76778570425119 3 1.55019038400811 1.48108766470572 3 1.04996977108908 1.10243942341588 31.62 31.62 "simulation6" 0.123833389283216 0.0789943769954892
"Conti_31.62_31.625" 4 3.47033246127943 1.84800235726456 4 2.75621685081097 1.62661119520033 4 1.89572780927403 1.28753717888493 31.62 31.62 "simulation6" 0.739815133879149 0.61501607271269
"Conti_31.62_31.626" 5 5.15398499800042 2.14821940434194 5 4.14207618807576 1.83965622246226 5 2.90865941090455 1.45841555684083 31.62 31.62 "simulation6" 2.76540316860662 0.89410277163216
"Conti_31.62_31.627" 6 7.05353874739845 2.22513387863511 6 5.72007151381074 1.98361412062525 6 4.07256248737013 1.59571353080876 31.62 31.62 "simulation6" 5.17267880891852 1.21318977897466
"Conti_31.62_31.628" 7 9.07416150972518 2.38090992215192 7 7.45010158184752 2.1212942614701 7 5.34317118689501 1.67739051459256 31.62 31.62 "simulation6" 7.8429444454469 1.66807898460704
"Conti_31.62_31.629" 8 11.1900206770119 2.39570375212657 8 9.26294919665455 2.14619626065818 8 6.65577287312594 1.70000442392317 31.62 31.62 "simulation6" 10.3491982918231 2.00714696708211
"Conti_31.62_31.6210" 9 13.2418310487799 2.3288976300384 9 11.0435137380795 2.11122391821913 9 7.97178953373663 1.71437009061905 31.62 31.62 "simulation6" 12.7642949880177 2.47806863960544
"Conti_31.62_31.6211" 10 15.2079114894506 2.29887755485572 10 12.787961149412 2.1147141047888 10 9.30312754400394 1.74806226181843 31.62 31.62 "simulation6" 14.6788952535303 2.75943084803342
"Conti_31.62_31.6212" 11 17.1163978632105 2.2607650541878 11 14.4686024994724 2.03671793139059 11 10.6259062690877 1.73016509157172 31.62 31.62 "simulation6" 16.6050193343929 3.63035785372522
"Conti_31.62_31.6213" 12 18.9194700492434 2.162143225131 12 16.0742707932941 2.01965154557728 12 11.9785709751287 1.81433383224334 31.62 31.62 "simulation6" 17.704230512935 3.73742839786863
"Conti_31.62_31.6214" 13 20.5878180682564 2.08074780890949 13 17.6096731119648 1.94265036921562 13 13.3119180056354 1.71513285832355 31.62 31.62 "simulation6" 18.7657404069003 4.04441797084517
"Conti_31.62_31.6215" 14 22.1806179080239 2.06134063284654 14 19.0492521276402 1.89208017470942 14 14.5288038056308 1.65383980098427 31.62 31.62 "simulation6" 19.9114668363719 4.62046015298791
"Conti_31.62_31.6216" 15 23.7165766022801 2.01529630619245 15 20.4485470743965 1.89568749685734 15 15.7282663033252 1.70189263661607 31.62 31.62 "simulation6" 20.3709068233562 4.32333225745155
"Conti_31.62_31.6217" 16 25.2424981373024 2.06374542543004 16 21.836962513107 1.89329730103998 16 16.9711075986588 1.73924241673875 31.62 31.62 "simulation6" 21.2544163952942 4.63902263343589
"Conti_31.62_31.6218" 17 26.7467736019229 2.00169055066551 17 23.2072185740351 1.88650643715047 17 18.2012078705294 1.70352053359295 31.62 31.62 "simulation6" 21.780308099295 4.36863271857293
"Conti_31.62_31.6219" 18 28.1856135468687 1.99269176252831 18 24.524860863095 1.82767204859877 18 19.3830689218199 1.67877933696824 31.62 31.62 "simulation6" 22.1115291496035 4.87510175374044
"Conti_31.62_31.6220" 19 29.6374420743179 2.0347774582654 19 25.7936825018455 1.83202385186902 19 20.5041548590977 1.62817649872434 31.62 31.62 "simulation6" 22.4876979506514 4.5037349847167
"Conti_31.62_31.6221" 20 31.0621659683794 1.96754280959114 20 27.0646464144392 1.84602618473639 20 21.6595808079913 1.75121075206092 31.62 31.62 "simulation6" 23.1803243137737 5.5190059949679
"Conti_31.62_31.6222" 21 32.3813893955178 1.89688272757105 21 28.3205942588335 1.82784167666662 21 22.8646878025264 1.72528249310291 31.62 31.62 "simulation6" 23.0283522221164 5.25909069637122
"Conti_31.62_31.6223" 22 33.6644822398693 1.92297425971191 22 29.5447000864388 1.81435966101161 22 24.0244779068491 1.70086479474111 31.62 31.62 "simulation6" 23.356062536662 4.99302864778966
"Conti_31.62_31.6224" 23 34.9251446823233 1.88127624549496 23 30.731528509861 1.7875562654213 23 25.1218494530366 1.63510923157476 31.62 31.62 "simulation6" 23.3398681868878 4.97202490892872
"Conti_31.62_31.6225" 24 36.1853684058418 1.94187869809544 24 31.8934055151172 1.79051879411795 24 26.1309280317311 1.59032887263627 31.62 31.62 "simulation6" 23.3574605932077 4.63545342684319
"Conti_31.62_31.6226" 25 37.4420533252906 1.90719338467405 25 33.1005863684626 1.89659521666421 25 27.2828761869163 1.87838762916221 31.62 31.62 "simulation6" 24.5622751762256 2.6732435317844
"Conti_31.62_31.6227" 26 38.7854559632222 2.09183363619361 26 34.39500885619 1.935777364734 26 28.5488750876084 1.78831698142135 31.62 31.62 "simulation6" 24.1537397166337 3.30531543765621
"Conti_31.62_31.6228" 27 40.1450691301247 1.95259406091327 27 35.6337867928871 1.8349736177426 27 29.6829485942551 1.70419386511956 31.62 31.62 "simulation6" 24.3035640209592 2.77312525913501
"Conti_31.62_31.6229" 28 41.4042763869356 1.96674688003429 28 36.7801762422562 1.81228238646421 28 30.7356328024811 1.67262122560497 31.62 31.62 "simulation6" 24.3217913272296 3.29941172984819
"Conti_31.62_31.6230" 29 42.6344929670202 1.91128560026497 29 37.9192936222247 1.83194311679373 29 31.8237500050749 1.77217311499346 31.62 31.62 "simulation6" 24.0538035625217 3.01271507025023
"Conti_31.62_31.6231" 30 43.7764802338473 1.84675994038367 30 39.0399792333672 1.80055798957153 30 32.9465225895142 1.7472692340138 31.62 31.62 "simulation6" 23.9328112166523 3.42243423786911
"Conti_31.62_31.6232" 31 44.8645535202079 1.83677982106751 31 40.1293657171091 1.79803507762043 31 34.0475698676104 1.76206943953793 31.62 31.62 "simulation6" 23.8662371796668 3.66256177562013
"Conti_31.62_31.6233" 32 45.9227304076601 1.80969234149906 32 41.2043820486541 1.7889465620744 32 35.1433738474718 1.75076441567629 31.62 31.62 "simulation6" 23.7158213240029 3.6656504111554
"Conti_31.62_31.6234" 33 46.9444636278356 1.79105239170162 33 42.2254710807703 1.73197252019518 33 36.1813220831656 1.68703669933995 31.62 31.62 "simulation6" 23.1805440447611 3.12460530386352
"Conti_31.62_31.6235" 34 47.9224790207013 1.74782511893636 34 43.206937267857 1.73138898778311 34 37.1936874452067 1.71391979432835 31.62 31.62 "simulation6" 22.8649356541897 3.43044404431884
"Conti_31.62_31.6236" 35 48.824674343584 1.67858415792995 35 44.1291587588183 1.63372678610784 35 38.1216284498308 1.5643956499287 31.62 31.62 "simulation6" 22.5541811303543 3.44214983301988
"Conti_31.62_31.6237" 36 49.6637905457534 1.6510217987137 36 44.9715214511236 1.6152840585522 36 38.9553351393414 1.55348868549927 31.62 31.62 "simulation6" 21.5827575487097 3.49681193972308
"Conti_31.62_31.6238" 37 50.4601075314435 1.60922096023034 37 45.7668211052005 1.55455489739093 37 39.731612399226 1.45983101799778 31.62 31.62 "simulation6" 21.0449812155167 3.55795890773895
"Conti_31.62_31.6239" 38 51.176937430708 1.52883334142408 38 46.4802334102158 1.48341173402444 38 40.410153662017 1.39494416823488 31.62 31.62 "simulation6" 20.435034185804 3.28024291788505
"Conti_31.62_31.6240" 39 51.8402882636951 1.51649217471135 39 47.1334443448572 1.45151889350041 39 41.0225565122963 1.34871224281252 31.62 31.62 "simulation6" 19.839826806026 3.35617115402849
"Conti_31.62_31.6241" 40 52.4501103614131 1.43409739862832 40 47.7275983592688 1.38197183173492 40 41.6098056102486 1.34831550940796 31.62 31.62 "simulation6" 19.4092266713703 2.98542557379188
"Conti_31.62_31.6242" 41 52.9884374171998 1.40039062901216 41 48.26680566179 1.35543991062823 41 42.1595813877887 1.27165816479858 31.62 31.62 "simulation6" 18.5246005506592 2.97708339296949
"Conti_31.62_31.6243" 42 53.4917878442788 1.37042821624802 42 48.7531590876906 1.28665021715561 42 42.6116841765616 1.17646344982563 31.62 31.62 "simulation6" 17.61347216818 3.01257889851728
"Conti_31.62_31.6244" 43 53.9472795155324 1.32046765661289 43 49.1826193515277 1.2546047793161 43 42.988104247501 1.12440925287292 31.62 31.62 "simulation6" 17.2089139019767 3.48930493758229
"Conti_31.62_31.6245" 44 54.3698450297601 1.308242891745 44 49.5823996545607 1.22788967123573 44 43.3121181159161 1.07148910414232 31.62 31.62 "simulation6" 16.2792829947016 3.29135352306389
"Conti_31.62_31.6246" 45 54.7358144506391 1.21165938578279 45 49.9282159184799 1.15465716981317 45 43.601961624 1.05777100266041 31.62 31.62 "simulation6" 15.5022190604482 2.78372086813875
"Conti_31.62_31.6247" 46 55.0351267692866 1.18776718961632 46 50.2246394151463 1.13338430189416 46 43.8812285150201 1.04877113422385 31.62 31.62 "simulation6" 14.7808704267057 2.93640753543892
"Conti_31.62_31.6248" 47 55.3003637369096 1.14615079470145 47 50.4901917018856 1.09062204136709 47 44.1362819149998 1.00738802318098 31.62 31.62 "simulation6" 14.1263247013155 2.82467139685878
"Conti_31.62_31.6249" 48 55.5566507345558 1.17617532025401 48 50.7137618002752 1.05005335180744 48 44.337083089855 0.934915364998295 31.62 31.62 "simulation6" 13.3517714206887 2.70514465264965
