"time" "Srxn1_max" "NRF2_max" "time2" "Srxn1_mean" "NRF2_mean" "time3" "Srxn1_min" "NRF2_min" "dose1" "dose2" "Simulation" "SRXN1_observed" "SRXN1_SD"
"Conti_0.01_0.011" 0 0 0 0 0 0 0 0 0 0.01 0.01 "simulation1" 0 0
"Conti_0.01_0.012" 1 0.0470751899401881 0.0312671240046491 1 0.0457574851914507 0.0104223746682164 1 0.045411018709921 0 0.01 0.01 "simulation1" 0 0
"Conti_0.01_0.013" 2 0.104856863069969 0.105971608803237 2 0.0928201286995938 0.0376016997516232 2 0.0903596000943273 0 0.01 0.01 "simulation1" 0 0
"Conti_0.01_0.014" 3 0.21434254658426 0.293427014004684 3 0.171693321510578 0.211461661456896 3 0.138993090491274 0.0590057638631851 0.01 0.01 "simulation1" 0 0
"Conti_0.01_0.015" 4 0.410934330377908 0.427854278621995 4 0.307869453566846 0.28412730631736 4 0.201455433054258 0.0986151593226372 0.01 0.01 "simulation1" 0.0456143815102565 0.0790064263315947
"Conti_0.01_0.016" 5 0.655993063569409 0.461070338793521 5 0.458487924328861 0.288866572743445 5 0.267568352850613 0.0855158339232409 0.01 0.01 "simulation1" 0.458206370054939 0.384583525654451
"Conti_0.01_0.017" 6 0.906220154550801 0.45900780951245 6 0.604884082981114 0.276355220854778 6 0.323609075588155 0.0479255836342044 0.01 0.01 "simulation1" 1.18248249689589 0.78629025174771
"Conti_0.01_0.018" 7 1.14607727171341 0.441760239582037 7 0.747986287032352 0.28360849617388 7 0.378434305359958 0.077964896906681 0.01 0.01 "simulation1" 1.93604642201763 1.119548739004
"Conti_0.01_0.019" 8 1.3810334737003 0.449495408098629 8 0.893204715526582 0.28823754161318 8 0.432395177771891 0.0459946742964256 0.01 0.01 "simulation1" 2.5202798721767 1.45386765887852
"Conti_0.01_0.0110" 9 1.60651184775011 0.420711808750109 9 1.03929067059108 0.292555230254149 9 0.486288838690519 0.0844806404697088 0.01 0.01 "simulation1" 2.92503985244007 1.6102550165956
"Conti_0.01_0.0111" 10 1.8240243206403 0.433429113291715 10 1.18559782174876 0.295350870946989 10 0.54925280972273 0.101847804846855 0.01 0.01 "simulation1" 3.15701839072001 1.77519858419384
"Conti_0.01_0.0112" 11 2.0446854309047 0.433802763927965 11 1.33439152342381 0.306874577530659 11 0.614986302997858 0.108214189476091 0.01 0.01 "simulation1" 3.40290676862594 1.93747781042471
"Conti_0.01_0.0113" 12 2.26095733259755 0.426946331393913 12 1.48605085715822 0.311887745545506 12 0.686316525474662 0.137831913192291 0.01 0.01 "simulation1" 3.45558117811243 1.99159069528989
"Conti_0.01_0.0114" 13 2.46477166975545 0.411021068965683 13 1.64252383498692 0.330960192846722 13 0.772281339452844 0.176367149720148 0.01 0.01 "simulation1" 3.59730351863425 2.03804667064041
"Conti_0.01_0.0115" 14 2.69612383527058 0.510364983724561 14 1.81133554468201 0.356291219083066 14 0.854678289011153 0.127649755950109 0.01 0.01 "simulation1" 3.75077302601785 2.13366552554365
"Conti_0.01_0.0116" 15 2.95441313246667 0.490054561661201 15 1.97975925238574 0.337185666039918 15 0.923780491360963 0.122836104921561 0.01 0.01 "simulation1" 4.160722004154 2.39285817235087
"Conti_0.01_0.0117" 16 3.18596543874322 0.452728721263742 16 2.14157633925531 0.342166741073616 16 0.995551484067881 0.142260088353025 0.01 0.01 "simulation1" 4.3966485800828 2.38485640973957
"Conti_0.01_0.0118" 17 3.41179567952637 0.480057589690369 17 2.30359913749686 0.342426683544991 17 1.07668396663932 0.169317720294407 0.01 0.01 "simulation1" 4.78717470867461 2.53431162870098
"Conti_0.01_0.0119" 18 3.65246548655512 0.495656255493423 18 2.4666934965274 0.350509993227236 18 1.16393185612648 0.173033397886775 0.01 0.01 "simulation1" 5.10782302941631 2.77696734116307
"Conti_0.01_0.0120" 19 3.8834568405679 0.462023705017302 19 2.62430416198979 0.3295647798995 19 1.24665884483883 0.156647732562568 0.01 0.01 "simulation1" 5.61613064911078 3.08620479809544
"Conti_0.01_0.0121" 20 4.10083241033302 0.463332447404514 20 2.77448943759135 0.330959485019414 20 1.32510318108779 0.155870020910645 0.01 0.01 "simulation1" 5.89528915488162 3.16739527615026
"Conti_0.01_0.0122" 21 4.30974834952145 0.441758362744632 21 2.91845584042984 0.314072682221467 21 1.39894444543141 0.140833523236825 0.01 0.01 "simulation1" 6.10951124376986 3.32754469057004
"Conti_0.01_0.0123" 22 4.51023797576593 0.445382992148512 22 3.0623752608208 0.335236830544627 22 1.47961027422321 0.18770380632817 0.01 0.01 "simulation1" 6.57560384951971 3.52387217127472
"Conti_0.01_0.0124" 23 4.71238871779581 0.446881682467766 23 3.21027751413099 0.328994218663707 23 1.56359839213115 0.156770005455601 0.01 0.01 "simulation1" 6.74857866213229 3.62776661182846
"Conti_0.01_0.0125" 24 4.89039913607578 0.395073638044433 24 3.34333129967865 0.306054192668977 24 1.63082971068912 0.14120319229549 0.01 0.01 "simulation1" 6.95917737454341 3.86167077724864
"Conti_0.01_0.0126" 25 5.12084804854963 0.585782329087195 25 3.52671650584391 0.482056365411338 25 1.76783905726146 0.416081424038645 0.01 0.01 "simulation1" 7.87444544937861 3.31010066003876
"Conti_0.01_0.0127" 26 5.35128770021802 0.40535640057049 26 3.73194667635767 0.380664450616971 26 1.96235467919463 0.334361120689473 0.01 0.01 "simulation1" 7.13685163760428 2.97869481104007
"Conti_0.01_0.0128" 27 5.54051149410726 0.493993728632756 27 3.89559032607278 0.370686278725373 27 2.09230052898294 0.236239026216365 0.01 0.01 "simulation1" 7.37768399034271 3.24448206488203
"Conti_0.01_0.0129" 28 5.77317913932809 0.521037750736816 28 4.0628864297527 0.392573672835437 28 2.20771506529978 0.282763102206234 0.01 0.01 "simulation1" 7.47659369425022 3.24207704241139
"Conti_0.01_0.0130" 29 6.01485526416496 0.52943110375011 29 4.2350905000702 0.392959102653444 29 2.34228639150834 0.300048132230346 0.01 0.01 "simulation1" 7.67350429061702 3.33189027213993
"Conti_0.01_0.0131" 30 6.24447381613749 0.497420398030487 30 4.40432615452235 0.388611078553983 30 2.47476324098824 0.2866881678583 0.01 0.01 "simulation1" 7.83697030228978 3.21523136600365
"Conti_0.01_0.0132" 31 6.46283577796137 0.503701327165664 31 4.57143528226047 0.390395427537437 31 2.61272701138531 0.322166948972513 0.01 0.01 "simulation1" 7.92822234249666 3.19827496762565
"Conti_0.01_0.0133" 32 6.6746795574924 0.478830072269512 32 4.73096647961723 0.368743187394103 32 2.75111807485176 0.291294706684441 0.01 0.01 "simulation1" 7.70522333428502 3.17337562585705
"Conti_0.01_0.0134" 33 6.85498810388491 0.423852740252189 33 4.87601300478358 0.350627634305867 33 2.87639866181428 0.282517624978823 0.01 0.01 "simulation1" 7.89189055810741 3.29539365412491
"Conti_0.01_0.0135" 34 7.02974330242662 0.464156184985782 34 5.01631408701337 0.355311483535143 34 2.98994757211363 0.251406334682243 0.01 0.01 "simulation1" 7.66012396557877 3.1785935494086
"Conti_0.01_0.0136" 35 7.20827895852867 0.437827203121777 35 5.15136157491323 0.337389583651975 35 3.09210533723228 0.245002486214277 0.01 0.01 "simulation1" 7.58302531431785 3.03703049661567
"Conti_0.01_0.0137" 36 7.38450040073249 0.464690114112267 36 5.28131211693368 0.343256524009044 36 3.19299570547627 0.247754066590494 0.01 0.01 "simulation1" 7.49043945383917 3.15335640401148
"Conti_0.01_0.0138" 37 7.56364068259459 0.449592869391017 37 5.4105410031608 0.337334745082167 37 3.2929285460658 0.242670444789373 0.01 0.01 "simulation1" 7.25116825202847 2.95451632130046
"Conti_0.01_0.0139" 38 7.73424750029134 0.444805891382653 38 5.53464489192396 0.329970760194818 38 3.37850957325023 0.195575101803526 0.01 0.01 "simulation1" 7.08715615463043 2.97893720924847
"Conti_0.01_0.0140" 39 7.88970733437935 0.40897375103945 39 5.64889221748948 0.310784093626718 39 3.45569183020046 0.217509112963025 0.01 0.01 "simulation1" 7.03464222365314 3.16743335174905
"Conti_0.01_0.0141" 40 8.03836676491928 0.429010421227808 40 5.76626918311519 0.342053122437726 40 3.5494736945322 0.257228088497258 0.01 0.01 "simulation1" 6.76290263431111 3.18781579086013
"Conti_0.01_0.0142" 41 8.18891623218905 0.415273301578158 41 5.88638408870006 0.323260345048319 41 3.64585564038924 0.23366556221677 0.01 0.01 "simulation1" 6.63631105576896 3.03252682765332
"Conti_0.01_0.0143" 42 8.32789168596915 0.40140156960669 42 5.99906676323248 0.322008545877837 42 3.73727688632207 0.247091951047971 0.01 0.01 "simulation1" 6.48469333107519 3.11268697790812
"Conti_0.01_0.0144" 43 8.46495296269983 0.412005521361685 43 6.10927103702408 0.315878987156407 43 3.83866311854618 0.267133089397887 0.01 0.01 "simulation1" 6.30075170516493 3.08652309419833
"Conti_0.01_0.0145" 44 8.60175913417888 0.40285667787001 44 6.20974886658811 0.292487384744468 44 3.92738208880422 0.205595838820683 0.01 0.01 "simulation1" 6.1435787958235 2.94311904788758
"Conti_0.01_0.0146" 45 8.72955197088585 0.391592459103245 45 6.29995581139448 0.285398640310727 45 4.00109032626701 0.215808969874524 0.01 0.01 "simulation1" 5.94252876628043 3.00223075771357
"Conti_0.01_0.0147" 46 8.86058483763409 0.414544014458888 46 6.39321116573356 0.304284844492994 46 4.08167893877481 0.230681569396813 0.01 0.01 "simulation1" 5.76185932777731 3.01298233659949
"Conti_0.01_0.0148" 47 8.99243510415892 0.39789758394006 47 6.4905744664756 0.302583793675901 47 4.16464865047635 0.230191248582645 0.01 0.01 "simulation1" 5.5409810026373 2.9735185614321
"Conti_0.01_0.0149" 48 9.11917835315075 0.405504467557325 48 6.58769430445864 0.308922124049185 48 4.25039268921007 0.246707971785229 0.01 0.01 "simulation1" 5.29155836042709 2.89117204489438
"Conti_0.02_0.021" 0 0 0 0 0 0 0 0 0 0.02 0.02 "simulation2" 0 0
"Conti_0.02_0.022" 1 0.0454108018319299 0 1 0.0454106871075071 0 1 0.0454110470423791 0 0.02 0.02 "simulation2" 0 0
"Conti_0.02_0.023" 2 0.142660657930512 0.359947530118471 2 0.121511667605345 0.251038715359749 2 0.0990675541949662 0.11054723146862 0.02 0.02 "simulation2" 0 0
"Conti_0.02_0.024" 3 0.437817401161864 0.653631171469623 3 0.321658077153918 0.474332127463261 3 0.215291853432209 0.308816727176418 0.02 0.02 "simulation2" 0.0022250680047472 0.00385393083451806
"Conti_0.02_0.025" 4 0.862971610372086 0.72771825067468 4 0.616666303480804 0.553965722701473 4 0.403565562690096 0.379858961942605 0.02 0.02 "simulation2" 0.143558923642405 0.167930105999117
"Conti_0.02_0.026" 5 1.28565700250343 0.675620197993076 5 0.926082790575182 0.536152357907426 5 0.600222415827454 0.357485303544495 0.02 0.02 "simulation2" 0.763474959248827 0.540024717226746
"Conti_0.02_0.027" 6 1.65064732991152 0.60608023773805 6 1.20965793729186 0.502115262409824 6 0.786733874315851 0.36220498727599 0.02 0.02 "simulation2" 1.6265078216721 0.994061412350026
"Conti_0.02_0.028" 7 2.00620317333194 0.650969741959007 7 1.4954693995556 0.543406939543418 7 0.985553296474031 0.394954845118212 0.02 0.02 "simulation2" 2.38396236158031 1.29133581028403
"Conti_0.02_0.029" 8 2.34482226207359 0.570541746598629 8 1.7695521458102 0.476876763645486 8 1.17050888295281 0.328311808664148 0.02 0.02 "simulation2" 3.41434230959644 1.40557641215283
"Conti_0.02_0.0210" 9 2.66631922753389 0.61670417989265 9 2.02314279968704 0.495746643119567 9 1.34439959362382 0.367177879245739 0.02 0.02 "simulation2" 3.94461922769024 1.52880914126465
"Conti_0.02_0.0211" 10 2.99003496198929 0.581210446875112 10 2.27297896420249 0.469947770902505 10 1.52502818953052 0.351826285241918 0.02 0.02 "simulation2" 4.39390875593124 1.68409722849986
"Conti_0.02_0.0212" 11 3.3072141931859 0.613843355405618 11 2.51775998261093 0.488708227007664 11 1.70363427270034 0.367671444694129 0.02 0.02 "simulation2" 4.7050310016952 1.74947510673886
"Conti_0.02_0.0213" 12 3.6457571049084 0.639787273956578 12 2.76643680231945 0.488769693102189 12 1.87702867264454 0.343367737222313 0.02 0.02 "simulation2" 4.8698752915879 1.67589056193186
"Conti_0.02_0.0214" 13 3.9832197579561 0.623270677533827 13 3.01748522638084 0.504485689279082 13 2.05522076836989 0.38914464521611 0.02 0.02 "simulation2" 5.18408996367226 1.85724334862378
"Conti_0.02_0.0215" 14 4.31023015830392 0.621468986913431 14 3.27120919998928 0.500816125924441 14 2.24547055565405 0.385446875922589 0.02 0.02 "simulation2" 5.5676550081508 2.06587655224878
"Conti_0.02_0.0216" 15 4.61994920521027 0.584912314505806 15 3.51513408160162 0.484994800311947 15 2.43490800773877 0.392456950245038 0.02 0.02 "simulation2" 5.85960832067516 2.15771517572649
"Conti_0.02_0.0217" 16 4.92045711663664 0.608342768280767 16 3.74703093915444 0.474768648896136 16 2.60846260599514 0.344956184840617 0.02 0.02 "simulation2" 6.3378677005301 2.45001417708761
"Conti_0.02_0.0218" 17 5.23035731956384 0.613656489473424 17 3.97711179536654 0.487109447187106 17 2.7769162031224 0.387009804668257 0.02 0.02 "simulation2" 6.88058543505712 2.72137105687648
"Conti_0.02_0.0219" 18 5.53769033319409 0.610944749747728 18 4.21885635819683 0.510466891737553 18 2.97930728854804 0.44646496683572 0.02 0.02 "simulation2" 7.39102140352252 3.08994737384495
"Conti_0.02_0.0220" 19 5.82021327783809 0.548480935756972 19 4.45512503713681 0.478127332838115 19 3.18184711772668 0.397845623284038 0.02 0.02 "simulation2" 7.88218384915292 3.25690385375385
"Conti_0.02_0.0221" 20 6.06389270254297 0.521504584609514 20 4.66970761077565 0.457412222009679 20 3.36882109807236 0.407476457153991 0.02 0.02 "simulation2" 8.55788473953541 3.5684069604295
"Conti_0.02_0.0222" 21 6.30686380248489 0.547656069353337 21 4.87201732769887 0.447199724839155 21 3.54390562706553 0.363966710739071 0.02 0.02 "simulation2" 8.95589331104788 3.76676053205007
"Conti_0.02_0.0223" 22 6.55294094098232 0.538437226145722 22 5.07200787127974 0.455599403342314 22 3.70491622011045 0.370221074689126 0.02 0.02 "simulation2" 9.35781656711201 3.94917106018517
"Conti_0.02_0.0224" 23 6.81277037862942 0.590042037339667 23 5.27514899428758 0.460035588121763 23 3.86786768733743 0.371495656153584 0.02 0.02 "simulation2" 9.75463451845047 4.32451760308724
"Conti_0.02_0.0225" 24 7.07515613499514 0.557628030304008 24 5.46803431336077 0.442881695051801 24 4.02566891446231 0.367249350025512 0.02 0.02 "simulation2" 10.0207967390304 4.36842982130004
"Conti_0.02_0.0226" 25 7.35507171578043 0.636876016562799 25 5.70328029748987 0.576648834973476 25 4.21279087204902 0.46456363882031 0.02 0.02 "simulation2" 10.9802134372139 3.48237249140243
"Conti_0.02_0.0227" 26 7.61881594393974 0.52101205413059 26 5.95242790030208 0.487765512603488 26 4.42828157599173 0.455969220326555 0.02 0.02 "simulation2" 10.4634264440637 3.22027720113928
"Conti_0.02_0.0228" 27 7.83469315193278 0.526711318816121 27 6.16662101657181 0.499957091864377 27 4.6340482867025 0.453005178413002 0.02 0.02 "simulation2" 10.8316226769009 3.50975137981472
"Conti_0.02_0.0229" 28 8.06789716004254 0.566752178185504 28 6.39181145067803 0.516604891766604 28 4.84911183217156 0.485597091970866 0.02 0.02 "simulation2" 11.0896370214766 3.32632265052829
"Conti_0.02_0.0230" 29 8.32608189413192 0.596343728522631 29 6.61696033207239 0.506880281825984 29 5.06365740120671 0.45871527278469 0.02 0.02 "simulation2" 11.2502629132233 3.52907849937972
"Conti_0.02_0.0231" 30 8.57820079117045 0.559383464176905 30 6.83455305221662 0.503531597064702 30 5.27076507465093 0.472480871263133 0.02 0.02 "simulation2" 11.5735531985685 3.53880967540228
"Conti_0.02_0.0232" 31 8.80401890877074 0.538630811969018 31 7.04910338473282 0.504211854993998 31 5.48112894715968 0.473316742673228 0.02 0.02 "simulation2" 11.7096459778031 3.45972225524419
"Conti_0.02_0.0233" 32 9.03423657178721 0.570324640008541 32 7.26495012322705 0.50946482270924 32 5.68863717087298 0.468574281792067 0.02 0.02 "simulation2" 11.825172699089 3.59198546662244
"Conti_0.02_0.0234" 33 9.25530736067122 0.519011499976523 33 7.46399432544735 0.464697790836247 33 5.87101232511691 0.401361629060684 0.02 0.02 "simulation2" 12.3509742632525 3.77353967846266
"Conti_0.02_0.0235" 34 9.45467758108848 0.520103074340924 34 7.64401015443206 0.459375158508688 34 6.0323609651566 0.414454443207263 0.02 0.02 "simulation2" 12.2178866088383 3.47940311234322
"Conti_0.02_0.0236" 35 9.65304124462467 0.516154665501142 35 7.82219551871275 0.462819553134108 35 6.19833611960897 0.416105441189084 0.02 0.02 "simulation2" 11.9437149785822 3.46655735959519
"Conti_0.02_0.0237" 36 9.8386261144154 0.493828634725659 36 8.00175189698471 0.466964687815679 36 6.36553596560385 0.423106232400796 0.02 0.02 "simulation2" 12.0711553601237 3.7208851130881
"Conti_0.02_0.0238" 37 10.0303902904489 0.535067690337988 37 8.17597218277301 0.450912259363365 37 6.52727974279753 0.402397331203471 0.02 0.02 "simulation2" 12.0798212599302 3.78446255604096
"Conti_0.02_0.0239" 38 10.2248242010357 0.498427785835641 38 8.33394995097792 0.422938511281166 38 6.67226601000155 0.375990699645796 0.02 0.02 "simulation2" 11.6170725322504 3.78007676030753
"Conti_0.02_0.0240" 39 10.3734127939391 0.41420307628815 39 8.47078423820201 0.390313239869311 39 6.80018402785613 0.351163512859188 0.02 0.02 "simulation2" 11.4161240525989 3.73936691403447
"Conti_0.02_0.0241" 40 10.4866782395241 0.397201213914433 40 8.59000873778551 0.372405587101491 40 6.91429525365068 0.336137505406281 0.02 0.02 "simulation2" 11.0448291832817 3.46458299946049
"Conti_0.02_0.0242" 41 10.5997658999451 0.409057492482128 41 8.70802958867685 0.386913585495324 41 7.03182208876196 0.364033594549892 0.02 0.02 "simulation2" 11.0371727987782 3.90696871747884
"Conti_0.02_0.0243" 42 10.7092969708575 0.390950032592905 42 8.82550313170671 0.374332221979854 42 7.15804731287261 0.364659490725451 0.02 0.02 "simulation2" 10.7931621028663 4.01722066510306
"Conti_0.02_0.0244" 43 10.8216920903274 0.42023245744066 43 8.94363934286667 0.392460685265947 43 7.2755416792019 0.341853471082223 0.02 0.02 "simulation2" 10.4898705079363 3.97291624356247
"Conti_0.02_0.0245" 44 10.9356000838576 0.397276743532793 44 9.06009127851204 0.370152901942426 44 7.38206651299497 0.332537946813988 0.02 0.02 "simulation2" 10.3050714337814 3.86005628468856
"Conti_0.02_0.0246" 45 11.0387731797167 0.392759411819215 45 9.16203540830107 0.352778993304804 45 7.48161704445725 0.322125033916159 0.02 0.02 "simulation2" 10.175409196748 3.94351910651796
"Conti_0.02_0.0247" 46 11.1355152506271 0.379639727685798 46 9.25970548687419 0.358938706105962 46 7.58261830878004 0.340510462137955 0.02 0.02 "simulation2" 9.99585254566332 3.89468758046482
"Conti_0.02_0.0248" 47 11.2304425314127 0.39167589794409 47 9.36198800662692 0.368824084269789 47 7.69113788998414 0.347923795221903 0.02 0.02 "simulation2" 9.91727689465256 4.08948758529308
"Conti_0.02_0.0249" 48 11.3354574805031 0.414004746018669 48 9.4648638798469 0.36418741656998 48 7.79615061119682 0.333010283448297 0.02 0.02 "simulation2" 9.5187478298265 3.89506339336253
"Conti_0.05_0.051" 0 0 0 0 0 0 0 0 0 0.05 0.05 "simulation3" 0 0
"Conti_0.05_0.052" 1 0.0557474197574625 0.139310325135902 1 0.0538364798550481 0.123086676025629 1 0.0529405131013928 0.111036141800542 0.05 0.05 "simulation3" 0 0
"Conti_0.05_0.053" 2 0.30766860145427 0.759586328513882 2 0.281770195922352 0.695481749804334 2 0.249764795529775 0.602960664380015 0.05 0.05 "simulation3" 0 0
"Conti_0.05_0.054" 3 0.976744128205757 1.18137771457539 3 0.85226812292942 1.02526686449678 3 0.711793038006956 0.843442430253208 0.05 0.05 "simulation3" 0.0222935562386057 0.0386135720866592
"Conti_0.05_0.055" 4 1.85120631082464 1.24185265830866 4 1.58831037036575 1.10625602327016 4 1.25653347666749 0.866893416697365 0.05 0.05 "simulation3" 0.314248761447724 0.325688522282483
"Conti_0.05_0.056" 5 2.77230087177026 1.31624442906871 5 2.36805843373437 1.15039945551478 5 1.85000706418203 0.97596641787588 0.05 0.05 "simulation3" 1.15868622801335 0.741875554596036
"Conti_0.05_0.057" 6 3.70412451402665 1.28332798971727 6 3.15765412922639 1.15249830200751 6 2.46679384545019 0.92788977177662 0.05 0.05 "simulation3" 2.48803069605266 1.01718320310917
"Conti_0.05_0.058" 7 4.60090647453939 1.26939686324921 7 3.9367826596421 1.14244451007038 7 3.05883524381441 0.943757421618587 0.05 0.05 "simulation3" 3.61469646251487 1.3424175965349
"Conti_0.05_0.059" 8 5.44834754271962 1.20758572081722 8 4.68242263413306 1.10164154213845 8 3.64591604323602 0.926493755471864 0.05 0.05 "simulation3" 4.5661422768487 1.70713893079624
"Conti_0.05_0.0510" 9 6.25655321085682 1.19989891419612 9 5.39612433806307 1.08816645721803 9 4.21587858992213 0.926165679243379 0.05 0.05 "simulation3" 5.318017050173 2.05828223364658
"Conti_0.05_0.0511" 10 6.99327933250064 1.0600624408888 10 6.0668708466473 1.02249297452197 10 4.81205971555636 0.991365563008918 0.05 0.05 "simulation3" 5.7441679277992 2.15589440562123
"Conti_0.05_0.0512" 11 7.60471311422375 0.972331611952465 11 6.67250946239816 0.970742142594516 11 5.4234914228176 0.969772601196833 0.05 0.05 "simulation3" 6.07610782653289 2.20868846563702
"Conti_0.05_0.0513" 12 8.18752014937796 1.00288200036915 12 7.25244879262568 0.969568016027401 12 6.00646045602766 0.950175974607842 0.05 0.05 "simulation3" 6.49449841482031 2.3232979850319
"Conti_0.05_0.0514" 13 8.78571384126928 1.00610040262047 13 7.82527975366022 0.965358469279237 13 6.57397400476616 0.943645800214968 0.05 0.05 "simulation3" 6.87919311028342 2.52635710448885
"Conti_0.05_0.0515" 14 9.3515807819564 0.952488310039426 14 8.36949615838028 0.919392677311935 14 7.10485862855691 0.879101714228114 0.05 0.05 "simulation3" 7.30281121344156 2.59134177356635
"Conti_0.05_0.0516" 15 9.90695338730363 0.996844451328976 15 8.89624899088576 0.940748087293142 15 7.60735239872031 0.890969456505252 0.05 0.05 "simulation3" 7.86716319323209 2.44139319235624
"Conti_0.05_0.0517" 16 10.4740566210387 0.985826499428422 16 9.42574340363398 0.932040596258941 16 8.08278048599829 0.826771924371968 0.05 0.05 "simulation3" 8.47339355605377 2.58911628778546
"Conti_0.05_0.0518" 17 11.0352456993037 0.998326659494944 17 9.93738247561164 0.916806590014114 17 8.52997152295333 0.839338825357926 0.05 0.05 "simulation3" 9.00661179281964 2.58413789135474
"Conti_0.05_0.0519" 18 11.5876422813321 0.977259890561783 18 10.4377160059406 0.91593456863929 18 8.97774313314854 0.832914053116781 0.05 0.05 "simulation3" 9.75073671712028 2.77567582856124
"Conti_0.05_0.0520" 19 12.115333001821 0.960337995110153 19 10.921218389941 0.885648383135745 19 9.41547406477136 0.826611516943096 0.05 0.05 "simulation3" 10.4435926141533 2.99858442735802
"Conti_0.05_0.0521" 20 12.6355541700285 0.973646221683656 20 11.3757076482122 0.865805208834699 20 9.83862564157339 0.808232221786728 0.05 0.05 "simulation3" 10.8835476154006 3.11912968390203
"Conti_0.05_0.0522" 21 13.1767077628477 1.00548588705754 21 11.8225595722444 0.872016384575104 21 10.2429700236504 0.790677451696803 0.05 0.05 "simulation3" 11.5627551525094 3.46544520137455
"Conti_0.05_0.0523" 22 13.6724248445592 0.896260528803656 22 12.2392538407154 0.811722403417316 22 10.6202308214075 0.756043439084423 0.05 0.05 "simulation3" 12.0359579012195 3.48917971996161
"Conti_0.05_0.0524" 23 14.1475815392969 0.971029934353634 23 12.6501995724899 0.867834978434416 23 10.990304669789 0.782561348140388 0.05 0.05 "simulation3" 12.6618735208096 3.72132186792719
"Conti_0.05_0.0525" 24 14.656584081998 0.985135182399302 24 13.0868649690623 0.883607728171347 24 11.3752681840528 0.795398149512016 0.05 0.05 "simulation3" 13.2517272242531 3.85242124053654
"Conti_0.05_0.0526" 25 15.2937822097041 1.26599521653766 25 13.5867680745484 1.01815332024131 25 11.7602568567816 0.79553772338628 0.05 0.05 "simulation3" 14.4866255470373 2.4713560084199
"Conti_0.05_0.0527" 26 16.0270229146622 1.17426494745599 26 14.1059307629582 0.932149005885296 26 12.1439400083033 0.800305063271135 0.05 0.05 "simulation3" 14.1535735272475 2.5483348307042
"Conti_0.05_0.0528" 27 16.7083239946284 1.20032553280919 27 14.5745178618494 0.934012979736464 27 12.5140460870537 0.776030373130582 0.05 0.05 "simulation3" 14.6154007671155 2.55711982640491
"Conti_0.05_0.0529" 28 17.3852545684366 1.17464945453072 28 15.0501227470341 0.949786396831141 28 12.8874367614012 0.815275459030052 0.05 0.05 "simulation3" 15.1677372834819 3.05529959837449
"Conti_0.05_0.0530" 29 18.058788860857 1.20520192336508 29 15.5268050322153 0.947298044638252 29 13.268427543361 0.796287999162665 0.05 0.05 "simulation3" 15.4730133448238 3.30729187612046
"Conti_0.05_0.0531" 30 18.7155373083251 1.15553636771681 30 15.979512486066 0.906286755903405 30 13.613147566389 0.745196927367513 0.05 0.05 "simulation3" 15.8246178882142 3.16577887680579
"Conti_0.05_0.0532" 31 19.3534522250319 1.1820416451338 31 16.4155487333919 0.922897046633613 31 13.9311637727856 0.738677211672204 0.05 0.05 "simulation3" 15.9155045846173 3.24140983092244
"Conti_0.05_0.0533" 32 19.9903444905727 1.16058842118568 32 16.8547580579026 0.916879094401268 32 14.2511938233499 0.750882859869237 0.05 0.05 "simulation3" 16.3451555816631 3.55063689626236
"Conti_0.05_0.0534" 33 20.5988638707145 1.13772567737445 33 17.270341322717 0.880950814353601 33 14.5500422166394 0.695760247124389 0.05 0.05 "simulation3" 16.3052809810983 3.69434974099709
"Conti_0.05_0.0535" 34 21.1632695357428 1.08743053887257 34 17.6541927778532 0.85666563510081 34 14.8229471663501 0.697536224053748 0.05 0.05 "simulation3" 16.4601698692319 3.56646482809859
"Conti_0.05_0.0536" 35 21.7207261867071 1.13232211465548 35 18.0276125182268 0.862576716185361 35 15.0973518622422 0.701601631899089 0.05 0.05 "simulation3" 16.25307362512 3.2933045074672
"Conti_0.05_0.0537" 36 22.2888040013205 1.11571864841844 36 18.3928115686884 0.845885255841388 36 15.3698066671024 0.699724073727761 0.05 0.05 "simulation3" 16.3379937810251 3.26702616916713
"Conti_0.05_0.0538" 37 22.8424680470807 1.11828526968082 37 18.7470355401608 0.844350772969179 37 15.6386322917703 0.699684907044916 0.05 0.05 "simulation3" 16.4274499527694 3.28792195467655
"Conti_0.05_0.0539" 38 23.3877707611917 1.1079056534366 38 19.0862938860301 0.819216315962443 38 15.8941174126327 0.670099164636043 0.05 0.05 "simulation3" 16.2035767454341 3.18915427159332
"Conti_0.05_0.0540" 39 23.915506484628 1.09468155043283 39 19.4120043035669 0.819181119660819 39 16.1375607771776 0.676338881236295 0.05 0.05 "simulation3" 16.3512786810253 3.06063340393368
"Conti_0.05_0.0541" 40 24.4314621449433 1.0951228108712 40 19.7259963106935 0.796820471701449 40 16.368976011756 0.641900648734356 0.05 0.05 "simulation3" 16.4890865080032 3.16532802585254
"Conti_0.05_0.0542" 41 24.947837628674 1.10604720734269 41 20.0257757133167 0.797119421647267 41 16.5717241785627 0.612054189815712 0.05 0.05 "simulation3" 16.5684640626164 3.55211869954839
"Conti_0.05_0.0543" 42 25.4720121058567 1.11975953086764 42 20.3299758116338 0.810851550772892 42 16.7654047557949 0.622298212789241 0.05 0.05 "simulation3" 16.7474377654211 3.72059954956384
"Conti_0.05_0.0544" 43 25.9883657925836 1.10078340724578 43 20.6321089507146 0.798475371274124 43 16.9653186417989 0.629760222418182 0.05 0.05 "simulation3" 16.5989396610707 3.56710231735405
"Conti_0.05_0.0545" 44 26.4817714746168 1.08648338418129 44 20.9191252482067 0.784709389870942 44 17.163522298978 0.622626532839278 0.05 0.05 "simulation3" 16.4783483309809 3.81682997048233
"Conti_0.05_0.0546" 45 26.9683458477904 1.10040663211534 45 21.1985226051567 0.788158774210806 45 17.3531664188413 0.613762758360229 0.05 0.05 "simulation3" 16.2279065813579 3.54380906956134
"Conti_0.05_0.0547" 46 27.4865087851693 1.16081826896004 46 21.4841156594786 0.806255399963893 46 17.5336606136471 0.603877277357795 0.05 0.05 "simulation3" 16.4465891145244 3.89517393456635
"Conti_0.05_0.0548" 47 28.04995632792 1.19687846080391 47 21.7864090632143 0.831974610423241 47 17.7088688380381 0.605073762421643 0.05 0.05 "simulation3" 16.1586404792703 4.03398272856758
"Conti_0.05_0.0549" 48 28.600463653306 1.14752841624729 48 22.0910726904703 0.818935197011123 48 17.887309588784 0.616846488904407 0.05 0.05 "simulation3" 16.0899143506703 3.96355093957843
"Conti_0.1_0.11" 0 0 0 0 0 0 0 0 0 0.1 0.1 "simulation4" 0 0
"Conti_0.1_0.12" 1 0.0521873867930009 0.122546145407116 1 0.049581022765969 0.0804293769511259 1 0.0454108111379945 0 0.1 0.1 "simulation4" 0.00289789881776974 0.00501930798757098
"Conti_0.1_0.13" 2 0.332175845493033 0.854172714599796 2 0.255538563970461 0.672119729440506 2 0.141250412883896 0.34393043859187 0.1 0.1 "simulation4" 0.00634360133788744 0.010987439820183
"Conti_0.1_0.14" 3 1.09396919273618 1.29186319274782 3 0.775931739253559 0.932818619764076 3 0.384339832984076 0.520778103171933 0.1 0.1 "simulation4" 0.0498413950755344 0.0863278285909388
"Conti_0.1_0.15" 4 2.1305623624554 1.45668397585572 4 1.45477148482264 1.07512282209149 4 0.728636986850602 0.64511970261004 0.1 0.1 "simulation4" 0.541855215143291 0.600663298949053
"Conti_0.1_0.16" 5 3.25905132223357 1.50995600711638 5 2.2030178924564 1.11246565273844 5 1.10600325484244 0.64642479607245 0.1 0.1 "simulation4" 1.69331089587633 1.04936998200231
"Conti_0.1_0.17" 6 4.40518977391516 1.51701759196999 6 2.98135995462706 1.16086875574279 6 1.49761296237903 0.69890288877935 0.1 0.1 "simulation4" 3.13619702975701 1.35094732956141
"Conti_0.1_0.18" 7 5.51654902788164 1.46927938312434 7 3.77690747017043 1.16123874323098 7 1.91619540811559 0.713545933185397 0.1 0.1 "simulation4" 4.48081490690126 1.7284824966401
"Conti_0.1_0.19" 8 6.56084292029964 1.41428941962215 8 4.54060172892505 1.11541187593348 8 2.31201889789108 0.658122819368199 0.1 0.1 "simulation4" 5.71672318416533 2.05287996495262
"Conti_0.1_0.110" 9 7.53681108430388 1.35695618528674 9 5.25697796242341 1.08135898232398 9 2.67688304212357 0.648380273713954 0.1 0.1 "simulation4" 6.62964385580256 2.51231081843395
"Conti_0.1_0.111" 10 8.44268216805311 1.2953694356083 10 5.94413745969327 1.06320329669985 10 3.03972300491968 0.658284702182183 0.1 0.1 "simulation4" 7.28768856338937 2.62732903008328
"Conti_0.1_0.112" 11 9.2795712146262 1.23866660789253 11 6.58646550842703 1.00230288538225 11 3.40081512621381 0.654806886540094 0.1 0.1 "simulation4" 7.84862740935861 2.84544557630912
"Conti_0.1_0.113" 12 10.0642315694855 1.20879074886527 12 7.19767365909434 1.00962225798352 12 3.77032870078036 0.685090759381968 0.1 0.1 "simulation4" 8.24616896462484 2.62069064972767
"Conti_0.1_0.114" 13 10.8391243286187 1.22438187728024 13 7.79976519480964 0.990274949661275 13 4.12833877080796 0.63747868331204 0.1 0.1 "simulation4" 8.91650487956935 2.92705298668708
"Conti_0.1_0.115" 14 11.5733746981766 1.13820761526526 14 8.37892915403046 0.97202761218671 14 4.47264316711433 0.662341037974759 0.1 0.1 "simulation4" 9.43934689753975 3.03015279240597
"Conti_0.1_0.116" 15 12.2225406208317 1.07367564627806 15 8.92553016491149 0.931356025244306 15 4.8252115254917 0.659819772199828 0.1 0.1 "simulation4" 10.030446882199 3.21136881582286
"Conti_0.1_0.117" 16 12.8396653226282 1.08227313585407 16 9.44150207471477 0.916792643316794 16 5.15621534443998 0.619245387645068 0.1 0.1 "simulation4" 10.8185436304793 3.16257607728201
"Conti_0.1_0.118" 17 13.469393664275 1.10386003974363 17 9.94457005443937 0.910423687784278 17 5.46486348936502 0.613519239595972 0.1 0.1 "simulation4" 12.0419626574148 3.8801115603064
"Conti_0.1_0.119" 18 14.0856163012352 1.06815951118869 18 10.4313628886405 0.893489613185543 18 5.77712238844602 0.636068911548005 0.1 0.1 "simulation4" 12.5241380439997 3.52790387042677
"Conti_0.1_0.120" 19 14.6737576183196 1.06115354620886 19 10.9178789425802 0.919112474430427 19 6.11210801981137 0.673820359159133 0.1 0.1 "simulation4" 13.5097028120684 3.94866399119594
"Conti_0.1_0.121" 20 15.2490097624946 1.05462786633603 20 11.4061273601373 0.906493937506734 20 6.4368479251384 0.623063818935071 0.1 0.1 "simulation4" 14.718779162631 4.36077353927047
"Conti_0.1_0.122" 21 15.8376797339504 1.09638809617226 21 11.8837180971119 0.90938287290287 21 6.74576506896896 0.650082209199146 0.1 0.1 "simulation4" 15.4790729377126 4.45889949863269
"Conti_0.1_0.123" 22 16.4223520986901 1.05652120963222 22 12.3603348264357 0.911914714124152 22 7.09005672229141 0.710171431038691 0.1 0.1 "simulation4" 16.2956018491307 4.59418937403382
"Conti_0.1_0.124" 23 16.969760856032 1.03329678709176 23 12.8226110150827 0.887544329043254 23 7.43290216409318 0.660506634792984 0.1 0.1 "simulation4" 17.0422471479234 4.75645265824835
"Conti_0.1_0.125" 24 17.4794030851468 0.996324293180483 24 13.2518803136498 0.865960884806321 24 7.75551593651925 0.676076771594967 0.1 0.1 "simulation4" 17.6654471595142 5.15097828308236
"Conti_0.1_0.126" 25 18.028217733219 1.11452095855612 25 13.7653107182424 1.07109303870473 25 8.21846732095914 1.01971531195958 0.1 0.1 "simulation4" 18.5096388808892 3.75139138097148
"Conti_0.1_0.127" 26 18.626104906674 1.11859230369244 26 14.3526822366735 1.03125188261616 26 8.7891816341522 0.906921245908005 0.1 0.1 "simulation4" 18.7601437656273 3.92546245075258
"Conti_0.1_0.128" 27 19.2189311364931 1.11924844030508 27 14.9137285506566 1.04897459319279 27 9.2970212864129 0.921343805138117 0.1 0.1 "simulation4" 19.6081913672941 3.63217903181121
"Conti_0.1_0.129" 28 19.8488074219926 1.21321019863357 28 15.5019330035008 1.09518642114332 28 9.78704567928378 0.873071196630201 0.1 0.1 "simulation4" 20.8574806676129 3.94738184997589
"Conti_0.1_0.130" 29 20.5247433256032 1.2214094329131 29 16.1094778780052 1.09941651945559 29 10.2642458923952 0.90136173551987 0.1 0.1 "simulation4" 21.4993152541314 3.72733082729858
"Conti_0.1_0.131" 30 21.1878664315353 1.20223881847304 30 16.6985673713274 1.07486340091211 30 10.7251603406765 0.849479988215977 0.1 0.1 "simulation4" 22.5238390266673 3.66034840261816
"Conti_0.1_0.132" 31 21.8206291906638 1.17701579958448 31 17.2685476306747 1.07197731492776 31 11.1868821791175 0.916211232166659 0.1 0.1 "simulation4" 23.079664969707 3.61451415866775
"Conti_0.1_0.133" 32 22.434953813959 1.17789144352604 32 17.8334816177754 1.07494674243183 32 11.6825103248712 0.927858103754672 0.1 0.1 "simulation4" 23.5019683544975 3.60834974120491
"Conti_0.1_0.134" 33 23.0485497455519 1.18233509345431 33 18.3928643977688 1.0704202142738 33 12.1666091670352 0.906153743508259 0.1 0.1 "simulation4" 24.0012689325539 3.48289880588835
"Conti_0.1_0.135" 34 23.6326154174677 1.13686584156399 34 18.9302433846419 1.04216453466815 34 12.6293466970276 0.888360731393948 0.1 0.1 "simulation4" 24.5614540138256 3.94309476206917
"Conti_0.1_0.136" 35 24.2195935865548 1.19688454260862 35 19.4544347117589 1.05432092349094 35 13.0508478243683 0.824964964860239 0.1 0.1 "simulation4" 24.8782345838302 3.71403371067532
"Conti_0.1_0.137" 36 24.8110303602047 1.15504292512841 36 19.9763885769681 1.04650370460433 36 13.4437699869957 0.834805562218616 0.1 0.1 "simulation4" 25.3788973744155 3.57251568854369
"Conti_0.1_0.138" 37 25.3835505939234 1.17032282034177 37 20.4931415630945 1.05242064036141 37 13.8507908330035 0.859879619228301 0.1 0.1 "simulation4" 25.5187443657764 4.20418828492028
"Conti_0.1_0.139" 38 25.9194151695918 1.0920196408501 38 20.9849891016225 1.00803830770872 38 14.2613957630647 0.853043296258491 0.1 0.1 "simulation4" 25.1313276831249 3.7559226593113
"Conti_0.1_0.140" 39 26.4144402510946 1.10238460979249 39 21.4515916664644 1.00608450475035 39 14.667034883465 0.857475479264228 0.1 0.1 "simulation4" 25.8067750288015 3.88679684436723
"Conti_0.1_0.141" 40 26.9196633300343 1.11705978895507 40 21.916813824918 1.01397696988622 40 15.0541776656332 0.820807706512571 0.1 0.1 "simulation4" 26.0674152230436 4.62009192962925
"Conti_0.1_0.142" 41 27.4314891222552 1.12617534812001 41 22.3750201969634 1.00207478432484 41 15.4227180839783 0.825305533526822 0.1 0.1 "simulation4" 26.6224865496042 4.87094429908065
"Conti_0.1_0.143" 42 27.9407897598837 1.12241589048759 42 22.8305229474995 1.01628714078023 42 15.793652029182 0.829237667443216 0.1 0.1 "simulation4" 26.7018562237626 5.46941602478736
"Conti_0.1_0.144" 43 28.4268187870225 1.08635298104753 43 23.2754759136446 0.986211181530822 43 16.1495628295667 0.796429964761147 0.1 0.1 "simulation4" 26.9577838864884 5.12307866035043
"Conti_0.1_0.145" 44 28.8781276831831 1.06418098616725 44 23.6845513902646 0.950908716235862 44 16.4662715810181 0.746654202425123 0.1 0.1 "simulation4" 26.9667501977544 5.69648561617857
"Conti_0.1_0.146" 45 29.3174658057572 1.06969557029759 45 24.0673973170718 0.938207852145126 45 16.7503530948772 0.726617125003939 0.1 0.1 "simulation4" 27.5580652516154 5.467993983497
"Conti_0.1_0.147" 46 29.7632618214918 1.08237417463046 46 24.4485851754313 0.95092580232846 46 17.0325246255885 0.744149774611405 0.1 0.1 "simulation4" 27.5729300349828 5.92310434680092
"Conti_0.1_0.148" 47 30.1947453104621 1.05449924684281 47 24.8201212548533 0.925180820103643 47 17.3165339770104 0.730957576991178 0.1 0.1 "simulation4" 28.2267996520858 6.07363049476748
"Conti_0.1_0.149" 48 30.6320680978332 1.1079593455487 48 25.1774092444791 0.930125193575935 48 17.5652627357563 0.662965932568367 0.1 0.1 "simulation4" 28.1007880242297 6.12588601979843
"Conti_0.22_0.221" 0 0 0 0 0 0 0 0 0 0.22 0.22 "simulation5" 0 0
"Conti_0.22_0.222" 1 0.0813156433386043 0.295540441626416 1 0.0566858275743284 0.158699882182743 1 0.0454110886696741 0 0.22 0.22 "simulation5" 0 0
"Conti_0.22_0.223" 2 0.575141619576009 1.22641165165992 2 0.397100673508757 0.966031349273209 2 0.18635846416208 0.528614876229455 0.22 0.22 "simulation5" 0.00580070070334182 0.0100471083376886
"Conti_0.22_0.224" 3 1.60948300567678 1.44366156261538 3 1.1482112739124 1.1507365742094 3 0.549853802697432 0.678677298616723 0.22 0.22 "simulation5" 0.0855001634780375 0.122241007618343
"Conti_0.22_0.225" 4 2.69599779059946 1.44504065323821 4 1.99379477916409 1.233185215772 4 1.02250893332841 0.8393074266616 0.22 0.22 "simulation5" 0.467331062712034 0.297260549487002
"Conti_0.22_0.226" 5 3.82396075555681 1.55621753141879 5 2.88784594179961 1.27809856564932 5 1.53990768157856 0.807313820835535 0.22 0.22 "simulation5" 2.04237727645882 0.950523336778062
"Conti_0.22_0.227" 6 5.02580052264433 1.59222830528533 6 3.81832759746122 1.32953654270894 6 2.04727271725816 0.84092962507435 0.22 0.22 "simulation5" 3.55263836543111 1.28871861693056
"Conti_0.22_0.228" 7 6.27964990988906 1.67411835162813 7 4.79808509175888 1.38896685931578 7 2.56672782692748 0.842257729972002 0.22 0.22 "simulation5" 5.07878800408942 1.5910860340438
"Conti_0.22_0.229" 8 7.56801663561663 1.67030988147422 8 5.79324722112867 1.37626117388067 8 3.07283529036226 0.824329592088389 0.22 0.22 "simulation5" 6.20071051071896 1.86538698690397
"Conti_0.22_0.2210" 9 8.80287036734168 1.60839723989499 9 6.74504989483628 1.3280849219841 9 3.56092199255763 0.808780011841674 0.22 0.22 "simulation5" 7.19093734474528 1.9940295859048
"Conti_0.22_0.2211" 10 9.96131147473985 1.55726593006659 10 7.62839833712428 1.26508329541001 10 4.01003289751341 0.747767522169508 0.22 0.22 "simulation5" 7.96534720645758 2.32408802106099
"Conti_0.22_0.2212" 11 11.0542834979385 1.50770104029318 11 8.4618762496902 1.24567243018632 11 4.44312571204912 0.780918166601604 0.22 0.22 "simulation5" 8.41983272114211 2.22200582896889
"Conti_0.22_0.2213" 12 12.0874663235016 1.46855377660263 12 9.26751265408335 1.22118618974192 12 4.88917926232037 0.779935091103178 0.22 0.22 "simulation5" 8.73802470488672 2.14300849832955
"Conti_0.22_0.2214" 13 13.088145679957 1.45976648312125 13 10.0385840090274 1.19242550693794 13 5.31010476781715 0.73547189849929 0.22 0.22 "simulation5" 9.3437511636213 2.28642491672209
"Conti_0.22_0.2215" 14 14.0420844640729 1.40128539484288 14 10.7807984160154 1.17576650176457 14 5.7047027597694 0.730006482731064 0.22 0.22 "simulation5" 10.1492531364363 2.3045795076607
"Conti_0.22_0.2216" 15 14.9557429772274 1.39825775025795 15 11.4887750423407 1.13652887103657 15 6.10548770390503 0.754359609167893 0.22 0.22 "simulation5" 10.9549818185053 2.41753836194059
"Conti_0.22_0.2217" 16 15.8392394320714 1.35545587709775 16 12.1588940419707 1.11573410160616 16 6.51160685864262 0.755072186803122 0.22 0.22 "simulation5" 12.0584008948876 2.78121461763979
"Conti_0.22_0.2218" 17 16.677077195251 1.33526738354098 17 12.8228211185409 1.13448570693699 17 6.91934231747456 0.771212220340122 0.22 0.22 "simulation5" 12.9257974477583 2.99292117493442
"Conti_0.22_0.2219" 18 17.5110827566933 1.35734096177657 18 13.48919416795 1.13211371934437 18 7.33601285710982 0.78392412909405 0.22 0.22 "simulation5" 13.9175490367278 3.15015151568688
"Conti_0.22_0.2220" 19 18.3242087311495 1.31270825317956 19 14.1452007601635 1.12907869472308 19 7.75096305231853 0.778101570808213 0.22 0.22 "simulation5" 15.2137224490829 3.45178153663227
"Conti_0.22_0.2221" 20 19.1178427406898 1.33564059493298 20 14.7957083908823 1.1314472882894 20 8.15826369212514 0.776193894814856 0.22 0.22 "simulation5" 16.1222005300663 3.76146153426734
"Conti_0.22_0.2222" 21 19.8997038840416 1.3013114289746 21 15.4217145305715 1.09446916094747 21 8.55463591922358 0.764677708629546 0.22 0.22 "simulation5" 17.1638449686973 3.83522818732409
"Conti_0.22_0.2223" 22 20.6440852490568 1.28537148841686 22 16.0297628232848 1.10886781545858 22 8.95783247262165 0.799868606724221 0.22 0.22 "simulation5" 18.3694396670456 4.02556487349297
"Conti_0.22_0.2224" 23 21.393734948795 1.32232973552659 23 16.6427912043001 1.11357549791368 23 9.36629154406076 0.785016385033309 0.22 0.22 "simulation5" 19.4364265822987 3.88910230686665
"Conti_0.22_0.2225" 24 22.155898626929 1.32173576146243 24 17.2511838156201 1.11425046444688 24 9.74843427325942 0.780891172513677 0.22 0.22 "simulation5" 20.0029365616188 4.25906618836988
"Conti_0.22_0.2226" 25 22.9098149942222 1.32699682830567 25 17.9127866498275 1.24488783297706 25 10.3022760919847 1.16210734768221 0.22 0.22 "simulation5" 21.1626828296314 3.19341641440021
"Conti_0.22_0.2227" 26 23.7020571991197 1.4210006935024 26 18.6420101987534 1.25771113955905 26 11.0248026032771 1.13822911724557 0.22 0.22 "simulation5" 21.8942218017347 3.21172227707608
"Conti_0.22_0.2228" 27 24.5746347108114 1.48710028147466 27 19.3692314380624 1.2641912941218 27 11.7049949856594 1.12497465535562 0.22 0.22 "simulation5" 23.0170035775587 3.1089599073156
"Conti_0.22_0.2229" 28 25.5110121927436 1.5562833270051 28 20.1170302556306 1.31515899127127 28 12.3844223702155 1.15303450488366 0.22 0.22 "simulation5" 24.36079262087 3.51344111034421
"Conti_0.22_0.2230" 29 26.4733950978194 1.55467217620039 29 20.8974430457379 1.33870631651887 29 13.1010872849098 1.2109497850336 0.22 0.22 "simulation5" 25.5887940971956 3.67691667113119
"Conti_0.22_0.2231" 30 27.4245107847676 1.56188765033268 30 21.6839051783103 1.34764697297969 30 13.8432196629803 1.22200485315781 0.22 0.22 "simulation5" 27.0068648799541 4.10983265970995
"Conti_0.22_0.2232" 31 28.3950669139517 1.59908385912393 31 22.486225939513 1.38082176210797 31 14.6090587980484 1.26948466484874 0.22 0.22 "simulation5" 28.0096043364686 4.04264626304993
"Conti_0.22_0.2233" 32 29.3329665769207 1.52397872820319 32 23.2743057043996 1.3367834809934 32 15.3531137074184 1.19835558580373 0.22 0.22 "simulation5" 28.5395909840319 3.93919449527389
"Conti_0.22_0.2234" 33 30.2246230184532 1.53493443353391 33 24.0256667060565 1.32955855371478 33 16.0642966260499 1.22452293178673 0.22 0.22 "simulation5" 29.5861002830935 3.72204396512355
"Conti_0.22_0.2235" 34 31.0932727809016 1.49102123948874 34 24.7613243207919 1.31583860398514 34 16.7847602440117 1.22213098500863 0.22 0.22 "simulation5" 30.4792452552577 3.44548692454115
"Conti_0.22_0.2236" 35 31.9058489717014 1.45398368245433 35 25.4653243426694 1.28442715747958 35 17.4793655970431 1.18854894821099 0.22 0.22 "simulation5" 31.015900939213 3.17927946288453
"Conti_0.22_0.2237" 36 32.6982614801862 1.47187309711007 36 26.1448994733079 1.28529253062671 36 18.1361919498479 1.16413736063746 0.22 0.22 "simulation5" 31.9676073952327 3.77777181516951
"Conti_0.22_0.2238" 37 33.5346826956297 1.54118605459388 37 26.8397473735049 1.32172560056083 37 18.7819053717743 1.17825899071855 0.22 0.22 "simulation5" 32.3616356397141 3.62357149705932
"Conti_0.22_0.2239" 38 34.3895203610459 1.51938891873155 38 27.5361516393966 1.29943698622993 38 19.4364190953606 1.18922922230536 0.22 0.22 "simulation5" 33.4325530556594 3.78900155216718
"Conti_0.22_0.2240" 39 35.213434198467 1.50650556741233 39 28.1994215744998 1.27437936436856 39 20.0707765375954 1.15133825409574 0.22 0.22 "simulation5" 33.6027685032113 3.73261750532853
"Conti_0.22_0.2241" 40 36.0107068067448 1.48824764337476 40 28.8310085683889 1.25155232480993 40 20.6679209980993 1.12808503881032 0.22 0.22 "simulation5" 35.2525602968314 3.73375270479588
"Conti_0.22_0.2242" 41 36.8104654711839 1.52342948785418 41 29.4512230255805 1.26261778170542 41 21.2362826970491 1.10404474075014 0.22 0.22 "simulation5" 36.0929480232233 3.84785943629184
"Conti_0.22_0.2243" 42 37.6185033898077 1.51466514090464 42 30.0660864700631 1.25138055057822 42 21.7937596512991 1.11416612879245 0.22 0.22 "simulation5" 36.3574956794263 3.39071565171124
"Conti_0.22_0.2244" 43 38.4046664645799 1.50161777087537 43 30.6682076306586 1.25152145585525 43 22.3363840482888 1.08472471557576 0.22 0.22 "simulation5" 37.7368889253443 4.81937003026697
"Conti_0.22_0.2245" 44 39.1703034967498 1.49294552972974 44 31.2674961845781 1.25645287651638 44 22.8668993996065 1.09982274613624 0.22 0.22 "simulation5" 38.0206190696558 4.24577051182607
"Conti_0.22_0.2246" 45 39.9307160914532 1.50533626300878 45 31.8609052079848 1.25209752891239 45 23.3877303298714 1.07016765730368 0.22 0.22 "simulation5" 39.1362851281872 4.10511246226706
"Conti_0.22_0.2247" 46 40.6933232269084 1.5083302072657 46 32.445456182571 1.25077007701421 46 23.8660458562733 1.024054853063 0.22 0.22 "simulation5" 39.5625641935957 4.66147088527925
"Conti_0.22_0.2248" 47 41.4400179969378 1.4897344325314 47 33.0164868687981 1.23720008091067 47 24.3053780384313 1.00096918103606 0.22 0.22 "simulation5" 40.193691821182 4.99647332453863
"Conti_0.22_0.2249" 48 42.1533472480243 1.46096852792815 48 33.5805952865352 1.25020067022658 48 24.749607803098 1.04312075823147 0.22 0.22 "simulation5" 40.5695658472729 5.34114707217461
"Conti_0.46_0.461" 0 0 0 0 0 0 0 0 0 0.46 0.46 "simulation6" 0 0
"Conti_0.46_0.462" 1 0.116300528947129 0.431126470948916 1 0.106600674733238 0.38426620566679 1 0.100703019063957 0.349001029282547 0.46 0.46 "simulation6" 0.00494767727204197 0.00856962841463048
"Conti_0.46_0.463" 2 0.692762603859141 1.29110068603013 2 0.584428880681537 1.10207768379181 2 0.496259783156495 0.899776034287926 0.46 0.46 "simulation6" 0.0102850429936083 0.0178142170229599
"Conti_0.46_0.464" 3 1.76643479015062 1.48829539657508 3 1.42495243882047 1.2245602000734 3 1.10312389835329 0.946005570246608 0.46 0.46 "simulation6" 0.115379176343679 0.129717372453942
"Conti_0.46_0.465" 4 2.9424428052148 1.5617449495532 4 2.37623516316621 1.38791217989553 4 1.82196619360355 1.18122157662844 0.46 0.46 "simulation6" 0.871429226069853 0.485314892567839
"Conti_0.46_0.466" 5 4.16027177580343 1.60452526572751 5 3.43363346586389 1.45098632541243 5 2.66691262075492 1.21447842326802 0.46 0.46 "simulation6" 2.39575600922231 0.698399315255843
"Conti_0.46_0.467" 6 5.44592427495656 1.70580481859637 6 4.54130837176082 1.51114245702158 6 3.52232604604763 1.23403745986278 0.46 0.46 "simulation6" 4.01291569576665 0.761883674982982
"Conti_0.46_0.468" 7 6.79378126727097 1.73231723925065 7 5.68546584198093 1.53628514405731 7 4.39057133579952 1.25345599586922 0.46 0.46 "simulation6" 5.53722679090188 1.00635516293631
"Conti_0.46_0.469" 8 8.12306467381369 1.70747525682381 8 6.80455752355167 1.49044748289453 8 5.2370663328801 1.20808577893818 0.46 0.46 "simulation6" 6.52835411791042 1.18654280332552
"Conti_0.46_0.4610" 9 9.43905371195421 1.73104674707057 9 7.87201160502032 1.46578071340043 9 6.03207974117909 1.16963696624013 0.46 0.46 "simulation6" 7.46476276824114 1.40260002820272
"Conti_0.46_0.4611" 10 10.7318102762513 1.68457400133998 10 8.90561718636744 1.44385078999989 10 6.7801979579714 1.13019027382899 0.46 0.46 "simulation6" 8.18109568137189 1.70343473450965
"Conti_0.46_0.4612" 11 11.9498314066398 1.62357391958047 11 9.90230741259164 1.41461487395802 11 7.51207033766412 1.14636452323402 0.46 0.46 "simulation6" 8.60670526748975 1.69357365728482
"Conti_0.46_0.4613" 12 13.0775486622631 1.54372311745921 12 10.8595124322798 1.38654430346491 12 8.22410434018341 1.10336862139725 0.46 0.46 "simulation6" 9.09964811557979 1.51433663059717
"Conti_0.46_0.4614" 13 14.11766992377 1.48601435624407 13 11.7726522109575 1.35023248085963 13 8.90941851630728 1.1117057196301 0.46 0.46 "simulation6" 9.74893276265539 1.76150060929858
"Conti_0.46_0.4615" 14 15.1127699525656 1.47551521362619 14 12.6614877619196 1.35656792761551 14 9.6105896737102 1.14806932165319 0.46 0.46 "simulation6" 10.5355256821081 1.3627531124156
"Conti_0.46_0.4616" 15 16.0821648122144 1.4553823805787 15 13.5436912314697 1.34880221723915 15 10.3491308194297 1.1836238294716 0.46 0.46 "simulation6" 11.4656881073103 1.66738193476043
"Conti_0.46_0.4617" 16 17.0456733181334 1.47616582432485 16 14.3760378926338 1.27293031039136 16 10.9952041733702 0.976833805925142 0.46 0.46 "simulation6" 12.5385166904116 1.73082795247349
"Conti_0.46_0.4618" 17 17.9705277444618 1.40295556680346 17 15.1365971504299 1.23259734626617 17 11.4992152608937 0.910960483459617 0.46 0.46 "simulation6" 13.5614306622235 1.84470807780167
"Conti_0.46_0.4619" 18 18.8480283104979 1.4081747547856 18 15.8731762740342 1.23677412640465 18 11.9980957342302 0.96182547891023 0.46 0.46 "simulation6" 14.8068629469965 2.01098048461201
"Conti_0.46_0.4620" 19 19.7119913920573 1.38929093700319 19 16.6098214424058 1.24422744260294 19 12.5230307539158 0.974891004669258 0.46 0.46 "simulation6" 16.0623109192055 2.0314577204632
"Conti_0.46_0.4621" 20 20.5582563416435 1.39256750341226 20 17.3459487794103 1.24961619750236 20 13.0673782809001 1.01265951426835 0.46 0.46 "simulation6" 17.4422687233556 2.43419785491708
"Conti_0.46_0.4622" 21 21.3987935020593 1.3926978442635 21 18.0708594043586 1.23981998923577 21 13.5904814229285 0.949286872819076 0.46 0.46 "simulation6" 19.1761709690622 2.79568589448944
"Conti_0.46_0.4623" 22 22.2285035183639 1.39034498481146 22 18.7970850533743 1.26596668231513 22 14.1165017809869 1.03085304815552 0.46 0.46 "simulation6" 20.4543831957019 2.78673346382924
"Conti_0.46_0.4624" 23 23.0598717512976 1.41206270830806 23 19.531017815844 1.27035920693332 23 14.6647460726083 1.0072614839504 0.46 0.46 "simulation6" 22.0971163821883 3.37387193928686
"Conti_0.46_0.4625" 24 23.9010608263108 1.42519749874445 24 20.2675356352246 1.29392063999906 24 15.2194498108649 1.07661850443293 0.46 0.46 "simulation6" 23.438912968752 3.63494508847154
"Conti_0.46_0.4626" 25 24.7515265599902 1.45264424068804 25 21.0520571305743 1.37650918627235 25 15.9027835885886 1.26913954577978 0.46 0.46 "simulation6" 24.9358215915082 2.63373008783158
"Conti_0.46_0.4627" 26 25.6565388873219 1.54220445855245 26 21.8978518096282 1.42225220279051 26 16.6556819964708 1.23368133642239 0.46 0.46 "simulation6" 26.1243660673836 2.62157765209268
"Conti_0.46_0.4628" 27 26.6306741639932 1.59467459237046 27 22.7543402338385 1.42081492667183 27 17.397884969232 1.28020603959079 0.46 0.46 "simulation6" 27.6300285615807 2.539722450871
"Conti_0.46_0.4629" 28 27.6434785354527 1.63738183354546 28 23.6199839523781 1.46190839242842 28 18.1721324956535 1.30736576401719 0.46 0.46 "simulation6" 29.1402960541646 2.77118952629537
"Conti_0.46_0.4630" 29 28.7069745117874 1.70159453648976 29 24.5284486727537 1.51509156850747 29 18.9637499493675 1.33319486804571 0.46 0.46 "simulation6" 31.8212303474705 3.35679099589789
"Conti_0.46_0.4631" 30 29.7910596286776 1.69589279619087 30 25.4758806148081 1.55120507880557 30 19.7757540915828 1.36378033134102 0.46 0.46 "simulation6" 34.0873454917627 3.71555957073055
"Conti_0.46_0.4632" 31 30.8792393594009 1.72870467544696 31 26.4440780685733 1.57071626430515 31 20.6089374259765 1.38682205145179 0.46 0.46 "simulation6" 35.2696065476217 3.54348697400447
"Conti_0.46_0.4633" 32 31.9489409143534 1.68773019254175 32 27.4022090849654 1.55212948620063 32 21.4322005793179 1.35838392903621 0.46 0.46 "simulation6" 37.6081652932424 4.45516576963145
"Conti_0.46_0.4634" 33 33.0174789893526 1.74784907360923 33 28.3292335784256 1.53442277704592 33 22.1929390538197 1.29090808768097 0.46 0.46 "simulation6" 39.1672781509076 4.71299191193956
"Conti_0.46_0.4635" 34 34.1203917198937 1.75634631186246 34 29.2323010954363 1.52418601776326 34 22.909517584683 1.28175188722161 0.46 0.46 "simulation6" 40.2351921259505 5.20751526310114
"Conti_0.46_0.4636" 35 35.1876585309901 1.71526381901706 35 30.1091836326038 1.50709181651465 35 23.5920102954288 1.2358643993317 0.46 0.46 "simulation6" 42.7140179387157 6.17234967595424
"Conti_0.46_0.4637" 36 36.2407631399867 1.75400768344871 36 30.9960305620698 1.55648464585947 36 24.256673434924 1.26093900496999 0.46 0.46 "simulation6" 43.9250064467876 6.28173503142618
"Conti_0.46_0.4638" 37 37.3283845807447 1.78525318408768 37 31.9058402083331 1.55887868096463 37 24.9191706212004 1.24103259629756 0.46 0.46 "simulation6" 45.0675255372627 5.28158772650076
"Conti_0.46_0.4639" 38 38.4092944851272 1.76662968910159 38 32.78903489074 1.53361158051489 38 25.562255395541 1.2411371267905 0.46 0.46 "simulation6" 46.6944043400149 5.21093203765848
"Conti_0.46_0.4640" 39 39.482380040837 1.8003666564071 39 33.6676984438813 1.56846596136028 39 26.2157321528882 1.27046627205282 0.46 0.46 "simulation6" 48.2729592376413 6.18056499535608
"Conti_0.46_0.4641" 40 40.625049970803 1.89625685175089 40 34.5701790487501 1.5897962815957 40 26.8782917323768 1.27479507730407 0.46 0.46 "simulation6" 49.9025226450419 6.0718613559578
"Conti_0.46_0.4642" 41 41.8201601652473 1.90295697784046 41 35.487042147243 1.61132941675186 41 27.5547163440478 1.31638136868606 0.46 0.46 "simulation6" 52.6469016810259 7.27904932818283
"Conti_0.46_0.4643" 42 42.9773065630026 1.86272249068404 42 36.4029687220864 1.60566107241973 42 28.2667924823141 1.35141137298408 0.46 0.46 "simulation6" 53.3473048770577 7.00590980868469
"Conti_0.46_0.4644" 43 44.0979056923697 1.86310088299987 43 37.3050826178951 1.60598457678486 43 28.9894553914831 1.35501345244723 0.46 0.46 "simulation6" 55.2019565101398 7.0817467377245
"Conti_0.46_0.4645" 44 45.2038252778354 1.85533098517585 44 38.203266088397 1.61319438472907 44 29.7106161223866 1.35814774087579 0.46 0.46 "simulation6" 56.1455970148648 6.95774486461796
"Conti_0.46_0.4646" 45 46.3012729985117 1.87047975076538 45 39.086858845458 1.59807678638388 45 30.3826397054497 1.28045433040566 0.46 0.46 "simulation6" 59.0951826418257 7.47859024175719
"Conti_0.46_0.4647" 46 47.4220901512161 1.90799033163242 46 39.9649496571963 1.6183800830191 46 31.024969977378 1.3136533301732 0.46 0.46 "simulation6" 60.8036589793488 7.99341992353416
"Conti_0.46_0.4648" 47 48.5348565591691 1.87846427688371 47 40.8349943361483 1.60059362104004 47 31.6636926342008 1.28452532596881 0.46 0.46 "simulation6" 62.168274293587 7.73277584335803
"Conti_0.46_0.4649" 48 49.6272869943193 1.89810140575794 48 41.7007659221403 1.63013877999008 48 32.3087416206832 1.34467717112275 0.46 0.46 "simulation6" 64.0994558695451 8.98262970222096
