"time" "Srxn1_max" "NRF2_max" "time2" "Srxn1_mean" "NRF2_mean" "time3" "Srxn1_min" "NRF2_min" "dose1" "dose2" "Simulation" "SRXN1_observed" "SRXN1_SD"
"Conti_1_11" 0 0 0 0 0 0 0 0 0 1 1 "simulation1" 0 0
"Conti_1_12" 1 0.045411018709921 0 1 0.045411018709921 0 1 0.045411018709921 0 1 1 "simulation1" 0.00094521179855576 0.00163715485901213
"Conti_1_13" 2 0.0903589836370584 0 2 0.0903589836370584 0 2 0.0903589836370584 0 1 1 "simulation1" 0 0
"Conti_1_14" 3 0.134850357476693 0 3 0.134850357476693 0 3 0.134850357476693 0 1 1 "simulation1" 0 0
"Conti_1_15" 4 0.178887520198577 0 4 0.178887520198577 0 4 0.178887520198577 0 1 1 "simulation1" 0 0
"Conti_1_16" 5 0.222476395178421 0 5 0.222476395178421 0 5 0.222476395178421 0 1 1 "simulation1" 0.0187711948052851 0.0325126631215268
"Conti_1_17" 6 0.265621361634966 0 6 0.265621361634966 0 6 0.265621361634966 0 1 1 "simulation1" 0.123447968818721 0.086457450843005
"Conti_1_18" 7 0.308326944919149 0 7 0.308326944512214 0 7 0.308326944402776 0 1 1 "simulation1" 0.239949321100608 0.184452823216324
"Conti_1_19" 8 0.35059778040123 3.80777692506884e-05 8 0.350597651646119 1.26925897502295e-05 8 0.350597617019674 0 1 1 "simulation1" 0.28406179985972 0.180342681337585
"Conti_1_110" 9 0.392438212257305 0 9 0.392437892428941 0 9 0.392437806416672 0 1 1 "simulation1" 0.3595979862916 0.228215356773184
"Conti_1_111" 10 0.433852228209166 0 10 0.433851967153607 0 10 0.43385189694726 0 1 1 "simulation1" 0.413646697592654 0.303186333085455
"Conti_1_112" 11 0.474844571668934 0 11 0.4748443020594 0 11 0.474844228293012 0 1 1 "simulation1" 0.420663027192936 0.262974736545617
"Conti_1_113" 12 0.515419434264205 0 12 0.515419167391601 0 12 0.515419095635991 0 1 1 "simulation1" 0.44759002365878 0.299410859096708
"Conti_1_114" 13 0.555581084379442 0 13 0.555580820218887 0 13 0.555580750389081 0 1 1 "simulation1" 0.478164638774766 0.326848742732924
"Conti_1_115" 14 0.595333729525359 0 14 0.595333468054684 0 14 0.595333400704893 0 1 1 "simulation1" 0.524962596401084 0.373758039600529
"Conti_1_116" 15 0.634681534382922 0 15 0.634681275575053 0 15 0.634681211872611 0 1 1 "simulation1" 0.529898835249714 0.356840348188108
"Conti_1_117" 16 0.673628625472689 0 16 0.673628369300507 0 16 0.673628306751221 0 1 1 "simulation1" 0.520550032052438 0.32149513680343
"Conti_1_118" 17 0.71217908257653 0 17 0.712178829013194 0 17 0.712178766216409 0 1 1 "simulation1" 0.567268926839497 0.38683683116476
"Conti_1_119" 18 0.750336943019455 0 18 0.750336692038397 0 18 0.75033662958488 0 1 1 "simulation1" 0.595482726137408 0.435602042911206
"Conti_1_120" 19 0.788106205290226 0 19 0.788105956865147 0 19 0.78810589503713 0 1 1 "simulation1" 0.642968848127324 0.494781476355027
"Conti_1_121" 20 0.825490827138787 0 20 0.825490581243657 0 20 0.825490520036371 0 1 1 "simulation1" 0.678392794441832 0.551723784153597
"Conti_1_122" 21 0.862494725730907 0 21 0.862494482339962 0 21 0.862494421743191 0 1 1 "simulation1" 0.717739525435777 0.561659530850102
"Conti_1_123" 22 0.899121778315276 0 22 0.899121537403013 0 22 0.899121477425998 0 1 1 "simulation1" 0.725388700692793 0.579640812509282
"Conti_1_124" 23 0.935375822687619 0 23 0.935375584228795 0 23 0.935375524867271 0 1 1 "simulation1" 0.69778332989825 0.560905122635009
"Conti_1_125" 24 0.971260989879523 0 24 0.971260491953865 0 24 0.971260362765705 0 1 1 "simulation1" 0.675813963077061 0.561746896993409
"Conti_1_126" 25 1.00809126818358 0.0228378245073 25 1.00705615807973 0.0076126081691 25 1.00677975113429 0 1 1 "simulation1" 0.751362297207518 0.431954423830288
"Conti_1_127" 26 NA 0 26 NA 0 26 1.04193741169408 0 1 1 "simulation1" 0.660333266729488 0.438732927604925
"Conti_1_128" 27 NA 0.00510170254194442 27 NA 0.00170056751398147 27 1.07673702826431 0 1 1 "simulation1" 0.623550871872826 0.448736384208174
"Conti_1_129" 28 NA 0 28 NA 0 28 1.11118224714842 0 1 1 "simulation1" 0.60198148234524 0.438991180401749
"Conti_1_130" 29 NA 0.0102004163084657 29 NA 0.00340013876948856 29 1.14527667751608 0 1 1 "simulation1" 0.616153109232442 0.437839880018509
"Conti_1_131" 30 NA 0 30 NA 0 30 1.17902389178131 0 1 1 "simulation1" 0.550865731242487 0.447830295800651
"Conti_1_132" 31 NA 0.00176243712552782 31 NA 0.000587479041842605 31 1.21242742597685 0 1 1 "simulation1" 0.567130781844214 0.530352103617755
"Conti_1_133" 32 NA 0.0078198738459212 32 NA 0.00260662461530707 32 1.24549078012464 0 1 1 "simulation1" 0.501061673786617 0.437894359010715
"Conti_1_134" 33 NA 0 33 NA 0 33 1.27821741860256 0 1 1 "simulation1" 0.476200822294684 0.469252154911802
"Conti_1_135" 34 NA 0 34 NA 0 34 1.31061077050741 0 1 1 "simulation1" 0.439473030674637 0.429540057961441
"Conti_1_136" 35 NA 0.00150697225019214 35 NA 0.00050232408339738 35 1.34267423001425 0 1 1 "simulation1" 0.406823340376752 0.397377264496763
"Conti_1_137" 36 NA 0 36 NA 0 36 1.37441115673201 0 1 1 "simulation1" 0.373450732573842 0.384454405042192
"Conti_1_138" 37 NA 0 37 NA 0 37 1.40582487605551 0 1 1 "simulation1" 0.344718363536067 0.326303464710803
"Conti_1_139" 38 NA 0 38 NA 0 38 1.43691867951391 0 1 1 "simulation1" 0.334546049705238 0.336609329665746
"Conti_1_140" 39 NA 0 39 NA 0 39 1.46769582511559 0 1 1 "simulation1" 0.29611840143555 0.308198371367174
"Conti_1_141" 40 NA 0 40 NA 0 40 1.49815953768951 0 1 1 "simulation1" 0.194930258668829 0.132858536843761
"Conti_1_142" 41 NA 0 41 NA 0 41 1.52831300922315 0 1 1 "simulation1" 0.182052705217541 0.133403716974389
"Conti_1_143" 42 NA 0 42 NA 0 42 1.55815939919692 0 1 1 "simulation1" 0.166587777319722 0.138444735388461
"Conti_1_144" 43 NA 0 43 NA 0 43 1.58770183491521 0 1 1 "simulation1" 0.201561340464743 0.208114761980815
"Conti_1_145" 44 NA 0 44 NA 0 44 1.61694341183411 0 1 1 "simulation1" 0.167133517891135 0.188338293607279
"Conti_1_146" 45 NA 0 45 NA 0 45 1.64588719388573 0 1 1 "simulation1" 0.143708149645481 0.172776689878165
"Conti_1_147" 46 NA 0 46 NA 0 46 1.67453621379923 0 1 1 "simulation1" 0.150239798544679 0.164218076751418
"Conti_1_148" 47 NA 0 47 NA 0 47 1.70289347341858 0 1 1 "simulation1" 0.132923371361478 0.143659844928138
"Conti_1_149" 48 NA 0 48 NA 0 48 1.73096194401714 0 1 1 "simulation1" 0.129466895759473 0.142819095477552
"Conti_2.15_2.151" 0 0 0 0 0 0 0 0 0 2.15 2.15 "simulation2" 0 0
"Conti_2.15_2.152" 1 0.0454110730770967 0 1 0.0454110762584776 0 1 0.045411018709921 0 2.15 2.15 "simulation2" 0 0
"Conti_2.15_2.153" 2 0.0987812867163479 0.0910184065625271 2 0.092143922940153 0.0303394688541757 2 0.0903589836370584 0 2.15 2.15 "simulation2" 0 0
"Conti_2.15_2.154" 3 0.163208440283802 0.0775667488295955 3 0.140826936878173 0.0258555829431985 3 0.134850357476693 0 2.15 2.15 "simulation2" 0 0
"Conti_2.15_2.155" 4 0.227307907619912 0.104079117111167 4 0.189551499983776 0.0386968631226448 4 0.178887520198577 0 2.15 2.15 "simulation2" 0 0
"Conti_2.15_2.156" 5 0.307616511609203 0.160814651036208 5 0.24194371166561 0.0571654494122455 5 0.222476395178421 0 2.15 2.15 "simulation2" 0.0563780776781072 0.053315031680221
"Conti_2.15_2.157" 6 0.393150450166607 0.138613179244564 6 0.294456013445085 0.046652804661928 6 0.265621361634966 0 2.15 2.15 "simulation2" 0.198966109687877 0.141838684966668
"Conti_2.15_2.158" 7 0.482050062911345 0.185290458302389 7 0.348813683849801 0.0741322829473398 7 0.308326944402776 0 2.15 2.15 "simulation2" 0.350917394014159 0.23474215909151
"Conti_2.15_2.159" 8 0.586322328793501 0.206119504001407 8 0.406451371001897 0.0704866723106066 8 0.350597617019674 0 2.15 2.15 "simulation2" 0.4476289164308 0.267760332156928
"Conti_2.15_2.1510" 9 0.694117796673146 0.205685316828187 9 0.462382609431811 0.0688156168376248 9 0.392437806416672 0 2.15 2.15 "simulation2" 0.534305659193032 0.298181877573404
"Conti_2.15_2.1511" 10 0.794900787018187 0.183550655880796 10 0.516338577673068 0.0611835519602654 10 0.43385189694726 0 2.15 2.15 "simulation2" 0.592378800637641 0.327617481104218
"Conti_2.15_2.1512" 11 0.887688595636094 0.179478618686811 11 0.568168957286885 0.0598262062289369 11 0.474844228293012 0 2.15 2.15 "simulation2" 0.626113044887098 0.341536910899519
"Conti_2.15_2.1513" 12 0.988108764184216 0.214410502195435 12 0.621985130254924 0.0780056431463928 12 0.515419125785596 0 2.15 2.15 "simulation2" 0.792926088203663 0.332714962422197
"Conti_2.15_2.1514" 13 1.09505673729713 0.21469257176351 13 0.681548863902185 0.0954344987572486 13 0.555698366580628 0.00417454956574148 2.15 2.15 "simulation2" 0.80385279013265 0.296587563077962
"Conti_2.15_2.1515" 14 1.20143852348815 0.218669007251942 14 0.739250382551402 0.0733275864780422 14 0.595571025374425 0 2.15 2.15 "simulation2" 0.809660131601712 0.343163777414147
"Conti_2.15_2.1516" 15 1.31454461304328 0.242972762766724 15 0.795102092562026 0.0882652119226058 15 0.63502762641955 0.00404324380401366 2.15 2.15 "simulation2" 0.884744637961404 0.377044194788121
"Conti_2.15_2.1517" 16 1.42541360368961 0.215702880904842 16 0.850290467568695 0.0719639584465296 16 0.674087242169717 0 2.15 2.15 "simulation2" 0.907218978689124 0.43471191187199
"Conti_2.15_2.1518" 17 1.52768374314707 0.21246169001505 17 0.904211260458078 0.0837717859674049 17 0.712632129700597 0 2.15 2.15 "simulation2" 0.999583452269509 0.457142104348856
"Conti_2.15_2.1519" 18 1.62089193487561 0.179698839233394 18 0.956347299544485 0.0636716562802704 18 0.750785360189115 0 2.15 2.15 "simulation2" 1.10124587322147 0.484526754709927
"Conti_2.15_2.1520" 19 1.70588676881512 0.182007509758853 19 1.00581464198986 0.0702466347739235 19 0.788550231806337 0 2.15 2.15 "simulation2" 1.13204965280593 0.545991383806072
"Conti_2.15_2.1521" 20 1.78431848397453 0.156397954321062 20 1.05308141511392 0.0521326514403539 20 0.825930265808027 0 2.15 2.15 "simulation2" 1.03879221757508 0.564246212060005
"Conti_2.15_2.1522" 21 1.86736373477184 0.205048886089193 21 1.09948435257229 0.0683496286963976 21 0.862929687580455 0 2.15 2.15 "simulation2" 1.04845635364919 0.555808585704524
"Conti_2.15_2.1523" 22 1.96384348056456 0.213441654302625 22 1.14855078790663 0.0711472181008749 22 0.899552308701029 0 2.15 2.15 "simulation2" 1.04391549189527 0.576517668556029
"Conti_2.15_2.1524" 23 2.05906062359765 0.203202416717368 23 1.19705437316756 0.0677341389057894 23 0.935801967862445 0 2.15 2.15 "simulation2" 1.03674247299737 0.540068039145549
"Conti_2.15_2.1525" 24 2.1317567546385 0.122522949393707 24 1.24036093148278 0.0408409831312356 24 0.971682463581725 0 2.15 2.15 "simulation2" 1.04715243086547 0.558472367291514
"Conti_2.15_2.1526" 25 2.19778187696361 0.174423780758207 25 1.28381140629117 0.0704028688206392 25 1.0071975534942 0 2.15 2.15 "simulation2" 1.1392539910558 0.459194822331764
"Conti_2.15_2.1527" 26 2.26335817434176 0.119624987374018 26 1.3281519721682 0.0495399427199082 26 1.04235095918399 0 2.15 2.15 "simulation2" 0.986988613690316 0.380904897017544
"Conti_2.15_2.1528" 27 2.3216720234421 0.14752534755507 27 1.36899563278763 0.04917511585169 27 1.07714636421566 0 2.15 2.15 "simulation2" 0.956865609232433 0.397700396673111
"Conti_2.15_2.1529" 28 2.38455938691426 0.139803725124762 28 1.40915749594258 0.0470436568485402 28 1.11158741444845 0 2.15 2.15 "simulation2" 0.92063335192105 0.37945312655149
"Conti_2.15_2.1530" 29 2.443962810969 0.1381270215953 29 1.44863461099346 0.0473857602206078 29 1.14567771860789 0 2.15 2.15 "simulation2" 0.921665473535321 0.350004166654851
"Conti_2.15_2.1531" 30 2.50684473218818 0.158893826482772 30 1.48887143363118 0.055946823400026 30 1.17942084868574 0 2.15 2.15 "simulation2" 0.924863526431684 0.430279745750599
"Conti_2.15_2.1532" 31 2.57628224540478 0.170442892781067 31 1.52995519012606 0.056814297593689 31 1.21282034029014 0 2.15 2.15 "simulation2" 0.85070789782598 0.346403989850027
"Conti_2.15_2.1533" 32 2.64856750252046 0.174625289381529 32 1.5721163422731 0.0661734455985 32 1.24587969301666 0 2.15 2.15 "simulation2" 0.803361536837702 0.28110319938561
"Conti_2.15_2.1534" 33 2.7170532799256 0.157601173277391 33 1.61356971054287 0.0549762976586374 33 1.2786023708236 0 2.15 2.15 "simulation2" 0.799993480047395 0.263776535673756
"Conti_2.15_2.1535" 34 2.77951032042606 0.152281122578746 34 1.65279708785386 0.0539867320404578 34 1.31099180239276 0 2.15 2.15 "simulation2" 0.840369919633655 0.206658674840426
"Conti_2.15_2.1536" 35 2.84334781124849 0.162898108971427 35 1.69219483482636 0.0577367643309753 35 1.34305138148843 0 2.15 2.15 "simulation2" 0.762009818190084 0.142902131578097
"Conti_2.15_2.1537" 36 2.90289885578615 0.132929657784819 36 1.72979501995792 0.0448230648441357 36 1.37478446731294 0 2.15 2.15 "simulation2" 0.688399830328737 0.164940257798047
"Conti_2.15_2.1538" 37 2.94876941520097 0.100349565722461 37 1.76535486428983 0.0442493782300734 37 1.40619438485868 0 2.15 2.15 "simulation2" 0.627101414086013 0.151440956891851
"Conti_2.15_2.1539" 38 2.98667701172034 0.0893922798235036 38 1.7989239090482 0.0297974266078345 38 1.43728442525645 0 2.15 2.15 "simulation2" 0.543525376831039 0.133805156227709
"Conti_2.15_2.1540" 39 3.01804114987625 0.0623113675291891 39 1.83002403326362 0.0274981692318602 39 1.46805784612033 0 2.15 2.15 "simulation2" 0.507126494032685 0.121222936062475
"Conti_2.15_2.1541" 40 3.04506624566825 0.0652624615138896 40 1.86104913698477 0.0314678347214598 40 1.49851787188904 0 2.15 2.15 "simulation2" 0.378153480972617 0.0685127188896369
"Conti_2.15_2.1542" 41 3.07585010950665 0.0847831717724787 41 1.89327154981258 0.0396737314945066 41 1.52866769416377 0 2.15 2.15 "simulation2" 0.367110533163708 0.0820381698713635
"Conti_2.15_2.1543" 42 3.10829194380222 0.0783218748292351 42 1.92533220727702 0.0331982931651576 42 1.55851047204252 0 2.15 2.15 "simulation2" 0.308428659513164 0.0653075537358361
"Conti_2.15_2.1544" 43 3.14171346707671 0.0910907492630727 43 1.95635728117892 0.0339390268222667 43 1.5880493324512 0 2.15 2.15 "simulation2" 0.318514153059214 0.030678286459559
"Conti_2.15_2.1545" 44 3.17098681510426 0.0557749847914289 44 1.98630853586755 0.0262396543175551 44 1.61728737047126 0 2.15 2.15 "simulation2" 0.334316362837752 0.0442918446715828
"Conti_2.15_2.1546" 45 3.19598549836042 0.0681822068755108 45 2.01527383133016 0.0284724684941996 45 1.64622764966403 0 2.15 2.15 "simulation2" 0.261663720486272 0.0794351844577871
"Conti_2.15_2.1547" 46 3.22477145236854 0.0787043644375248 46 2.04505069549431 0.0351701550173745 46 1.67487320239162 0 2.15 2.15 "simulation2" 0.230865084676231 0.0568821753146048
"Conti_2.15_2.1548" 47 3.25483922299641 0.0780198289972793 47 2.07485653336114 0.0315142763960853 47 1.70322703013473 0 2.15 2.15 "simulation2" 0.225895609779739 0.00987351911069012
"Conti_2.15_2.1549" 48 3.28309949267928 0.0698653210254107 48 2.10396877153774 0.03253033942204 48 1.73129210380711 0 2.15 2.15 "simulation2" 0.208558600989934 0.0311487925612058
"Conti_4.64_4.641" 0 0 0 0 0 0 0 0 0 4.64 4.64 "simulation3" 0 0
"Conti_4.64_4.642" 1 0.0467879464235486 0.0271016066394344 1 0.0457034244094738 0.00903386887981147 1 0.045411018709921 0 4.64 4.64 "simulation3" 0 0
"Conti_4.64_4.643" 2 0.102856292654307 0.0889439010074157 2 0.0928382404323092 0.0296479670024719 2 0.0903589836370584 0 4.64 4.64 "simulation3" 0 0
"Conti_4.64_4.644" 3 0.181416922509421 0.160107953626052 3 0.147372096892887 0.0769134901515785 3 0.134850369501553 0 4.64 4.64 "simulation3" 0 0
"Conti_4.64_4.645" 4 0.277073635861979 0.177850778413783 4 0.213969887485543 0.112073933143307 4 0.179214737159942 0.0146290827208977 4.64 4.64 "simulation3" 0.00505243917268088 0.00875108134923455
"Conti_4.64_4.646" 5 0.377965170052236 0.193198914159041 5 0.29385655537079 0.150464691343003 5 0.232900919788034 0.0839277042594994 4.64 4.64 "simulation3" 0.260225055545075 0.115414896579158
"Conti_4.64_4.647" 6 0.486326839951906 0.210673877423852 6 0.37750277195717 0.135933024318971 6 0.289729405468524 0.0452213778251565 4.64 4.64 "simulation3" 0.697772439454556 0.271940838762964
"Conti_4.64_4.648" 7 0.586853095806857 0.169762068416545 7 0.454586877082557 0.127081099956396 7 0.343422161209528 0.0731938093479854 4.64 4.64 "simulation3" 1.07358559161977 0.403944602977266
"Conti_4.64_4.649" 8 0.685532722846469 0.207816155062674 8 0.53056672048637 0.13307784276674 8 0.401982069304814 0.0761001220772186 4.64 4.64 "simulation3" 1.33688684889526 0.561447018890714
"Conti_4.64_4.6410" 9 0.790045971829931 0.198301814691857 9 0.606166970068566 0.130617894306614 9 0.457166752406781 0.0622641554864558 4.64 4.64 "simulation3" 1.47190104314824 0.60396421114173
"Conti_4.64_4.6411" 10 0.901963479462547 0.24317082340168 10 0.686808927415777 0.161053550842904 10 0.518822807924128 0.116284273532244 4.64 4.64 "simulation3" 1.61156052598931 0.630851479217618
"Conti_4.64_4.6412" 11 1.02352707839047 0.236397001125411 11 0.774819580445138 0.166570043777464 11 0.588699100820136 0.109187371945727 4.64 4.64 "simulation3" 1.69582102937637 0.702249557468756
"Conti_4.64_4.6413" 12 1.13201998417533 0.203264064201343 12 0.860298320267755 0.15700080593304 12 0.654457889634655 0.103385243520002 4.64 4.64 "simulation3" 1.69856901683384 0.682628242914615
"Conti_4.64_4.6414" 13 1.23166099332137 0.201562566407174 13 0.945120353154134 0.166814124338295 13 0.71969173188374 0.109538324443811 4.64 4.64 "simulation3" 1.81577437702228 0.675600892319579
"Conti_4.64_4.6415" 14 1.32879662772292 0.194742899071379 14 1.02825737387002 0.15301121857307 14 0.78627968127261 0.111853352562223 4.64 4.64 "simulation3" 1.9401219179251 0.744025424974562
"Conti_4.64_4.6416" 15 1.4202263040391 0.182941715057807 15 1.10714940181341 0.150748281661772 15 0.848477391303895 0.0912384707773549 4.64 4.64 "simulation3" 2.02151778372614 0.709250253742427
"Conti_4.64_4.6417" 16 1.50948462010724 0.187550238487893 16 1.18173991831908 0.135215560886194 16 0.908217760555245 0.101936129396794 4.64 4.64 "simulation3" 2.06428029854062 0.778002944715355
"Conti_4.64_4.6418" 17 1.59417311771837 0.167028147801536 17 1.25178216034647 0.134724044799265 17 0.968434830308002 0.0971823008791104 4.64 4.64 "simulation3" 2.19358291500788 0.853239611078309
"Conti_4.64_4.6419" 18 1.67520416445738 0.173413974274601 18 1.32528627202553 0.151602114746056 18 1.03104565999764 0.117967174725572 4.64 4.64 "simulation3" 2.33671091294916 1.02336182514524
"Conti_4.64_4.6420" 19 1.7488471315543 0.139665654903075 19 1.39601029977606 0.127099957887749 19 1.09541039022334 0.111084292956758 4.64 4.64 "simulation3" 2.51754696832679 1.13343656621981
"Conti_4.64_4.6421" 20 1.82399764102522 0.182987998673662 20 1.46592383401187 0.152058356743147 20 1.16263685420149 0.134789758084151 4.64 4.64 "simulation3" 2.61988620009046 1.12454655071499
"Conti_4.64_4.6422" 21 1.90587302638472 0.173264486487226 21 1.53979191812515 0.147574275190155 21 1.22825706194299 0.105300787779957 4.64 4.64 "simulation3" 2.6685670720245 1.21426884776353
"Conti_4.64_4.6423" 22 1.99434972459742 0.216078002834457 22 1.61323878289208 0.156000978666014 22 1.28543373138634 0.0981450320689889 4.64 4.64 "simulation3" 2.78178418062811 1.23670447373866
"Conti_4.64_4.6424" 23 2.09147766787144 0.206958667130849 23 1.68989528358728 0.162337543068706 23 1.34470071294793 0.115399666046357 4.64 4.64 "simulation3" 2.77242108634144 1.19432396476145
"Conti_4.64_4.6425" 24 2.17042607826913 0.153544691678395 24 1.75934920030339 0.129035213945396 24 1.40255809311269 0.0943893263811396 4.64 4.64 "simulation3" 2.7632721311127 1.20392163982627
"Conti_4.64_4.6426" 25 2.25233105163966 0.213695821343095 25 1.82729906197702 0.154632073072196 25 1.45890959511083 0.107751614921466 4.64 4.64 "simulation3" 3.02808793033936 0.935582867858808
"Conti_4.64_4.6427" 26 2.32450908301938 0.110184417518577 26 1.88659203739536 0.0905688205118562 26 1.50769016681755 0.0527768615678934 4.64 4.64 "simulation3" 2.8818535287082 0.874469496488337
"Conti_4.64_4.6428" 27 2.37302045709316 0.11152360171622 27 1.93307401871149 0.0867143188338311 27 1.54740210907007 0.0559028701356246 4.64 4.64 "simulation3" 2.78894712473872 0.828284801463111
"Conti_4.64_4.6429" 28 2.42141226165205 0.102566566658752 28 1.97749961778023 0.0782203081414603 28 1.5883102764327 0.0590744549846636 4.64 4.64 "simulation3" 2.7517481456206 0.924963271656993
"Conti_4.64_4.6430" 29 2.46342436593906 0.0820658799363715 29 2.01858984133619 0.0713453597913145 29 1.62798786486514 0.0523091843054155 4.64 4.64 "simulation3" 2.70261771067057 0.860014985658003
"Conti_4.64_4.6431" 30 2.50687128294106 0.11061234130003 30 2.06134201538288 0.0895217733584039 30 1.66957147292502 0.0748941379116543 4.64 4.64 "simulation3" 2.67338198537428 0.846451789049764
"Conti_4.64_4.6432" 31 2.5520439449666 0.0937162519344324 31 2.10605169167473 0.0856910289617832 31 1.71528870834127 0.0801923592162528 4.64 4.64 "simulation3" 2.62069923021826 0.866785010349176
"Conti_4.64_4.6433" 32 2.59648204317702 0.110557507221784 32 2.15142252436574 0.0970819975130753 32 1.7607859315021 0.0791800928445914 4.64 4.64 "simulation3" 2.54714920752749 0.978011448163957
"Conti_4.64_4.6434" 33 2.64161883733519 0.10035518872745 33 2.19816729514799 0.0963334873542198 33 1.80786256136209 0.0923607762876231 4.64 4.64 "simulation3" 2.45693498015609 1.00599931095154
"Conti_4.64_4.6435" 34 2.68849840061228 0.123540223139895 34 2.24612868138443 0.106894054578058 34 1.85720596330092 0.0946216133966318 4.64 4.64 "simulation3" 2.33878375012554 0.914023532451965
"Conti_4.64_4.6436" 35 2.74089630277828 0.128473957037042 35 2.29512593746839 0.104210373670196 35 1.90572190517706 0.0916362163166163 4.64 4.64 "simulation3" 2.21533288303773 0.932661689169836
"Conti_4.64_4.6437" 36 2.79024664893941 0.113203047688125 36 2.34280056753763 0.103030357239387 36 1.95374488478138 0.0943943927543245 4.64 4.64 "simulation3" 2.0234628522738 0.814904503510639
"Conti_4.64_4.6438" 37 2.83659182621542 0.116181078083759 37 2.38877952506435 0.0978661504394998 37 2.0006809705202 0.0885874196514448 4.64 4.64 "simulation3" 1.91809717726298 0.831700016999295
"Conti_4.64_4.6439" 38 2.88316453654091 0.115592101579545 38 2.43432093324214 0.102508891196753 38 2.04746055290852 0.095648129472506 4.64 4.64 "simulation3" 1.75494979657448 0.718679688836167
"Conti_4.64_4.6440" 39 2.92702266423919 0.103713116335615 39 2.47873342859897 0.0941910596471432 39 2.09334637775976 0.0858237952218606 4.64 4.64 "simulation3" 1.55253514933684 0.634895295918801
"Conti_4.64_4.6441" 40 2.96783339854305 0.100797237699933 40 2.52103259998647 0.092075352130212 40 2.13656984517175 0.0816591627688281 4.64 4.64 "simulation3" 1.45497081705201 0.627067825920754
"Conti_4.64_4.6442" 41 3.00344376019797 0.0756063919617005 41 2.55755165282942 0.0603819482724517 41 2.17396847498795 0.0514535030749178 4.64 4.64 "simulation3" 1.34726913816993 0.575572203012442
"Conti_4.64_4.6443" 42 3.0359347072574 0.0855590026326114 42 2.59003135386953 0.0717319986668986 42 2.20763381130719 0.0612517121131262 4.64 4.64 "simulation3" 1.2463776753338 0.562897752043223
"Conti_4.64_4.6444" 43 3.06957060996935 0.082558993189644 43 2.62554221484301 0.0784053553821775 43 2.24459447279628 0.0713050279918516 4.64 4.64 "simulation3" 1.13786957966205 0.467308655264264
"Conti_4.64_4.6445" 44 3.103010369823 0.0871007590765709 44 2.66073413600039 0.0722128184667189 44 2.27927290210355 0.048674288688883 4.64 4.64 "simulation3" 1.03545080665698 0.402844824337318
"Conti_4.64_4.6446" 45 3.13666770176901 0.0850199463230255 45 2.69301425842769 0.0637155550935639 45 2.30850794935625 0.0381636565601177 4.64 4.64 "simulation3" 0.926728814183155 0.396893886596851
"Conti_4.64_4.6447" 46 3.16816868706259 0.0787431147337532 46 2.72476595128714 0.0699303331448217 46 2.33982477397873 0.0621061879668489 4.64 4.64 "simulation3" 0.776037917655404 0.473585566055154
"Conti_4.64_4.6448" 47 3.20249425811281 0.102196966613105 47 2.75599516448017 0.0622565310781185 47 2.37083436669356 0.0369883786899701 4.64 4.64 "simulation3" 0.783714438638206 0.400142602083436
"Conti_4.64_4.6449" 48 3.23975520559643 0.0959288486206308 48 2.7857929461274 0.0621871965800513 48 2.39722225096328 0.0308833600955385 4.64 4.64 "simulation3" 0.654360264933501 0.392191812932168
"Conti_10_101" 0 0 0 0 0 0 0 0 0 10 10 "simulation4" 0 0
"Conti_10_102" 1 0.0498659633479021 0.0607837785434625 1 0.0462230970549774 0.0202612595144875 1 0.045411018709921 0 10 10 "simulation4" 0 0
"Conti_10_103" 2 0.125771832174217 0.182707676417465 2 0.0997856148809592 0.0858901989469786 2 0.0903595710169248 0 10 10 "simulation4" 0 0
"Conti_10_104" 3 0.274804988874685 0.372843200442646 3 0.1994247363162 0.265669564873911 3 0.150898372445637 0.152144104373743 10 10 "simulation4" 0.00627303321200568 0.00949943987396587
"Conti_10_105" 4 0.511457779616272 0.473111354042335 4 0.36785059790965 0.353084577426577 4 0.259139488066291 0.23317366579356 10 10 "simulation4" 0.14372342630689 0.131159607904373
"Conti_10_106" 5 0.745290339635282 0.392684659254958 5 0.547677743546338 0.325337025467516 5 0.387575969724208 0.247750417721365 10 10 "simulation4" 0.800088194209058 0.367008125087328
"Conti_10_107" 6 0.97369684597888 0.470146358958251 6 0.722806198436431 0.350265415910845 6 0.518036665292589 0.251849943498205 10 10 "simulation4" 1.64987948735504 0.641717361384522
"Conti_10_108" 7 1.2222099038959 0.450262965899764 7 0.904709615495779 0.347943471271896 7 0.649317790948105 0.253042634334167 10 10 "simulation4" 2.39034435430121 0.882031435938008
"Conti_10_109" 8 1.44973472634408 0.425173864944775 8 1.07133029739952 0.309422052601147 8 0.767641640082192 0.204923205730849 10 10 "simulation4" 2.93359058461596 1.05242302481654
"Conti_10_1010" 9 1.67895591921384 0.4558462557759 9 1.2241583295813 0.30437001326199 9 0.859806371859952 0.156941702423703 10 10 "simulation4" 3.26781884380278 1.2444268281401
"Conti_10_1011" 10 1.89798092314177 0.398260731815917 10 1.36997714590602 0.287968743346608 10 0.952276872416889 0.206918754234733 10 10 "simulation4" 3.52524056087594 1.38513214782606
"Conti_10_1012" 11 2.0863026994614 0.372927137889498 11 1.51010122030968 0.289349087798751 11 1.05951392373404 0.215754612325634 10 10 "simulation4" 3.82479311825282 1.4595719490279
"Conti_10_1013" 12 2.26706833943438 0.376794312876343 12 1.64640377329182 0.279505683168223 12 1.15971975061004 0.191073307214598 10 10 "simulation4" 3.95708117615518 1.55420941270928
"Conti_10_1014" 13 2.45020453215476 0.382979681474372 13 1.78332064811414 0.294708356251378 13 1.26679917806437 0.242497689485295 10 10 "simulation4" 4.20453207659278 1.65283347328173
"Conti_10_1015" 14 2.62853683884146 0.368866607051076 14 1.9170151569344 0.272508341056153 14 1.37056826043006 0.181690385366219 10 10 "simulation4" 4.47398095099211 1.72678382148399
"Conti_10_1016" 15 2.80432551099038 0.380586920909026 15 2.04305448316318 0.273908181608189 15 1.46069874848903 0.197859564614498 10 10 "simulation4" 4.64223978676273 1.68078814193904
"Conti_10_1017" 16 2.98011758577409 0.373062548741232 16 2.16958806532588 0.276093491869211 16 1.56049898750934 0.219038702719992 10 10 "simulation4" 4.76753178849765 1.87647624946478
"Conti_10_1018" 17 3.15067445547726 0.369314805579704 17 2.29192994411343 0.263573055649263 17 1.66145877613861 0.208270019159791 10 10 "simulation4" 4.98270986209109 1.80871436625169
"Conti_10_1019" 18 3.31222447491484 0.349887245470322 18 2.4090369628486 0.261133661732278 18 1.75827710521532 0.206608310700096 10 10 "simulation4" 5.24718749710271 2.09335383667174
"Conti_10_1020" 19 3.46731682056533 0.354655970837622 19 2.52131026899162 0.249979598345556 19 1.84803021419525 0.182149341438805 10 10 "simulation4" 5.52697253191044 2.21092493723737
"Conti_10_1021" 20 3.62758596963223 0.365986953269813 20 2.63233326067731 0.258168165642022 20 1.9350375113024 0.198931967713196 10 10 "simulation4" 5.84497359798877 2.36311074553034
"Conti_10_1022" 21 3.7731855931174 0.316111755862517 21 2.7355711069768 0.22698202232709 21 2.02109303635946 0.181247516066703 10 10 "simulation4" 5.86790119323173 2.29596858353864
"Conti_10_1023" 22 3.91514713188804 0.358453992380167 22 2.83839030345528 0.259826619306451 22 2.1060292963306 0.196986636083292 10 10 "simulation4" 5.95916304409095 2.42347758349522
"Conti_10_1024" 23 4.0638094344124 0.338038799432732 23 2.94571663533958 0.244932553384751 23 2.18681161524911 0.167752230120274 10 10 "simulation4" 5.97180516211372 2.42521448929071
"Conti_10_1025" 24 4.20056868451179 0.327411996604368 24 3.04612150107759 0.23989556867834 24 2.2652695246937 0.189649968246658 10 10 "simulation4" 6.11980475149995 2.41307205671116
"Conti_10_1026" 25 4.32977772473489 0.317282344628224 25 3.14153540043683 0.227239268557091 25 2.34217352119637 0.16017502036272 10 10 "simulation4" 6.44330208781268 1.92642062537745
"Conti_10_1027" 26 4.45877686505513 0.332194569255725 26 3.22757661020094 0.206903823082854 26 2.40522338496663 0.132346790690548 10 10 "simulation4" 6.27554937326443 2.01453518096882
"Conti_10_1028" 27 4.59954404843748 0.357600474623206 27 3.30662122364807 0.20180903585827 27 2.45845889454284 0.1144856928167 10 10 "simulation4" 6.16950952322848 1.91985614516104
"Conti_10_1029" 28 4.74063527285203 0.338229537437856 28 3.38242394883782 0.196543125138237 28 2.50846612855951 0.116721245572374 10 10 "simulation4" 6.07323919390603 1.9012491432745
"Conti_10_1030" 29 4.8691765042259 0.327157659684645 29 3.45960267852835 0.211295533152721 29 2.55842472509653 0.115489236536716 10 10 "simulation4" 6.13005135967372 2.01344846549091
"Conti_10_1031" 30 5.00809778259653 0.373804992928412 30 3.54392567126353 0.226817735721325 30 2.60782020111152 0.115932245628888 10 10 "simulation4" 5.92905453449087 1.85308140625193
"Conti_10_1032" 31 5.15746275484803 0.362860638983448 31 3.62899496382184 0.219410291126179 31 2.6540777936672 0.104327823380077 10 10 "simulation4" 5.92062325421457 1.90428619752966
"Conti_10_1033" 32 5.29657689704872 0.351352834923692 32 3.71319473987963 0.229485865479068 32 2.70439733363199 0.138977069016747 10 10 "simulation4" 5.91720287891462 2.03925595336229
"Conti_10_1034" 33 5.43727547520185 0.370008217274859 33 3.80437933361906 0.247203261278762 33 2.76248398640795 0.14431232492651 10 10 "simulation4" 5.65434037443385 1.8590563393717
"Conti_10_1035" 34 5.57703159224966 0.350332797010647 34 3.89470545478248 0.231128937151326 34 2.82281517031589 0.154884586392478 10 10 "simulation4" 5.68575164510275 1.97196118800309
"Conti_10_1036" 35 5.7028964335649 0.329299423134227 35 3.98202753851155 0.238437368235838 35 2.88626055940399 0.157684267409136 10 10 "simulation4" 5.30013622024821 1.66769980035151
"Conti_10_1037" 36 5.81219607504896 0.299088708662117 36 4.0631060184255 0.20782189748247 36 2.93849549248888 0.107999817043403 10 10 "simulation4" 5.01230482527038 1.4583427840022
"Conti_10_1038" 37 5.91479600371555 0.308478288986567 37 4.13036809941252 0.187895361836163 37 2.97978791863365 0.102977468619384 10 10 "simulation4" 4.80200812332306 1.41249707969745
"Conti_10_1039" 38 6.01909143466871 0.303597321653808 38 4.19310646363882 0.188640465360215 38 3.02132340437497 0.109829711885636 10 10 "simulation4" 4.59975244921751 1.34252842780316
"Conti_10_1040" 39 6.11206695080307 0.2722983256245 39 4.25170892351205 0.170759795723135 39 3.06445548196857 0.112089116930291 10 10 "simulation4" 4.33226374354631 1.25356736961934
"Conti_10_1041" 40 6.18871016545 0.248806059776218 40 4.30362607173635 0.162159185254606 40 3.10542221373939 0.0997949933702328 10 10 "simulation4" 4.01724432033804 1.12708198124864
"Conti_10_1042" 41 6.25877037677993 0.249880893763838 41 4.35163637056016 0.155674067099995 41 3.13938911270743 0.0794021034680154 10 10 "simulation4" 3.77601756464593 1.08442959696127
"Conti_10_1043" 42 6.333145498744 0.26498106268974 42 4.40145747671039 0.171369311365031 42 3.17695835604614 0.118949194253067 10 10 "simulation4" 3.56998932899162 1.01287895520341
"Conti_10_1044" 43 6.41032442717278 0.260111929844964 43 4.45397992721807 0.168131104163307 43 3.21873218941555 0.103281060266624 10 10 "simulation4" 3.34764110420971 1.01113752329743
"Conti_10_1045" 44 6.47505124010532 0.22438709498108 44 4.50176753028069 0.154501005996289 44 3.25862505366791 0.113534643450943 10 10 "simulation4" 3.21114446490834 1.04603554796956
"Conti_10_1046" 45 6.53337326360039 0.238789609281595 45 4.54689256615639 0.157536641834092 45 3.29768967784373 0.100044557860341 10 10 "simulation4" 3.04249752053526 1.0301550217385
"Conti_10_1047" 46 6.59829179017803 0.246542087229663 46 4.59031468610278 0.147529541812525 46 3.33345214720343 0.0977729772418852 10 10 "simulation4" 2.86801791160122 0.929978419934994
"Conti_10_1048" 47 6.65673259839909 0.219271715524796 47 4.63044406722 0.144572802097643 47 3.36703420856823 0.0886108269911772 10 10 "simulation4" 2.65831046358765 0.799147694281032
"Conti_10_1049" 48 6.71119475443175 0.235666699345188 48 4.66892237331163 0.140687870995367 48 3.39805769144199 0.0852698103583442 10 10 "simulation4" 2.46442958847301 0.757086411697925
"Conti_21.54_21.541" 0 0 0 0 0 0 0 0 0 21.54 21.54 "simulation5" 0 0
"Conti_21.54_21.542" 1 0.0544211569931159 0.104654688008527 1 0.046835355802571 0.0366339428906286 1 0.045411018709921 0 21.54 21.54 "simulation5" 0 0
"Conti_21.54_21.543" 2 0.180962407808682 0.367451661388981 2 0.125709573273965 0.223012189845269 2 0.0903595779832842 0 21.54 21.54 "simulation5" 0 0
"Conti_21.54_21.544" 3 0.462536679988014 0.620880844981966 3 0.314334717405656 0.468352591143862 3 0.153860520010327 0.171034230490242 21.54 21.54 "simulation5" 0.0338132986498772 0.0585663512330875
"Conti_21.54_21.545" 4 0.879616796029562 0.74635984335774 4 0.611806175941018 0.56550056509414 4 0.272778954365172 0.25636706322934 21.54 21.54 "simulation5" 0.393230211997937 0.368585120521221
"Conti_21.54_21.546" 5 1.33278501545079 0.737453112165406 5 0.931727901391809 0.555047683455826 5 0.412340899323029 0.26880637176138 21.54 21.54 "simulation5" 1.51092999698926 0.899724186688359
"Conti_21.54_21.547" 6 1.77643243902975 0.739949544307975 6 1.23821591783186 0.54397204419254 6 0.54736127676481 0.24819914699139 21.54 21.54 "simulation5" 2.9241101288341 1.4221049802107
"Conti_21.54_21.548" 7 2.193152052269 0.681006503798797 7 1.52853263004518 0.517162380836096 7 0.67095000251924 0.229953541028597 21.54 21.54 "simulation5" 4.10778408619745 1.78035495688982
"Conti_21.54_21.549" 8 2.56804899272377 0.647676660831118 8 1.79678461110648 0.489408293666207 8 0.77877785278092 0.191534644491434 21.54 21.54 "simulation5" 5.13397191970085 2.04833423769619
"Conti_21.54_21.5410" 9 2.92078820445288 0.629252239443689 9 2.04523072839209 0.468481524749902 9 0.875711569275355 0.187052756296054 21.54 21.54 "simulation5" 5.93821056968013 2.37276655690255
"Conti_21.54_21.5411" 10 3.25436684358446 0.60729494416619 10 2.28476657873315 0.467023722012623 10 0.971884729023398 0.192322836989668 21.54 21.54 "simulation5" 6.49647492448945 2.57551513047598
"Conti_21.54_21.5412" 11 3.57731344740874 0.60613932449045 11 2.52090096408774 0.463628658374516 11 1.07359788200314 0.212591762367844 21.54 21.54 "simulation5" 7.1668773067693 2.80009674326885
"Conti_21.54_21.5413" 12 3.88539141425929 0.573589704602683 12 2.74799994755657 0.449407904988171 12 1.17655502608297 0.205351589405953 21.54 21.54 "simulation5" 7.53335216542156 2.97640231277276
"Conti_21.54_21.5414" 13 4.1809569133356 0.581355708804417 13 2.97420895951816 0.465243260973155 13 1.2879753110646 0.250434655633655 21.54 21.54 "simulation5" 7.89196356491902 2.98729116786109
"Conti_21.54_21.5415" 14 4.46523636677825 0.548132558088041 14 3.194207678757 0.436680693463705 14 1.40914358425931 0.245408377439804 21.54 21.54 "simulation5" 8.57989481915642 3.31168540819675
"Conti_21.54_21.5416" 15 4.72742443906696 0.532006120580676 15 3.39929489164492 0.431389960287991 15 1.52374825509679 0.237688490362318 21.54 21.54 "simulation5" 9.11570088748821 3.58116570314356
"Conti_21.54_21.5417" 16 4.98670826107714 0.544376613054427 16 3.60987221735768 0.454350602125211 16 1.64877460688127 0.284003712781087 21.54 21.54 "simulation5" 9.68029925473301 3.57134121258244
"Conti_21.54_21.5418" 17 5.24713467049593 0.537605488350991 17 3.81717080033421 0.426403668487082 17 1.77385585627572 0.243041088951547 21.54 21.54 "simulation5" 10.0528168161527 3.60697172383212
"Conti_21.54_21.5419" 18 5.4855960619198 0.493689601775001 18 4.00614477841349 0.408750683624288 18 1.88865059064973 0.255118403703495 21.54 21.54 "simulation5" 10.6265679198192 3.87389373164702
"Conti_21.54_21.5420" 19 5.70875671994184 0.502822840896757 19 4.18966528312861 0.413390823310952 19 2.00846624903687 0.257870830630348 21.54 21.54 "simulation5" 11.159733716764 4.05347012089007
"Conti_21.54_21.5421" 20 5.94047053100335 0.516895567057488 20 4.37234560805618 0.40854582902651 20 2.11041951782944 0.197196696204105 21.54 21.54 "simulation5" 11.5124274976628 4.28732438147376
"Conti_21.54_21.5422" 21 6.15961496149119 0.474679577300453 21 4.54306217542169 0.381943495291965 21 2.20869028188319 0.245659205268471 21.54 21.54 "simulation5" 11.9389145052774 4.54571741855107
"Conti_21.54_21.5423" 22 6.35841201741466 0.466155256332123 22 4.70031229504655 0.371053281487982 22 2.31157073597316 0.216099088877316 21.54 21.54 "simulation5" 12.5920244630052 5.1437512672776
"Conti_21.54_21.5424" 23 6.54943734458743 0.450951744510968 23 4.84847792672604 0.354271921040461 23 2.41017225410614 0.236953065473044 21.54 21.54 "simulation5" 12.7809980648022 5.52273310396039
"Conti_21.54_21.5425" 24 6.7151962998588 0.397750489376932 24 4.98125562218903 0.327430915779089 24 2.51229687669954 0.235788715158902 21.54 21.54 "simulation5" 12.9174015298119 5.40812087076541
"Conti_21.54_21.5426" 25 6.86531492197006 0.40087580505203 25 5.11291820459486 0.34737483917878 25 2.63036826503949 0.296069357885099 21.54 21.54 "simulation5" 13.4660693459236 3.75543142315684
"Conti_21.54_21.5427" 26 6.98558321069072 0.304888569720635 26 5.22494784373678 0.26489572584342 26 2.74700187041528 0.235508129589131 21.54 21.54 "simulation5" 13.4772416000138 3.77726586453922
"Conti_21.54_21.5428" 27 7.07606907600972 0.30777244671627 27 5.31426430190006 0.275309622084329 27 2.84746966600824 0.247324381838516 21.54 21.54 "simulation5" 13.6348985529665 3.97202464533124
"Conti_21.54_21.5429" 28 7.16868409501804 0.308782822040399 28 5.40888672247794 0.282874364270114 28 2.955122907537 0.260740408092331 21.54 21.54 "simulation5" 13.8510095205706 4.48298670932542
"Conti_21.54_21.5430" 29 7.285491190969 0.399200282357385 29 5.51347532183135 0.313342168103505 29 3.06312336327143 0.25464367254439 21.54 21.54 "simulation5" 13.9608562854051 4.46844376451167
"Conti_21.54_21.5431" 30 7.41907957222958 0.36104024152153 30 5.62350036039354 0.306281211817083 30 3.17212345598405 0.268654862382003 21.54 21.54 "simulation5" 13.81064319666 4.05145578413122
"Conti_21.54_21.5432" 31 7.54153415669009 0.378496120569438 31 5.73095895368975 0.31364557912288 31 3.28052250270703 0.259361142481504 21.54 21.54 "simulation5" 13.7756216350691 4.21932900818736
"Conti_21.54_21.5433" 32 7.68102009923562 0.413628361022596 32 5.85104261265856 0.350883488756342 32 3.39714966208995 0.303745423130532 21.54 21.54 "simulation5" 13.7365810949879 4.48891073366873
"Conti_21.54_21.5434" 33 7.82749557902342 0.404126670473263 33 5.98050373334269 0.347971256978912 33 3.53005844290164 0.318211010569414 21.54 21.54 "simulation5" 13.6133798207235 4.53571818109501
"Conti_21.54_21.5435" 34 7.96181845713044 0.385703037399489 34 6.10338870257509 0.337665139444283 34 3.66250665239202 0.310476009271963 21.54 21.54 "simulation5" 13.5204512459945 3.87033016129612
"Conti_21.54_21.5436" 35 8.09575284416084 0.405869715515942 35 6.22482568772467 0.347418028847618 35 3.79167236624881 0.313683478660984 21.54 21.54 "simulation5" 13.1277332707793 3.54786105489707
"Conti_21.54_21.5437" 36 8.23280671487557 0.400961672617019 36 6.35005684894005 0.352681310054224 36 3.92458582052042 0.324798661344191 21.54 21.54 "simulation5" 13.1724883570503 3.6293708880444
"Conti_21.54_21.5438" 37 8.38004191315979 0.440430214107178 37 6.4751413052993 0.352254542660499 37 4.05274801333417 0.299304741023852 21.54 21.54 "simulation5" 12.8622559170394 3.34272096340332
"Conti_21.54_21.5439" 38 8.53374303968742 0.419148398407201 38 6.59529305991465 0.338253049408998 38 4.15906868186322 0.256019136716963 21.54 21.54 "simulation5" 12.5071268809975 3.17144146562474
"Conti_21.54_21.5440" 39 8.65586730301886 0.355043212659889 39 6.70584086961288 0.325976304934343 39 4.25635497939026 0.269687099277655 21.54 21.54 "simulation5" 12.3030693362664 3.4724805316974
"Conti_21.54_21.5441" 40 8.76511573864812 0.379803033127183 40 6.81230650420827 0.326812583866264 40 4.35965592376423 0.278429816402498 21.54 21.54 "simulation5" 11.8313829260869 3.21966001422641
"Conti_21.54_21.5442" 41 8.87597900147766 0.356882185165025 41 6.91582339099271 0.317471663785717 41 4.46690495081006 0.287370824746778 21.54 21.54 "simulation5" 11.6135519245232 3.15121909028045
"Conti_21.54_21.5443" 42 8.97163410872354 0.334043374885801 42 7.01075979193254 0.299908705873086 42 4.57199584463543 0.273817644001401 21.54 21.54 "simulation5" 11.2877938305957 3.03300387468587
"Conti_21.54_21.5444" 43 9.04730695888036 0.293671761334559 43 7.09239666076296 0.276132384564277 43 4.66674152853837 0.254580079932427 21.54 21.54 "simulation5" 10.8893389904205 3.24397113507582
"Conti_21.54_21.5445" 44 9.11582990059213 0.309618399407728 44 7.16760811132224 0.275752865067735 44 4.75287303788042 0.247000977917545 21.54 21.54 "simulation5" 10.3607032788304 2.7477101444358
"Conti_21.54_21.5446" 45 9.18440196136946 0.293572430708019 45 7.24317974098282 0.280202552392664 45 4.84457442838325 0.273483771296654 21.54 21.54 "simulation5" 10.1231790149967 3.11814142887969
"Conti_21.54_21.5447" 46 9.24908833774125 0.300097678485573 46 7.31897885879806 0.278000720131072 46 4.93241981499439 0.235055267377593 21.54 21.54 "simulation5" 9.73023734009164 2.83577998799829
"Conti_21.54_21.5448" 47 9.31596381105352 0.300240010450398 47 7.38931483339597 0.264309182412566 47 5.0057784648057 0.226059450617505 21.54 21.54 "simulation5" 9.33299506313566 2.71921638309954
"Conti_21.54_21.5449" 48 9.3758603732831 0.27707686142775 48 7.45509067282019 0.263047134335576 48 5.08007544479969 0.239544076542789 21.54 21.54 "simulation5" 9.0978021937771 2.7641417100564
"Conti_46.42_46.421" 0 0 0 0 0 0 0 0 0 46.42 46.42 "simulation6" 0 0
"Conti_46.42_46.422" 1 0.0563251141973329 0.14471220772125 1 0.0493076387448926 0.0764441780590757 1 0.0454107614149482 0 46.42 46.42 "simulation6" 0 0
"Conti_46.42_46.423" 2 0.318708945047642 0.788461960018966 2 0.236566250128912 0.627351090993471 2 0.137929449691278 0.345208285232765 46.42 46.42 "simulation6" 0 0
"Conti_46.42_46.424" 3 1.0328137497699 1.25360298648923 3 0.786912456904559 1.04296045143719 3 0.456969836575262 0.725186750235258 46.42 46.42 "simulation6" 0.0569269355099884 0.0479660233701341
"Conti_46.42_46.425" 4 2.00412559217597 1.35562148593711 4 1.54784235722472 1.12540736502041 4 0.931339913075339 0.782300809248145 46.42 46.42 "simulation6" 0.623763650651029 0.24849103139657
"Conti_46.42_46.426" 5 2.98356261158603 1.32821048902885 5 2.29541025784798 1.06672811057582 5 1.38956488856904 0.71873792663363 46.42 46.42 "simulation6" 1.94026634889855 0.412819664175413
"Conti_46.42_46.427" 6 3.97304615143825 1.39533144734259 6 3.02202476869361 1.10223269958212 6 1.8024513551392 0.69273944495003 46.42 46.42 "simulation6" 3.32679570005374 0.406816023922139
"Conti_46.42_46.428" 7 4.96299949113376 1.33578080017207 7 3.74690704364665 1.0677301600239 7 2.21593581090399 0.720997806191208 46.42 46.42 "simulation6" 4.74655469454402 0.454498876583343
"Conti_46.42_46.429" 8 5.83856105004174 1.20830120581622 8 4.40679481365051 0.989064929688634 8 2.61526960330085 0.665576508115998 46.42 46.42 "simulation6" 5.84678408628349 0.515850265391
"Conti_46.42_46.4210" 9 6.65194587173263 1.22497008768497 9 5.02027412478468 0.978096209186499 9 2.97980141361746 0.648599816008654 46.42 46.42 "simulation6" 6.8814820762994 0.675258236302821
"Conti_46.42_46.4211" 10 7.43826703627972 1.15777340078944 10 5.61862377097246 0.961747983216363 10 3.3384559055153 0.654765765124463 46.42 46.42 "simulation6" 7.8150646116004 0.695163882981719
"Conti_46.42_46.4212" 11 8.15418129888111 1.09775542040607 11 6.18326994343342 0.916859973912971 11 3.69053682527222 0.640078135698234 46.42 46.42 "simulation6" 8.60199621706655 0.775521447636802
"Conti_46.42_46.4213" 12 8.79267165251034 1.01045910718133 12 6.70713725400877 0.884240273421664 12 4.03243062319522 0.639471491676863 46.42 46.42 "simulation6" 9.14432804322422 1.05968687173459
"Conti_46.42_46.4214" 13 9.37569307561662 0.992459644809337 13 7.20706091465101 0.872156676303722 13 4.37470157700466 0.64852552539484 46.42 46.42 "simulation6" 9.68746127815137 0.995216136927029
"Conti_46.42_46.4215" 14 9.94855697974657 0.99305371360909 14 7.69364814839406 0.863124266356648 14 4.71648448776621 0.648222640877429 46.42 46.42 "simulation6" 10.6361983797979 1.36969280214484
"Conti_46.42_46.4216" 15 10.5050023537263 0.968497556639921 15 8.1687479565649 0.857507269880342 15 5.06115091469517 0.665946475731108 46.42 46.42 "simulation6" 11.2262574505417 1.5680249526376
"Conti_46.42_46.4217" 16 11.0415445091804 0.961736329125672 16 8.64108625844349 0.866734928864056 16 5.41355971146388 0.678268071315547 46.42 46.42 "simulation6" 11.6984750503231 1.23775724326839
"Conti_46.42_46.4218" 17 11.5617666135622 0.943071840736504 17 9.11163383942588 0.862871442281964 17 5.7807354385127 0.709720682337437 46.42 46.42 "simulation6" 12.3502086605714 1.33966284536315
"Conti_46.42_46.4219" 18 12.0626948334561 0.936136860733631 18 9.56831646069416 0.851749329820763 18 6.15532730659844 0.71112872900741 46.42 46.42 "simulation6" 12.8695210176094 1.36659010696999
"Conti_46.42_46.4220" 19 12.5858959603425 0.996253957910111 19 10.0421297277695 0.908721236327504 19 6.55385999998765 0.784746740725448 46.42 46.42 "simulation6" 13.295134866877 1.43928513037128
"Conti_46.42_46.4221" 20 13.1145095819536 0.955377976536014 20 10.5296169583334 0.887756310203104 20 6.97937166229044 0.773617525630261 46.42 46.42 "simulation6" 13.9703837273635 1.53225221011007
"Conti_46.42_46.4222" 21 13.5974134305856 0.915334072867787 21 10.9780207937236 0.839049627044047 21 7.36562536544581 0.710497700778371 46.42 46.42 "simulation6" 14.4247094998172 1.94056686971529
"Conti_46.42_46.4223" 22 14.0554411569153 0.910785192035288 22 11.4040943482244 0.846045788971104 22 7.72943459231012 0.727349618919051 46.42 46.42 "simulation6" 14.7930254389282 2.0999185337931
"Conti_46.42_46.4224" 23 14.5186044039782 0.931128325295238 23 11.828037380958 0.838994062882256 23 8.08966801280174 0.707363508659694 46.42 46.42 "simulation6" 15.6041650778341 2.53809411862752
"Conti_46.42_46.4225" 24 14.9730319350457 0.902441164568437 24 12.2356404537333 0.823353452439274 24 8.43877311035633 0.708945311525787 46.42 46.42 "simulation6" 15.5957377780511 2.52102246909651
"Conti_46.42_46.4226" 25 15.4118068566598 0.912734962535189 25 12.6550858162525 0.87084361405934 25 8.82385166528579 0.80716433071778 46.42 46.42 "simulation6" 16.8999108434211 1.97199808377312
"Conti_46.42_46.4227" 26 15.8725679539909 0.960210400777701 26 13.072977402955 0.829515622636163 26 9.2146675557948 0.722858543018205 46.42 46.42 "simulation6" 17.1476533568284 2.13512025999314
"Conti_46.42_46.4228" 27 16.3704536405355 1.00314822405451 27 13.4722127514508 0.845192277141349 27 9.55017031820704 0.694274879705917 46.42 46.42 "simulation6" 17.4392266027898 2.02695288064679
"Conti_46.42_46.4229" 28 16.8916097930549 1.01861222378056 28 13.8926535147813 0.881527554504794 28 9.87412543692057 0.697165945651496 46.42 46.42 "simulation6" 17.6288115711602 2.26825553554273
"Conti_46.42_46.4230" 29 17.3850011925541 0.96320705204427 29 14.3191146149343 0.870045593816087 29 10.1988151595265 0.70259199996297 46.42 46.42 "simulation6" 18.1726438199984 2.1404247945496
"Conti_46.42_46.4231" 30 17.8674280858089 1.00682100914414 30 14.7404494413307 0.881474904102213 30 10.5261140253267 0.712824224210918 46.42 46.42 "simulation6" 18.5973216243901 2.50372572657665
"Conti_46.42_46.4232" 31 18.3652972958865 0.999760933550983 31 15.155382809743 0.865865907327728 31 10.8604829285355 0.728929950407558 46.42 46.42 "simulation6" 18.9409708276083 2.72923591004149
"Conti_46.42_46.4233" 32 18.8440890803513 0.977965096500837 32 15.5674534256116 0.884212773295483 32 11.204068936442 0.742687442607772 46.42 46.42 "simulation6" 19.2540007111726 2.6669740099573
"Conti_46.42_46.4234" 33 19.2879865366753 0.937878922313269 33 15.9771072973588 0.868501557454955 33 11.5461430623634 0.731966526306834 46.42 46.42 "simulation6" 19.1754522287044 2.50095748934528
"Conti_46.42_46.4235" 34 19.7196454338607 0.961270017448842 34 16.3745192588879 0.868685437835591 34 11.8627933703896 0.694378556975373 46.42 46.42 "simulation6" 19.0990705512113 2.99960910246919
"Conti_46.42_46.4236" 35 20.1674478816292 0.979486280068057 35 16.7718804700063 0.877346252164613 35 12.1762815528121 0.730460842672005 46.42 46.42 "simulation6" 19.2706370249023 2.59008824644228
"Conti_46.42_46.4237" 36 20.6279349589892 0.996082777630627 36 17.1785337361752 0.896762106850639 36 12.5037191470907 0.734958882822486 46.42 46.42 "simulation6" 19.3758397846217 3.00541782609685
"Conti_46.42_46.4238" 37 21.071250801177 0.954967288595707 37 17.5815900596162 0.878586773691384 37 12.8341053657621 0.744833356561381 46.42 46.42 "simulation6" 19.2873740950125 2.85377353548097
"Conti_46.42_46.4239" 38 21.4914335666166 0.957947039961866 38 17.9687116005362 0.871396930061917 38 13.1493999018381 0.706249683297591 46.42 46.42 "simulation6" 19.2936714197428 3.07722860347374
"Conti_46.42_46.4240" 39 21.9090354033228 0.954056200975974 39 18.3442866016141 0.858967006482916 39 13.4410513900614 0.694992127162308 46.42 46.42 "simulation6" 19.1718517492292 3.04144940525364
"Conti_46.42_46.4241" 40 22.3122736231127 0.937999193539888 40 18.700797963141 0.839615978284942 40 13.7152031846765 0.671052804279691 46.42 46.42 "simulation6" 19.3253396596399 2.79612336404573
"Conti_46.42_46.4242" 41 22.7125808870447 0.954836405438558 41 19.0620092410086 0.872951101203787 41 13.996252857929 0.711175879140107 46.42 46.42 "simulation6" 19.4499411970048 3.02913710253217
"Conti_46.42_46.4243" 42 23.1080840614906 0.935919045986032 42 19.4144803917996 0.827146338795024 42 14.2557081493271 0.626597299677871 46.42 46.42 "simulation6" 19.5398916676962 3.28690472635773
"Conti_46.42_46.4244" 43 23.4966838978474 0.947173274230364 43 19.7440797629846 0.830592992547502 43 14.4771311227086 0.618784949050382 46.42 46.42 "simulation6" 19.1642479519386 3.20585110909286
"Conti_46.42_46.4245" 44 23.8678064868346 0.906808981376855 44 20.0614228273333 0.803104321034085 44 14.6885472710127 0.600273337741818 46.42 46.42 "simulation6" 19.3716275661987 3.3140332322213
"Conti_46.42_46.4246" 45 24.2222160022702 0.9241360540975 45 20.361284044604 0.801111974145461 45 14.8838286017644 0.585476259106773 46.42 46.42 "simulation6" 19.6131243494835 3.04103787760359
"Conti_46.42_46.4247" 46 24.6078623826875 0.974330311615933 46 20.6725068189751 0.83137495077809 46 15.0809579264278 0.60815325554897 46.42 46.42 "simulation6" 19.4952940221315 3.18183966890258
"Conti_46.42_46.4248" 47 24.99016391985 0.926863183188115 47 20.9815239182739 0.803627685051563 47 15.2822617063189 0.600421590498403 46.42 46.42 "simulation6" 18.9003780123802 3.30816220439349
"Conti_46.42_46.4249" 48 25.3452428900687 0.928878208418928 48 21.2772413074489 0.811526024363722 48 15.4787660238847 0.603057676478832 46.42 46.42 "simulation6" 19.1886815120079 3.20112904472647
