"time" "Srxn1_max" "NRF2_max" "time2" "Srxn1_mean" "NRF2_mean" "time3" "Srxn1_min" "NRF2_min" "dose1" "dose2" "Simulation" "SRXN1_observed" "SRXN1_SD"
"Conti_0.35_0.351" 0 0 0 0 0 0 0 0 0 0.35 0.35 "simulation1" 0 0
"Conti_0.35_0.352" 1 0.0469624548400661 0.0444541803865521 1 0.0460602752413757 0.0245921903157594 1 0.045411018709921 0 0.35 0.35 "simulation1" 0.0412289580456226 0.071410650078144
"Conti_0.35_0.353" 2 0.152476810959357 0.322058224517883 2 0.118490962341519 0.183622422884868 2 0.0903589836370584 0 0.35 0.35 "simulation1" 0.0153076467134585 0.0265136218520248
"Conti_0.35_0.354" 3 0.352565076823129 0.402073379678231 3 0.230268303041225 0.215386904542838 3 0.134850357476693 0 0.35 0.35 "simulation1" 0.0158711460101195 0.0274896312638711
"Conti_0.35_0.355" 4 0.578348367204617 0.426682889019605 4 0.347481937786384 0.221037174383317 4 0.178887520198577 0 0.35 0.35 "simulation1" 0.0874919790506658 0.116473961005034
"Conti_0.35_0.356" 5 0.800513194922578 0.404574476260362 5 0.461938219329478 0.209921818299376 5 0.222476395178421 0 0.35 0.35 "simulation1" 0.546495414726368 0.385399709428449
"Conti_0.35_0.357" 6 1.0114882892299 0.398709335300646 6 0.566467414838437 0.185784709255909 6 0.265621361634966 0 0.35 0.35 "simulation1" 1.12742904411563 0.604970874214477
"Conti_0.35_0.358" 7 1.2073835425503 0.363060655347948 7 0.661742527126379 0.175374268604088 7 0.308326944402776 0 0.35 0.35 "simulation1" 1.59317387508504 0.760701279522779
"Conti_0.35_0.359" 8 1.39450366198141 0.377389571447625 8 0.754634075477831 0.17694217948238 8 0.350597617019674 0 0.35 0.35 "simulation1" 1.90651394669063 0.827068234921817
"Conti_0.35_0.3510" 9 1.58089336538462 0.36788596479809 9 0.843723195382628 0.163579905539379 9 0.392437806416672 0 0.35 0.35 "simulation1" 2.12604661589525 0.939179118640608
"Conti_0.35_0.3511" 10 1.77912046467109 0.418195591114547 10 0.932810307173524 0.180429239810551 10 0.43385189694726 0 0.35 0.35 "simulation1" 2.15175304009021 0.977521801125147
"Conti_0.35_0.3512" 11 1.99158423203226 0.421393316700628 11 1.02367706449832 0.174166025996603 11 0.474844228293012 0 0.35 0.35 "simulation1" 2.22656935127424 1.058137652647
"Conti_0.35_0.3513" 12 2.2015526040746 0.416336517483434 12 1.11247589765836 0.175386561508339 12 0.515419095635991 0 0.35 0.35 "simulation1" 2.17647354802296 1.05949462510961
"Conti_0.35_0.3514" 13 2.3959903775596 0.377986913416732 13 1.19636842712457 0.15563166268824 13 0.555580750389081 0 0.35 0.35 "simulation1" 2.13272116152023 1.09375856068272
"Conti_0.35_0.3515" 14 2.5708886122687 0.359338639531411 14 1.27291231706486 0.14595087862172 14 0.595333400704893 0 0.35 0.35 "simulation1" 2.05858383242257 1.00475307180027
"Conti_0.35_0.3516" 15 2.72507850269466 0.313316976437166 15 1.34511926151143 0.136191897738998 15 0.634681211872611 0 0.35 0.35 "simulation1" 2.10054156920367 1.00904619316283
"Conti_0.35_0.3517" 16 2.86055539081057 0.299323933494747 16 1.41043585421829 0.11612613520942 16 0.673628306751221 0 0.35 0.35 "simulation1" 2.1010308438063 0.990613383671585
"Conti_0.35_0.3518" 17 2.98415849936979 0.275203171791292 17 1.47201310820565 0.120813311674303 17 0.712178766216409 0 0.35 0.35 "simulation1" 2.15847937522297 1.06220225721097
"Conti_0.35_0.3519" 18 3.10654918467213 0.296903185554855 18 1.53558969248333 0.127048912643534 18 0.75033662958488 0 0.35 0.35 "simulation1" 2.11267132824076 0.988371993104419
"Conti_0.35_0.3520" 19 3.22857934956473 0.276882096191176 19 1.59828874988295 0.120253460065096 19 0.78810589503713 0 0.35 0.35 "simulation1" 2.1343627773568 0.984560394258438
"Conti_0.35_0.3521" 20 3.34612682122059 0.281645636129995 20 1.65868868886813 0.117633361681226 20 0.825490520036371 0 0.35 0.35 "simulation1" 2.21108006452195 1.05953038844209
"Conti_0.35_0.3522" 21 3.44414543734189 0.207260079376627 21 1.71289389284834 0.0887496621704618 21 0.862494421743191 0 0.35 0.35 "simulation1" 2.19001024123447 0.964790084425394
"Conti_0.35_0.3523" 22 3.51699880821886 0.190828923149183 22 1.76119737224628 0.0896982093185535 22 0.899121477425998 0 0.35 0.35 "simulation1" 2.16970656781358 1.01539528323906
"Conti_0.35_0.3524" 23 3.59149322064202 0.214440830874747 23 1.80930645929938 0.0894531511730564 23 0.935375524867271 0 0.35 0.35 "simulation1" 2.12169568980545 1.02652548481646
"Conti_0.35_0.3525" 24 3.67924833299921 0.258024391468209 24 1.85841280384006 0.105679205643385 24 0.971260544679964 0 0.35 0.35 "simulation1" 1.89452413902031 1.09967314295726
"Conti_0.35_0.3526" 25 3.83398024816345 0.436346714906084 25 1.93294690804066 0.206877668252051 25 1.00771283905678 0.017941460241085 0.35 0.35 "simulation1" 2.16198827713154 0.783585729635329
"Conti_0.35_0.3527" 26 3.99866520015303 0.300318639174016 26 2.00917205627015 0.124826598064519 26 1.0437917419844 0 0.35 0.35 "simulation1" 1.79878606764131 0.654270884815999
"Conti_0.35_0.3528" 27 4.11813524356156 0.308389681220636 27 2.06739318898668 0.124720556822274 27 1.07857111149562 0 0.35 0.35 "simulation1" 1.72661647093 0.620939648361702
"Conti_0.35_0.3529" 28 4.23384763911636 0.283183191722911 28 2.12391905180787 0.118407122902687 28 1.11299765209239 0 0.35 0.35 "simulation1" 1.72735021927478 0.697076650188164
"Conti_0.35_0.3530" 29 4.34911630856497 0.310000202536146 29 2.17870888372526 0.119049831061038 29 1.14707359438563 0 0.35 0.35 "simulation1" 1.64457856315424 0.694491869605683
"Conti_0.35_0.3531" 30 4.46593682250842 0.290373976093512 30 2.2319586362969 0.113056962052873 30 1.18080250914711 0 0.35 0.35 "simulation1" 1.58546257540254 0.690388305187546
"Conti_0.35_0.3532" 31 4.57404866005567 0.286910531745258 31 2.2840302066743 0.115728417118122 31 1.2141879299966 0 0.35 0.35 "simulation1" 1.56915652429049 0.762938534050622
"Conti_0.35_0.3533" 32 4.68327625775959 0.295226192638102 32 2.33579919295466 0.113252119802593 32 1.24723335526248 0 0.35 0.35 "simulation1" 1.47401404866957 0.774271918340717
"Conti_0.35_0.3534" 33 4.78947671072838 0.278527405415514 33 2.38535410232489 0.106598439336577 33 1.27994224744528 0 0.35 0.35 "simulation1" 1.4844808600311 0.682808944460156
"Conti_0.35_0.3535" 34 4.88305959646719 0.258958906620278 34 2.43121218136721 0.0976707941837348 34 1.31231803377071 0 0.35 0.35 "simulation1" 1.37425547346252 0.736061085758967
"Conti_0.35_0.3536" 35 4.98450758213853 0.309094706242037 35 2.47834376466598 0.115587651581464 35 1.34436410658319 0 0.35 0.35 "simulation1" 1.30003060093825 0.644624053394264
"Conti_0.35_0.3537" 36 5.10420471872207 0.321588679148482 36 2.52972300982118 0.120655420627325 36 1.37608382367561 0 0.35 0.35 "simulation1" 1.15995669250812 0.642255208017038
"Conti_0.35_0.3538" 37 5.21751347043571 0.294610024509872 37 2.579799210778 0.112757452394328 37 1.40748050863622 0 0.35 0.35 "simulation1" 1.0394543903331 0.58642942479159
"Conti_0.35_0.3539" 38 5.3229803526655 0.297667842015518 38 2.62721807679914 0.10893096276791 38 1.4385574512089 0 0.35 0.35 "simulation1" 0.890667529607228 0.583165885910366
"Conti_0.35_0.3540" 39 5.41610654295858 0.253207446644676 39 2.67052092318477 0.0930577486247471 39 1.46931790763535 0 0.35 0.35 "simulation1" 0.804291795383381 0.533136312869293
"Conti_0.35_0.3541" 40 5.49652423334504 0.256617280204698 40 2.7106849851536 0.0942153887346554 40 1.49976510099583 0 0.35 0.35 "simulation1" 0.770800601334239 0.506431691808883
"Conti_0.35_0.3542" 41 5.58033971381324 0.266032786781661 41 2.75104125617075 0.0952560295756209 41 1.52990222154693 0 0.35 0.35 "simulation1" 0.702704415781298 0.516123118611838
"Conti_0.35_0.3543" 42 5.6695886027425 0.279055567775305 42 2.79152516138055 0.0974728268027615 42 1.55973242705581 0 0.35 0.35 "simulation1" 0.583398883584341 0.455872362602845
"Conti_0.35_0.3544" 43 5.76007114798762 0.270484274658113 43 2.83280830600356 0.100243216772677 43 1.58925884313105 0 0.35 0.35 "simulation1" 0.557598894425797 0.411376641898236
"Conti_0.35_0.3545" 44 5.83298237055025 0.222805314868506 44 2.87001201794565 0.0783270597077884 44 1.61848456355022 0 0.35 0.35 "simulation1" 0.494491280771055 0.333633768425451
"Conti_0.35_0.3546" 45 5.90322193186371 0.264286059658263 45 2.90523008138948 0.0920557410811935 45 1.64741265058396 0 0.35 0.35 "simulation1" 0.435075320882013 0.312806781163848
"Conti_0.35_0.3547" 46 5.99176434339646 0.286342975017138 46 2.94442086461829 0.100317130674508 46 1.67604613531697 0 0.35 0.35 "simulation1" 0.427832049119316 0.297305740782725
"Conti_0.35_0.3548" 47 6.07758794354889 0.261344156051314 47 2.98308914974635 0.0921009182911033 47 1.70438801796543 0 0.35 0.35 "simulation1" 0.399712793375479 0.271047258054683
"Conti_0.35_0.3549" 48 6.15626613899546 0.266232275067185 48 3.01917803056296 0.0887440916890616 48 1.73244126819144 0 0.35 0.35 "simulation1" 0.332875539852633 0.22518919245424
"Conti_0.75_0.751" 0 0 0 0 0 0 0 0 0 0.75 0.75 "simulation2" 0 0
"Conti_0.75_0.752" 1 0.0463555559499822 0.03014313301319 1 0.0456883648697333 0.0129708077628444 1 0.0454109223376663 0 0.75 0.75 "simulation2" 0 0
"Conti_0.75_0.753" 2 0.188509523971489 0.495868556476887 2 0.164007701563746 0.419415717600716 2 0.147046172297131 0.330934748181785 0.75 0.75 "simulation2" 0 0
"Conti_0.75_0.754" 3 0.517440841253794 0.604802120140498 3 0.42993342726409 0.502468930656327 3 0.325407103667224 0.336765147385123 0.75 0.75 "simulation2" 0.00758427588537538 0.0131363511720896
"Conti_0.75_0.755" 4 0.858356095353547 0.57369256795579 4 0.708387017456934 0.492893789006907 4 0.50247275622104 0.33464401845669 0.75 0.75 "simulation2" 0.23228963102924 0.244661250087848
"Conti_0.75_0.756" 5 1.19019104288019 0.592555237113027 5 0.976448724369816 0.48267326198372 5 0.663017970828086 0.28135940782414 0.75 0.75 "simulation2" 0.925411230369881 0.491900205647433
"Conti_0.75_0.757" 6 1.49710251838678 0.513692393632946 6 1.2156276412572 0.414741904741525 6 0.806217232553766 0.28153271868319 0.75 0.75 "simulation2" 1.84609356550973 0.662415304139816
"Conti_0.75_0.758" 7 1.76706428882662 0.501580510603478 7 1.41721440650579 0.376261031277971 7 0.939765853104272 0.248838047687887 0.75 0.75 "simulation2" 2.61225911705794 0.832399466261639
"Conti_0.75_0.759" 8 2.02605061518175 0.482825434886145 8 1.60033865186802 0.356346214672007 8 1.06255664972876 0.244712291371104 0.75 0.75 "simulation2" 3.22217435048088 0.976189932000025
"Conti_0.75_0.7510" 9 2.26676848774333 0.457145580363325 9 1.7669586125919 0.325225986310825 9 1.18093795396147 0.232154547214807 0.75 0.75 "simulation2" 3.56589795558647 0.992743085570265
"Conti_0.75_0.7511" 10 2.4996490839651 0.462452644250677 10 1.91853817241364 0.308235911166929 10 1.28713386771173 0.199628701473392 0.75 0.75 "simulation2" 3.88995978155943 1.13897193232877
"Conti_0.75_0.7512" 11 2.71719520909957 0.415720450370136 11 2.05400392861183 0.271862103034917 11 1.37423637361986 0.1579107525209 0.75 0.75 "simulation2" 4.00595153166607 1.33314429165709
"Conti_0.75_0.7513" 12 2.90810362125627 0.390704427988519 12 2.17304261981552 0.254281335054064 12 1.45064065681878 0.156981340450595 0.75 0.75 "simulation2" 4.02797270874308 1.20590119668828
"Conti_0.75_0.7514" 13 3.09246066704199 0.393868860576069 13 2.28883562407721 0.259878118442614 13 1.53427862696441 0.187468885308994 0.75 0.75 "simulation2" 4.04592654654147 1.27485171449328
"Conti_0.75_0.7515" 14 3.26002488298333 0.339425852005298 14 2.4000005667558 0.237014005306824 14 1.61882791309343 0.160834748269525 0.75 0.75 "simulation2" 4.05047629571259 1.36274112077946
"Conti_0.75_0.7516" 15 3.39619568655119 0.299642503329371 15 2.49238386979999 0.194251964895458 15 1.68452547918749 0.111712121328026 0.75 0.75 "simulation2" 4.27427321830003 1.6264159990575
"Conti_0.75_0.7517" 16 3.52571243575523 0.317871901841746 16 2.57713178884333 0.208255624755567 16 1.74796848323664 0.15034117658261 0.75 0.75 "simulation2" 4.22035595914165 1.49936364565411
"Conti_0.75_0.7518" 17 3.6614339292179 0.321647290270089 17 2.6636639796049 0.20085977775331 17 1.81730687652799 0.138247271912846 0.75 0.75 "simulation2" 4.38969166683416 1.57598416408937
"Conti_0.75_0.7519" 18 3.79614379641479 0.320155083003034 18 2.74465919663382 0.190615047626719 18 1.880126622049 0.125710669770781 0.75 0.75 "simulation2" 4.42267602009014 1.5423263431668
"Conti_0.75_0.7520" 19 3.92482564060768 0.304397144124663 19 2.82295346399289 0.191209229525022 19 1.93933674820029 0.120895460456779 0.75 0.75 "simulation2" 4.39404459389624 1.50244080573953
"Conti_0.75_0.7521" 20 4.04508529484521 0.296614790482924 20 2.89669234164906 0.173014224638275 20 1.99245884660303 0.0950736771647096 0.75 0.75 "simulation2" 4.4705737688624 1.55884425515714
"Conti_0.75_0.7522" 21 4.16190977991231 0.296348342396664 21 2.961750523851 0.158070457222602 21 2.03584617163429 0.070857616112307 0.75 0.75 "simulation2" 4.6519770738629 1.74869170695662
"Conti_0.75_0.7523" 22 4.28080413974102 0.30629969637518 22 3.02517765275717 0.167133381828296 22 2.07653037778636 0.0809177458128114 0.75 0.75 "simulation2" 4.59814532179502 1.86470304352522
"Conti_0.75_0.7524" 23 4.39817198404776 0.294477738175634 23 3.08941390131244 0.163733049161359 23 2.1215748162221 0.0957890441681271 0.75 0.75 "simulation2" 4.49666182562568 1.90397629506465
"Conti_0.75_0.7525" 24 4.50461908024521 0.285013600780431 24 3.15323926184242 0.172766771803616 24 2.16842259370389 0.0967802940104902 0.75 0.75 "simulation2" 4.46003197278405 2.12629272281032
"Conti_0.75_0.7526" 25 4.65439120738505 0.434720759938369 25 3.24245467900461 0.272430646206003 25 2.22202312319561 0.136735676466175 0.75 0.75 "simulation2" 4.85236887011911 1.45441333112654
"Conti_0.75_0.7527" 26 4.83836390679555 0.392231643547345 26 3.3463433820239 0.227340306231611 26 2.2790179086364 0.113874442335104 0.75 0.75 "simulation2" 4.28530653809016 1.39854808661194
"Conti_0.75_0.7528" 27 4.98680251740914 0.341800940256651 27 3.42797600716233 0.199601148646967 27 2.32953166411137 0.109281165900471 0.75 0.75 "simulation2" 4.17194262161574 1.40665079529756
"Conti_0.75_0.7529" 28 5.11260874677702 0.319193221935961 28 3.501695309704 0.193648463910286 28 2.37610065718312 0.0936418237889395 0.75 0.75 "simulation2" 4.08495687824835 1.43658443001983
"Conti_0.75_0.7530" 29 5.2240039714863 0.292425356391695 29 3.56750814493913 0.168522392331173 29 2.41824026411201 0.0884386085012889 0.75 0.75 "simulation2" 3.94256247275364 1.37821752497868
"Conti_0.75_0.7531" 30 5.32045075738812 0.270162701190254 30 3.62943337681768 0.178616145091422 30 2.46236932057475 0.102076535170541 0.75 0.75 "simulation2" 3.89130068258428 1.40086566680473
"Conti_0.75_0.7532" 31 5.41100544574371 0.274389163783271 31 3.69021074691676 0.164911079430652 31 2.50018774857921 0.055397904848532 0.75 0.75 "simulation2" 3.71185668836419 1.31007627204201
"Conti_0.75_0.7533" 32 5.50809411676438 0.292275822427107 32 3.74708077133444 0.163893547076434 32 2.53314552673857 0.0758865628104977 0.75 0.75 "simulation2" 3.56629548230734 1.32426096324394
"Conti_0.75_0.7534" 33 5.60066913746313 0.261511963698214 33 3.8031121435359 0.163336044701845 33 2.56852161540559 0.0698151564063039 0.75 0.75 "simulation2" 3.28336876561908 1.22544956907766
"Conti_0.75_0.7535" 34 5.68011307267525 0.251044001411829 34 3.85908215353472 0.165467901714408 34 2.60335234895594 0.0750437598805953 0.75 0.75 "simulation2" 3.0545209226765 1.18272460803524
"Conti_0.75_0.7536" 35 5.75943939075337 0.262705733978746 35 3.91325408253121 0.156587829585977 35 2.6362492142975 0.0586275271764464 0.75 0.75 "simulation2" 2.82700839422905 1.21223121886461
"Conti_0.75_0.7537" 36 5.84615419029411 0.277461080895866 36 3.96118401459975 0.139882841985817 36 2.66453728531964 0.0478501975068247 0.75 0.75 "simulation2" 2.6665991153784 1.16256048534732
"Conti_0.75_0.7538" 37 5.92731309626676 0.247577424456855 37 4.00439326223132 0.136689207555256 37 2.69244614088924 0.0570454579586858 0.75 0.75 "simulation2" 2.4941832454511 1.11079102771192
"Conti_0.75_0.7539" 38 6.00188760644846 0.258848209869564 38 4.04751824673129 0.140591848880784 38 2.72219376386917 0.0616894347072513 0.75 0.75 "simulation2" 2.32054744726067 1.13550256417399
"Conti_0.75_0.7540" 39 6.08412281904059 0.271851107348078 39 4.09269853961552 0.145778071776939 39 2.75259781787723 0.0629994133974191 0.75 0.75 "simulation2" 2.04986353584671 1.01749157683694
"Conti_0.75_0.7541" 40 6.15425912584384 0.221412450935743 40 4.13222176193028 0.116221212348069 40 2.78086320532809 0.0489264937060613 0.75 0.75 "simulation2" 1.89869999440255 0.966162018658922
"Conti_0.75_0.7542" 41 6.22121478710128 0.262572124229634 41 4.16525945162582 0.116595652956183 41 2.80531868082935 0.0384609402840304 0.75 0.75 "simulation2" 1.74467083239803 0.881720747139578
"Conti_0.75_0.7543" 42 6.29487488268676 0.245397546279624 42 4.1986555143695 0.118051758088029 42 2.82894077684438 0.0446872812731267 0.75 0.75 "simulation2" 1.57290678054536 0.83163014102454
"Conti_0.75_0.7544" 43 6.36350083840284 0.249741522935867 43 4.23437560017691 0.129610808577601 43 2.85581242559355 0.0617834653974075 0.75 0.75 "simulation2" 1.40495808884334 0.747547245106968
"Conti_0.75_0.7545" 44 6.43243733219008 0.246945201278001 44 4.27013752384076 0.118466852890824 44 2.88267558673299 0.0462140364539328 0.75 0.75 "simulation2" 1.28565149256023 0.731693775873427
"Conti_0.75_0.7546" 45 6.4865304625712 0.192893542060588 45 4.29972615211483 0.100996867209966 45 2.90582095790576 0.0355820124012516 0.75 0.75 "simulation2" 1.14269434005085 0.662103739074176
"Conti_0.75_0.7547" 46 6.53611599681817 0.233253427869279 46 4.32530525902256 0.0975956581203855 46 NA 0 0.75 0.75 "simulation2" 1.03598415275944 0.651433714488607
"Conti_0.75_0.7548" 47 6.59238890062927 0.2171105669075 47 4.34903743379549 0.090438403681575 47 NA 0.00553327784386459 0.75 0.75 "simulation2" 0.918344356782463 0.568227535405871
"Conti_0.75_0.7549" 48 6.64342522494756 0.218582528713174 48 4.37016584994593 0.0836164194187312 48 NA 0.00142533659265631 0.75 0.75 "simulation2" 0.799043287175254 0.478903850538569
"Conti_1.62_1.621" 0 0 0 0 0 0 0 0 0 1.62 1.62 "simulation3" 0 0
"Conti_1.62_1.622" 1 0.0496123810093957 0.0942522752231021 1 0.0463986328139167 0.0314174250743674 1 0.0454109594933913 0 1.62 1.62 "simulation3" 3.44317972215957e-06 5.96376221837127e-06
"Conti_1.62_1.623" 2 0.276922412047811 0.715809764743586 2 0.212885521492013 0.596883331718701 2 0.167411460852292 0.460891187633335 1.62 1.62 "simulation3" 0 0
"Conti_1.62_1.624" 3 0.857938455901461 1.02455908342303 3 0.675917436986932 0.861227832659792 3 0.513656671066409 0.692508553788518 1.62 1.62 "simulation3" 0.0132099448627992 0.0228802956675517
"Conti_1.62_1.625" 4 1.58618096311966 1.08514283287621 4 1.27000737684795 0.944706418230437 4 0.956990849838782 0.74464039881348 1.62 1.62 "simulation3" 0.354260987717092 0.282702552729344
"Conti_1.62_1.626" 5 2.30829332037176 1.04826531478081 5 1.87120667266887 0.907225962462061 5 1.39800065587839 0.71094717669634 1.62 1.62 "simulation3" 1.39821677995562 0.654544720082511
"Conti_1.62_1.627" 6 2.98658095940177 1.01130357071153 6 2.42934276701713 0.86861659198539 6 1.79380446524058 0.64912951832796 1.62 1.62 "simulation3" 2.78016824960307 0.978454971974617
"Conti_1.62_1.628" 7 3.62003415640458 0.956509803310212 7 2.95355025474712 0.833711764745329 7 2.15494347283159 0.626507591614507 1.62 1.62 "simulation3" 4.169278230122 1.25631081021671
"Conti_1.62_1.629" 8 4.16366110305081 0.821530801349404 8 3.41241067990827 0.723100452958548 8 2.47457297641702 0.544052248858789 1.62 1.62 "simulation3" 5.16092251728471 1.53962532148701
"Conti_1.62_1.6210" 9 4.59464745190907 0.708769195425619 9 3.78600753916238 0.636501649356966 9 2.74314697035719 0.494196558566504 1.62 1.62 "simulation3" 5.85961493154579 1.64399003518743
"Conti_1.62_1.6211" 10 4.96376259001951 0.671964953519537 10 4.10560841350445 0.586256933210357 10 2.97540074928223 0.443271597453613 1.62 1.62 "simulation3" 6.41758501413753 1.79939118268886
"Conti_1.62_1.6212" 11 5.30194535847344 0.631552305433778 11 4.38908210746108 0.542304985884956 11 3.18654565802767 0.431625981940694 1.62 1.62 "simulation3" 6.73307475740956 1.94577057188783
"Conti_1.62_1.6213" 12 5.61368834442822 0.607448751334143 12 4.64357808537201 0.510684371564539 12 3.3712697677454 0.368431220412623 1.62 1.62 "simulation3" 6.95530232612329 2.02532384368458
"Conti_1.62_1.6214" 13 5.89344042895924 0.553595421814022 13 4.87601294144138 0.483511994262953 13 3.53308489565885 0.360427466623435 1.62 1.62 "simulation3" 7.1679440971253 2.06813840035469
"Conti_1.62_1.6215" 14 6.14662987028899 0.542556751696031 14 5.08835531881265 0.456603372513468 14 3.68298885782673 0.330250183247829 1.62 1.62 "simulation3" 7.24484117471572 2.08049027544109
"Conti_1.62_1.6216" 15 6.39251587959318 0.533477808223136 15 5.28133133581 0.431112981213301 15 3.81976561804627 0.325118606355948 1.62 1.62 "simulation3" 7.60808990785975 2.31558152066187
"Conti_1.62_1.6217" 16 6.61764425807326 0.490310730722117 16 5.461579687122 0.419584644201412 16 3.96408791398995 0.349622453833177 1.62 1.62 "simulation3" 7.80872497838248 2.50887184935128
"Conti_1.62_1.6218" 17 6.81759178536749 0.465830429344639 17 5.62235294399952 0.374628360253906 17 4.08572097642362 0.253722349681537 1.62 1.62 "simulation3" 8.01053999444752 2.60742800581238
"Conti_1.62_1.6219" 18 6.99305337498383 0.420275290930678 18 5.76121509649282 0.354628162632144 18 4.17954291525377 0.257005477576027 1.62 1.62 "simulation3" 8.35062263647097 2.80470250350928
"Conti_1.62_1.6220" 19 7.14176263010703 0.389597049319922 19 5.88851513441284 0.335189010971651 19 4.27097191837491 0.232557054908829 1.62 1.62 "simulation3" 8.55654844906846 3.04575927978127
"Conti_1.62_1.6221" 20 7.27838889495557 0.383128076676658 20 5.99572189664723 0.289724204927304 20 4.32622823264934 0.121969811469685 1.62 1.62 "simulation3" 8.79738626453334 3.06768644167467
"Conti_1.62_1.6222" 21 7.40757430311113 0.363799833660548 21 6.08418606787505 0.271153883881587 21 4.35851173248877 0.11735657492152 1.62 1.62 "simulation3" 8.99994918835251 3.18898553947418
"Conti_1.62_1.6223" 22 7.51000325154692 0.302233333616288 22 6.15911188877139 0.241144981161962 22 4.39050584594923 0.121272441632629 1.62 1.62 "simulation3" 9.23279099176274 3.48568086012933
"Conti_1.62_1.6224" 23 7.59722869721165 0.317255304549157 23 6.22679191047575 0.245661333939074 23 4.42608788596155 0.13598599808691 1.62 1.62 "simulation3" 9.00629920685661 3.39467159355668
"Conti_1.62_1.6225" 24 7.69482156664429 0.339583372352467 24 6.29271100910403 0.241344417165944 24 4.46139128684513 0.131304821521813 1.62 1.62 "simulation3" 9.03406635737981 3.47064757248349
"Conti_1.62_1.6226" 25 7.81698189323544 0.399567734411529 25 6.38203247525993 0.326700601507067 25 4.52444178158526 0.253347745812818 1.62 1.62 "simulation3" 9.90698474390751 2.95889916917377
"Conti_1.62_1.6227" 26 7.9547988797412 0.392512255218876 26 6.47716167143893 0.263110470868251 26 4.60391789123596 0.197961444629218 1.62 1.62 "simulation3" 9.33838989534917 2.79808649105828
"Conti_1.62_1.6228" 27 8.08247266713752 0.376716268509161 27 6.54468636731757 0.240309615353072 27 4.65816167484795 0.162847442521579 1.62 1.62 "simulation3" 9.22836039455748 2.93724385158422
"Conti_1.62_1.6229" 28 8.2012572864083 0.366254648050666 28 6.61044198691989 0.253811081058568 28 4.6962707816778 0.126083257690129 1.62 1.62 "simulation3" 8.81182495313509 2.70723106065222
"Conti_1.62_1.6230" 29 8.30633460008811 0.336083345539895 29 6.67611682366451 0.240824543765345 29 4.72975440745581 0.142941431705065 1.62 1.62 "simulation3" 8.6369023123845 3.02655537750412
"Conti_1.62_1.6231" 30 8.40034824535174 0.331825064797897 30 6.73992420745685 0.248975163923161 30 4.77563758748574 0.176707426054527 1.62 1.62 "simulation3" 8.45608151643387 3.11929251382527
"Conti_1.62_1.6232" 31 8.4921901600763 0.329615029816604 31 6.80044625436783 0.229913644141064 31 4.81469781756699 0.116915063172507 1.62 1.62 "simulation3" 8.15251441699411 3.17097415653999
"Conti_1.62_1.6233" 32 8.58064856090736 0.321915930487777 32 6.85555004801282 0.230430652540925 32 4.84476971339399 0.139357612773236 1.62 1.62 "simulation3" 8.08786755861006 3.27647876938795
"Conti_1.62_1.6234" 33 8.65995083721952 0.299397240041849 33 6.90675857889851 0.213826866427349 33 4.87977881499565 0.137068124392708 1.62 1.62 "simulation3" 7.82649789208346 3.23753381719955
"Conti_1.62_1.6235" 34 8.72274899126992 0.267208364299812 34 6.94845063769609 0.192911450571987 34 4.91237359558332 0.130003607759644 1.62 1.62 "simulation3" 7.34327242752959 3.01654230676169
"Conti_1.62_1.6236" 35 8.77494677371021 0.264206180925467 35 6.97755006611029 0.162765768311065 35 4.9396144895119 0.111719583269577 1.62 1.62 "simulation3" 7.05742422394828 2.99912116157065
"Conti_1.62_1.6237" 36 8.8333399067517 0.286832271636797 36 7.00125777907595 0.169448861710513 36 4.96138587343099 0.103505679819629 1.62 1.62 "simulation3" 6.76201761436429 2.88326873260704
"Conti_1.62_1.6238" 37 8.8905826521467 0.263220699916041 37 7.02636397162506 0.167133448553197 37 4.9829426559927 0.108573305111008 1.62 1.62 "simulation3" 6.39370090490462 2.72252408983036
"Conti_1.62_1.6239" 38 8.94533161421828 0.279359947052885 38 7.04999464693867 0.162457254170402 38 5.00191874549813 0.0854798700153159 1.62 1.62 "simulation3" 6.05606996604084 2.61461296576585
"Conti_1.62_1.6240" 39 8.99581509056439 0.247628683503661 39 7.06568054487943 0.132556515160182 39 5.00669123588383 0.0232597029434893 1.62 1.62 "simulation3" 5.70876024364164 2.51830830375373
"Conti_1.62_1.6241" 40 9.03542261131795 0.241532378230328 40 7.07569882740793 0.136049409538848 40 5.00471116539441 0.0357376899868083 1.62 1.62 "simulation3" 5.42695867282549 2.52043047774286
"Conti_1.62_1.6242" 41 9.06916361307128 0.222728719904581 41 7.08541800363938 0.128394362615672 41 5.0088814265802 0.0652623410462154 1.62 1.62 "simulation3" 5.16452186569324 2.5229447845817
"Conti_1.62_1.6243" 42 9.09159464968866 0.199131854790183 42 7.09116808990202 0.118418588766709 42 5.01402516681084 0.0456069606365734 1.62 1.62 "simulation3" 4.69444868790431 2.18988950983799
"Conti_1.62_1.6244" 43 9.10792807645091 0.195175871464548 43 7.09741742917917 0.12948300007705 43 5.01917058841036 0.0659590240419989 1.62 1.62 "simulation3" 4.36805259152946 2.10991781939276
"Conti_1.62_1.6245" 44 9.11723878352919 0.170240396542076 44 7.10281384850437 0.114146476844225 44 5.02345263085217 0.0401345026879527 1.62 1.62 "simulation3" 4.06488581173227 2.06369768116787
"Conti_1.62_1.6246" 45 9.12768978449929 0.20088110953773 45 7.1063316949272 0.121217319948447 45 5.02435407504886 0.0398381870257687 1.62 1.62 "simulation3" 3.74375334804778 1.89253081865596
"Conti_1.62_1.6247" 46 9.14606290624705 0.200548387213962 46 7.1106696794843 0.118470737268627 46 5.02434151803184 0.0363928271159228 1.62 1.62 "simulation3" 3.52455193768155 1.84534856551784
"Conti_1.62_1.6248" 47 9.16097667377992 0.191201618160333 47 7.11808263680863 0.136408952614725 47 5.03252795413519 0.0929327621252551 1.62 1.62 "simulation3" 3.21253610462656 1.6995883072589
"Conti_1.62_1.6249" 48 9.17682074757512 0.206168019894689 48 7.12731146441227 0.126561153800211 48 5.04315879156653 0.0492630355217785 1.62 1.62 "simulation3" 3.00802644781614 1.66709973437981
"Conti_3.5_3.51" 0 0 0 0 0 0 0 0 0 3.5 3.5 "simulation4" 0 0
"Conti_3.5_3.52" 1 0.0689030520638873 0.237990610709792 1 0.0518929296642901 0.122090408954116 1 0.0454110065303989 0 3.5 3.5 "simulation4" 0 0
"Conti_3.5_3.53" 2 0.523853464865251 1.19158550006136 2 0.343428668837441 0.879048109289714 2 0.177315865548882 0.506220914779596 3.5 3.5 "simulation4" 0 0
"Conti_3.5_3.54" 3 1.54591984816413 1.48999872223596 3 1.08475570957373 1.2252824298755 3 0.582730308378728 0.808689598805823 3.5 3.5 "simulation4" 0.0267354897657093 0.0434331367735153
"Conti_3.5_3.55" 4 2.83149292322931 1.75360935898503 4 2.06023111457406 1.41428866799431 4 1.1492111008699 0.93460479580268 3.5 3.5 "simulation4" 0.447237045590144 0.311344079710307
"Conti_3.5_3.56" 5 4.29856656888121 1.84177307796342 5 3.18178606721671 1.52857869493305 5 1.78663400944415 0.994388583675475 3.5 3.5 "simulation4" 1.89640553296878 0.679570452464275
"Conti_3.5_3.57" 6 5.82573724152656 1.89039991868322 6 4.34577901145901 1.53538884309816 6 2.42339674325137 0.9607120581965 3.5 3.5 "simulation4" 3.76161971171517 0.900684137430128
"Conti_3.5_3.58" 7 7.32742723091301 1.82654263428403 7 5.49460510029563 1.51858392650905 7 3.06344093611239 1.01206213873399 3.5 3.5 "simulation4" 5.7315131130131 1.14669052881276
"Conti_3.5_3.59" 8 8.72990119886271 1.74670691883831 8 6.58373882388498 1.44240069423873 8 3.6822917056657 0.919370895802789 3.5 3.5 "simulation4" 7.28812708381336 1.38626182279394
"Conti_3.5_3.510" 9 9.99153197699804 1.59785421823588 9 7.55466872663073 1.31529595850633 9 4.20363058355119 0.814909811502669 3.5 3.5 "simulation4" 8.73369754926184 1.64365446588666
"Conti_3.5_3.511" 10 11.056759155664 1.41699333566961 10 8.38472317084932 1.1858899945058 10 4.65119346581221 0.752899260188039 3.5 3.5 "simulation4" 9.79283927662421 1.77459022486965
"Conti_3.5_3.512" 11 11.9602129682256 1.30881134338324 11 9.0973550448393 1.08926788347956 11 5.04247452941128 0.682024411707369 3.5 3.5 "simulation4" 10.6000132052667 2.03333850810307
"Conti_3.5_3.513" 12 12.7531666219415 1.21157155006154 12 9.72433258974786 1.0148334818236 12 5.38374106426777 0.633409988057583 3.5 3.5 "simulation4" 10.9687823824002 2.00766668155663
"Conti_3.5_3.514" 13 13.4746422060403 1.17223232749141 13 10.2891261957348 0.96184553106747 13 5.68891175602653 0.5929291099742 3.5 3.5 "simulation4" 11.4384168925443 2.34313805351538
"Conti_3.5_3.515" 14 14.1242392363862 1.07246094246681 14 10.7975057703443 0.896878651730253 14 5.9691715575183 0.568555856821214 3.5 3.5 "simulation4" 11.8708853022237 2.21121636173464
"Conti_3.5_3.516" 15 14.6916401314015 1.0116204982597 15 11.2443201525412 0.831147962293534 15 6.2131576584348 0.502260301494343 3.5 3.5 "simulation4" 12.2117434212556 2.07351465171761
"Conti_3.5_3.517" 16 15.1923905083549 0.936539798422012 16 11.6368371447426 0.77856664060959 16 6.4391941144808 0.522032244594892 3.5 3.5 "simulation4" 12.6095110325578 2.23463666761031
"Conti_3.5_3.518" 17 15.6442388060033 0.911423534982035 17 11.9946744238973 0.754106212760093 17 6.65532992932681 0.478638887358357 3.5 3.5 "simulation4" 13.4090099335154 2.80215693521665
"Conti_3.5_3.519" 18 16.0694311370231 0.876491842404898 18 12.333668490148 0.733675268309901 18 6.86658235510234 0.51061225424769 3.5 3.5 "simulation4" 13.8880569486032 2.93261405508208
"Conti_3.5_3.520" 19 16.4384932422322 0.791328961778425 19 12.6335255294696 0.664361777843932 19 7.06294658746599 0.439954742318183 3.5 3.5 "simulation4" 14.4533557954753 3.34972752225678
"Conti_3.5_3.521" 20 16.748417938585 0.743918692858818 20 12.888535958497 0.626135016293079 20 7.23536198920048 0.445731202977926 3.5 3.5 "simulation4" 15.1128442473392 3.81947443645041
"Conti_3.5_3.522" 21 17.0166694815277 0.691410354732917 21 13.1081090690232 0.576179150667087 21 7.38748949387149 0.383271452092671 3.5 3.5 "simulation4" 15.4556601053966 3.72647552180157
"Conti_3.5_3.523" 22 17.2465154536864 0.657498603076003 22 13.3096549941308 0.579005984539802 22 7.5359768184322 0.430782225962972 3.5 3.5 "simulation4" 15.8054740235298 4.22249034695805
"Conti_3.5_3.524" 23 17.481884536466 0.701951719740288 23 13.4960394705203 0.533171648718136 23 7.66341908496525 0.313637251150584 3.5 3.5 "simulation4" 15.7116076311703 3.92516203018443
"Conti_3.5_3.525" 24 17.7095473022753 0.642547390957847 24 13.6379906076462 0.474848514711352 24 7.72833296183719 0.257582158019612 3.5 3.5 "simulation4" 15.6959283605103 4.00852799812961
"Conti_3.5_3.526" 25 17.9127414623013 0.650751851998635 25 13.8102744118042 0.613869275934165 25 7.88630556927933 0.591536721485419 3.5 3.5 "simulation4" 16.8426785439487 2.80008854895596
"Conti_3.5_3.527" 26 18.1182644168574 0.648635302035685 26 14.0330031334796 0.603289786165271 26 8.14488423732808 0.54003647897595 3.5 3.5 "simulation4" 16.3663271262775 2.74540055620004
"Conti_3.5_3.528" 27 18.3192818974932 0.644607483097776 27 14.2219065138432 0.544599729577498 27 8.34488026061128 0.467891807834977 3.5 3.5 "simulation4" 16.0703557281309 2.50661410412143
"Conti_3.5_3.529" 28 18.512335059845 0.634282418889486 28 14.3940214036946 0.562986367253302 28 8.52052360914933 0.472759767398181 3.5 3.5 "simulation4" 16.3532664510105 3.00376878881292
"Conti_3.5_3.530" 29 18.7037244610485 0.64237714333622 29 14.571916358961 0.558006949147127 29 8.69360660781374 0.458233677536995 3.5 3.5 "simulation4" 16.4204079481575 3.25105987805237
"Conti_3.5_3.531" 30 18.8841090169353 0.607517174464937 30 14.7358829471796 0.530881065729328 30 8.85199032399508 0.435002018909118 3.5 3.5 "simulation4" 16.3483718125926 3.29647678480387
"Conti_3.5_3.532" 31 19.0325033005187 0.564836357259318 31 14.8823561068887 0.512011084470275 31 8.99688753838189 0.421166104690624 3.5 3.5 "simulation4" 16.4986116563898 3.41849784474503
"Conti_3.5_3.533" 32 19.1596964742279 0.549989710934757 32 15.0072022292285 0.473708866104292 32 9.12996063087732 0.404351821174622 3.5 3.5 "simulation4" 16.4011421231824 3.36303152027055
"Conti_3.5_3.534" 33 19.2654592536903 0.506662957939338 33 15.1205139838011 0.479585492564737 33 9.26549470214557 0.430709951643089 3.5 3.5 "simulation4" 15.7788275864413 3.33739470061988
"Conti_3.5_3.535" 34 19.3507364961424 0.494319373474658 34 15.2250014676986 0.447390557884721 34 9.40489747003207 0.416657241883138 3.5 3.5 "simulation4" 15.6151234372431 3.40835024424415
"Conti_3.5_3.536" 35 19.4247169244731 0.473161293512642 35 15.3117399606232 0.429716355177138 35 9.53182498704117 0.394373078603144 3.5 3.5 "simulation4" 14.9599160858547 3.30998899850267
"Conti_3.5_3.537" 36 19.4873053265607 0.459739969264617 36 15.3825597847233 0.397632828248226 36 9.62651415290344 0.322744686369789 3.5 3.5 "simulation4" 14.255376726972 3.19942600612816
"Conti_3.5_3.538" 37 19.5288238856832 0.411516917533912 37 15.4318637981192 0.363026798126919 37 9.69941916588209 0.316169169287134 3.5 3.5 "simulation4" 13.7223185983568 3.24186314357558
"Conti_3.5_3.539" 38 19.5517868271021 0.401064055016888 38 15.4623214894349 0.335353611569232 38 9.75237361819445 0.246620406255531 3.5 3.5 "simulation4" 13.0657682356402 2.61493255972256
"Conti_3.5_3.540" 39 19.5536756904375 0.346257131296993 39 15.4767690920739 0.307498077164464 39 9.78189656042596 0.233561838211085 3.5 3.5 "simulation4" 12.4173970374472 2.5658388023526
"Conti_3.5_3.541" 40 19.5396483407374 0.343791859315726 40 15.4775719984679 0.287383199587117 40 9.79647268768847 0.185602849432238 3.5 3.5 "simulation4" 12.0016551934226 2.56433079352836
"Conti_3.5_3.542" 41 19.5230231932879 0.333271338380517 41 15.4719448181267 0.28265512194292 41 9.80272437056529 0.200441869782325 3.5 3.5 "simulation4" 11.5309845410985 2.40880322654443
"Conti_3.5_3.543" 42 19.4973398954796 0.312303770188756 42 15.4634893823564 0.274350045931409 42 9.81546900318334 0.207988082507657 3.5 3.5 "simulation4" 11.0831768274683 2.34151357281619
"Conti_3.5_3.544" 43 19.4583057903263 0.287215345020878 43 15.4481427914973 0.25777618103211 43 9.82839310709159 0.202850188706309 3.5 3.5 "simulation4" 10.6496702395499 2.30500914073582
"Conti_3.5_3.545" 44 19.415554047171 0.297352433227323 44 15.430003273675 0.263049197765684 44 9.83938329949972 0.202220743899193 3.5 3.5 "simulation4" 10.1290229023161 2.15050200140566
"Conti_3.5_3.546" 45 19.3799372885817 0.30764277171685 45 15.4135980407535 0.261427611221021 45 9.85362165954694 0.213273872073344 3.5 3.5 "simulation4" 9.77006434790318 1.98753601765337
"Conti_3.5_3.547" 46 19.3454043821963 0.299949364658188 46 15.3939553714607 0.251977418133087 46 9.86124835151228 0.178816024591353 3.5 3.5 "simulation4" 9.41589454096381 2.04508714152094
"Conti_3.5_3.548" 47 19.306542301159 0.29123735407664 47 15.3764254405213 0.266340359910318 47 9.87035075405108 0.21801875371933 3.5 3.5 "simulation4" 8.74858467642157 1.88562311682801
"Conti_3.5_3.549" 48 19.2607568828042 0.27249839917363 48 15.3561548615476 0.238307160494677 48 9.88242944648707 0.186130368431604 3.5 3.5 "simulation4" 8.38930782404648 1.78513108585884
"Conti_7.54_7.541" 0 0 0 0 0 0 0 0 0 7.54 7.54 "simulation5" 0 0
"Conti_7.54_7.542" 1 0.08179442601171 0.311740062889927 1 0.0598495286520932 0.184605278450885 1 0.0454112907391946 0 7.54 7.54 "simulation5" 0 0
"Conti_7.54_7.543" 2 0.667589344735368 1.43613840388153 2 0.44915189792 1.08334956327997 2 0.224576445204415 0.67930346202188 7.54 7.54 "simulation5" 0 0
"Conti_7.54_7.544" 3 2.01561889398209 1.86613731306882 3 1.39208840154501 1.45392094702974 3 0.764119199479692 0.980472333822133 7.54 7.54 "simulation5" 0.0627606272372983 0.0700106520109374
"Conti_7.54_7.545" 4 3.8518396532969 2.33275482056467 4 2.72244413781354 1.86660503115421 4 1.57710137467983 1.32758289390169 7.54 7.54 "simulation5" 0.653778619751089 0.484649079943421
"Conti_7.54_7.546" 5 6.039151816959 2.45553256317439 5 4.37111822627781 2.03049847834668 5 2.66927531911155 1.54900784204187 7.54 7.54 "simulation5" 2.22678983711502 1.00931667022581
"Conti_7.54_7.547" 6 8.29774194430496 2.50027730148592 6 6.1316451711322 2.09888300026272 6 3.91492952294743 1.6416524806203 7.54 7.54 "simulation5" 4.93817335924659 1.28045949679059
"Conti_7.54_7.548" 7 10.5296850021889 2.46071066752118 7 7.91026622100472 2.09699224158516 7 5.19809841314309 1.65487889849106 7.54 7.54 "simulation5" 7.50972107919616 1.45634065690804
"Conti_7.54_7.549" 8 12.7059166588113 2.44914385643912 8 9.65897809157521 2.07703227850166 8 6.47079456473178 1.65062768731407 7.54 7.54 "simulation5" 9.64963891653166 1.72663490292447
"Conti_7.54_7.5410" 9 14.7943734265267 2.35078118044598 9 11.304742187005 1.95925341489381 9 7.68305333035244 1.55397191350165 7.54 7.54 "simulation5" 11.6570233609286 2.17651763525914
"Conti_7.54_7.5411" 10 16.744032925599 2.26249202804508 10 12.8184494912714 1.88053061101461 10 8.76091194304189 1.43612021501173 7.54 7.54 "simulation5" 13.2279811618213 2.51405565055649
"Conti_7.54_7.5412" 11 18.470183046879 2.02859942078091 11 14.1644889856981 1.69886750487442 11 9.70922216192088 1.32737047417249 7.54 7.54 "simulation5" 15.0365231699186 3.37171813201103
"Conti_7.54_7.5413" 12 19.955948555655 1.89962223628788 12 15.3515090717679 1.62719076237207 12 10.5433607393656 1.23562847593148 7.54 7.54 "simulation5" 15.9200350368217 3.2155041007244
"Conti_7.54_7.5414" 13 21.2618560814531 1.73803518473793 13 16.4464702899424 1.54095717181514 13 11.3406626255222 1.25957561095299 7.54 7.54 "simulation5" 16.7197070794642 3.72174088289888
"Conti_7.54_7.5415" 14 22.395542865766 1.62221522436931 14 17.4301490441111 1.4403480696446 14 12.1109327282728 1.1833523262762 7.54 7.54 "simulation5" 17.775442046704 3.62453329398281
"Conti_7.54_7.5416" 15 23.416792237915 1.55247349625892 15 18.3018856918931 1.34968621009532 15 12.7729896465011 1.06167683840812 7.54 7.54 "simulation5" 18.633607381657 3.74296001850641
"Conti_7.54_7.5417" 16 24.3820040018692 1.53028093551461 16 19.1041721385663 1.31764638367483 16 13.3444931449395 1.00483788303481 7.54 7.54 "simulation5" 19.9591303638809 4.65328497494369
"Conti_7.54_7.5418" 17 25.2981155570287 1.47562403127088 17 19.8554894789251 1.26128217196875 17 13.8642776050139 0.954262576058087 7.54 7.54 "simulation5" 21.1976749190789 4.87634750398765
"Conti_7.54_7.5419" 18 26.1575276800986 1.44276216900051 18 20.5604734638943 1.23929323643477 18 14.3406776200137 0.917473131346355 7.54 7.54 "simulation5" 21.848602956501 5.13941612241797
"Conti_7.54_7.5420" 19 26.9776763153446 1.41080287031794 19 21.2274732867862 1.19483643265602 19 14.7822039397397 0.885210877081748 7.54 7.54 "simulation5" 23.2327321467188 5.708207398425
"Conti_7.54_7.5421" 20 27.7313240583073 1.33267755204265 20 21.843743582509 1.15439381487349 20 15.201594678812 0.880101007863281 7.54 7.54 "simulation5" 24.5149227910491 5.76792140607497
"Conti_7.54_7.5422" 21 28.4215493137671 1.30342264444788 21 22.4497762432023 1.17571976409714 21 15.645826281333 0.931345558019311 7.54 7.54 "simulation5" 25.4943074364773 5.9816735391558
"Conti_7.54_7.5423" 22 29.078054842085 1.27056679872003 22 23.0108390233503 1.07235957954111 22 16.0236861482239 0.743680107438036 7.54 7.54 "simulation5" 25.6191845317714 6.18420231554276
"Conti_7.54_7.5424" 23 29.6693912320173 1.18748504511734 23 23.4985578362256 1.03869380634632 23 16.3194103864039 0.756752298558984 7.54 7.54 "simulation5" 26.6448910757631 6.73631016098807
"Conti_7.54_7.5425" 24 30.1923239927923 1.15041465541716 24 23.94026333528 0.993363568610084 24 16.6047995166783 0.744368950802122 7.54 7.54 "simulation5" 27.1405701281289 7.32076605342108
"Conti_7.54_7.5426" 25 30.7096092849328 1.18340814856948 25 24.4488410405235 1.1769881606908 25 17.0790754318139 1.16567514052742 7.54 7.54 "simulation5" 28.7032184350329 4.87013093057473
"Conti_7.54_7.5427" 26 31.2603424417675 1.22087798777313 26 25.0217888752212 1.12399360098463 26 17.6858442510692 1.02474185915338 7.54 7.54 "simulation5" 28.3780984918832 4.87173134202931
"Conti_7.54_7.5428" 27 31.8145212206253 1.20086991304105 27 25.5232816287116 1.06040744059849 27 18.1553870094502 0.933797523183674 7.54 7.54 "simulation5" 29.1105041545088 4.97873997405113
"Conti_7.54_7.5429" 28 32.3367654912722 1.16927050937322 28 25.9863440417272 1.04948186454224 28 18.6023061277419 0.972785336157234 7.54 7.54 "simulation5" 29.1467589450333 4.99242234416043
"Conti_7.54_7.5430" 29 32.8133018838249 1.11731062974873 29 26.4235922240445 1.00720844286739 29 19.0492145236256 0.92962709000602 7.54 7.54 "simulation5" 29.4778741216455 5.20198868042928
"Conti_7.54_7.5431" 30 33.241489617657 1.07595304393089 30 26.8059960354497 0.941347800748025 30 19.4273191919229 0.838162838007875 7.54 7.54 "simulation5" 30.048922746582 5.0402987417587
"Conti_7.54_7.5432" 31 33.6182421874837 1.01516706853855 31 27.1392237289552 0.908612292983855 31 19.766502869041 0.848605081715384 7.54 7.54 "simulation5" 30.7039192089833 4.81544335917248
"Conti_7.54_7.5433" 32 33.9469513410829 0.983357838983053 32 27.4553446603794 0.903743738604155 32 20.1083615138733 0.843656928098132 7.54 7.54 "simulation5" 30.887417856938 4.92961629925553
"Conti_7.54_7.5434" 33 34.2591965839512 0.979288643179744 33 27.7588672266809 0.882183904206675 33 20.4393750967063 0.829902237572329 7.54 7.54 "simulation5" 30.5448070998627 5.54434061667427
"Conti_7.54_7.5435" 34 34.5524490134667 0.943271604500252 34 28.0335953699438 0.843556694073428 34 20.7454143473001 0.787551330404449 7.54 7.54 "simulation5" 30.2100061223169 5.50408440602362
"Conti_7.54_7.5436" 35 34.8104541172301 0.912268649213837 35 28.2643685528538 0.78676785778671 35 20.9913751680681 0.693839565715227 7.54 7.54 "simulation5" 30.3871166331449 5.82343636556624
"Conti_7.54_7.5437" 36 35.0566737941787 0.915315806520517 36 28.4611563621913 0.764268718246863 36 21.181709534308 0.653991668186344 7.54 7.54 "simulation5" 29.7971275353627 5.90089327957357
"Conti_7.54_7.5438" 37 35.266706063817 0.834699139617282 37 28.6263291559477 0.710561059289926 37 21.342255473975 0.611279390457273 7.54 7.54 "simulation5" 29.3555610192624 5.22152407259572
"Conti_7.54_7.5439" 38 35.4334933667563 0.822381385638528 38 28.7549838161646 0.676790933225603 38 21.4551577833835 0.528838637441116 7.54 7.54 "simulation5" 28.5038650877448 5.54670773126406
"Conti_7.54_7.5440" 39 35.5819799695463 0.79057622321954 39 28.8554439801438 0.639673188779678 39 21.5199951964641 0.480781588791704 7.54 7.54 "simulation5" 28.0265865847691 5.70173660740909
"Conti_7.54_7.5441" 40 35.7157925699688 0.792465735186157 40 28.9366275315575 0.627995539989519 40 21.5617801737897 0.458742885763068 7.54 7.54 "simulation5" 27.092638493542 5.49852601389425
"Conti_7.54_7.5442" 41 35.8554217602363 0.800870820276128 41 29.0081761026 0.615283388903492 41 21.5910171035094 0.443595443174146 7.54 7.54 "simulation5" 26.7196444846846 5.0475334952022
"Conti_7.54_7.5443" 42 35.9761492248665 0.75559290463009 42 29.0748494176989 0.614909913880685 42 21.6221373463785 0.462581065314356 7.54 7.54 "simulation5" 26.0668673640625 4.69109225915005
"Conti_7.54_7.5444" 43 36.0782093554128 0.75425009552483 43 29.1328423231234 0.589203852764725 43 21.6596677873815 0.464090716773189 7.54 7.54 "simulation5" 25.4197757417448 4.79287006753584
"Conti_7.54_7.5445" 44 36.1499324612559 0.676014445716315 44 29.1709172727648 0.564776924887447 44 21.703146897417 0.479479137776858 7.54 7.54 "simulation5" 25.1004291803452 4.63514814950895
"Conti_7.54_7.5446" 45 36.1832059851453 0.66539633866092 45 29.1908264076099 0.539430708213108 45 21.7376903317018 0.436633828759254 7.54 7.54 "simulation5" 24.6141380632467 4.09906797343064
"Conti_7.54_7.5447" 46 36.218239749407 0.672364627171468 46 29.1976998350878 0.527338301898437 46 21.745584837281 0.405553949732068 7.54 7.54 "simulation5" 24.6138544092227 4.6090963122706
"Conti_7.54_7.5448" 47 36.2321992012009 0.613788432476325 47 29.1944669937988 0.510005702692008 47 21.7515192978425 0.426195180908985 7.54 7.54 "simulation5" 24.0877383878697 4.20757995162865
"Conti_7.54_7.5449" 48 36.2246329580751 0.61987390375024 48 29.1842964990417 0.507106329566715 48 21.7583140148833 0.404027551422889 7.54 7.54 "simulation5" 23.6195947315958 4.41110291994289
"Conti_16.25_16.251" 0 0 0 0 0 0 0 0 0 16.25 16.25 "simulation6" 0 0
"Conti_16.25_16.252" 1 0.122115569600986 0.469802255711357 1 0.100040404031005 0.371516295077605 1 0.077717860201409 0.265987299327077 16.25 16.25 "simulation6" 0.00184745770038348 0.00319989060189855
"Conti_16.25_16.253" 2 0.832584579183423 1.56859421786907 2 0.632950506925629 1.26397827028283 2 0.471167117040049 1.01616293849348 16.25 16.25 "simulation6" 0.00334393821923326 0.0057918708930834
"Conti_16.25_16.254" 3 2.36851617948972 2.07721886434037 3 1.77075038874762 1.66984529154048 3 1.29391216014565 1.29249989174127 16.25 16.25 "simulation6" 0.0497276118670074 0.0861307502927218
"Conti_16.25_16.255" 4 4.48226655356871 2.60262006898578 4 3.39108708946461 2.19272848116618 4 2.47556864527244 1.77184278366628 16.25 16.25 "simulation6" 0.642036539407439 0.409437212716473
"Conti_16.25_16.256" 5 7.26918699947459 3.11949500130568 5 5.62852084932509 2.68407994997184 5 4.1153533999382 2.12045836257987 16.25 16.25 "simulation6" 2.22915299180435 0.800731348698398
"Conti_16.25_16.257" 6 10.6690998255962 3.49916755070805 6 8.41827881633886 3.04352796904343 6 6.15704988838776 2.455343208859 16.25 16.25 "simulation6" 4.49807855274994 0.98195184870667
"Conti_16.25_16.258" 7 14.4960175056304 3.72713318120363 7 11.5246123751059 3.17763292324067 7 8.46640451155445 2.56854124491172 16.25 16.25 "simulation6" 7.15752765914922 1.15985030393744
"Conti_16.25_16.259" 8 18.3726420382827 3.63262670685841 8 14.6739487465735 3.15672415984068 8 10.8433742675137 2.59948577806504 16.25 16.25 "simulation6" 9.84161130170088 1.67294147993751
"Conti_16.25_16.2510" 9 22.0849800838399 3.57410083468262 9 17.6563791642292 3.00569667520103 9 13.1189943050412 2.46381098307614 16.25 16.25 "simulation6" 12.5901908189988 2.01945599196063
"Conti_16.25_16.2511" 10 25.5305347156601 3.33251437447797 10 20.4354145179073 2.913959883896 10 15.257592140999 2.4277247017604 16.25 16.25 "simulation6" 15.1343649255676 2.53544417582476
"Conti_16.25_16.2512" 11 28.6649032789006 3.2068066991819 11 23.0028281473093 2.74170629832582 11 17.2317382922139 2.24781969540108 16.25 16.25 "simulation6" 17.5368813592133 2.92725688018654
"Conti_16.25_16.2513" 12 31.5416410794639 3.01316770727468 12 25.3679337025501 2.65756890262103 12 19.0876314318345 2.27014574463939 16.25 16.25 "simulation6" 19.5470120859195 3.12495222789143
"Conti_16.25_16.2514" 13 34.1656901000982 2.88623146978319 13 27.5851355434565 2.54351914640808 13 20.8683348253713 2.13869052923882 16.25 16.25 "simulation6" 21.1059294477519 2.89169677399749
"Conti_16.25_16.2515" 14 36.5271685735602 2.66271328573985 14 29.5977212139363 2.38070558189897 14 22.448697359047 1.99071197477363 16.25 16.25 "simulation6" 23.0994656000851 3.3680844572938
"Conti_16.25_16.2516" 15 38.5428257805114 2.43474153053565 15 31.3741556898667 2.21917418609306 15 23.8902299518967 1.93598377456563 16.25 16.25 "simulation6" 24.889398466445 3.81321651203486
"Conti_16.25_16.2517" 16 40.3824606941027 2.40418141348623 16 33.0175796590991 2.19488371986024 16 25.2768930866055 1.91803414686825 16.25 16.25 "simulation6" 26.3674499867756 3.41098745652913
"Conti_16.25_16.2518" 17 42.1258391695583 2.29602790274673 17 34.6176751920959 2.16113824384293 17 26.6615653311499 1.94784478431997 16.25 16.25 "simulation6" 28.2891937024474 3.61417128450831
"Conti_16.25_16.2519" 18 43.7154867180732 2.19990163386992 18 36.1397477597798 2.09059219349542 18 28.0350222029678 1.9072893088389 16.25 16.25 "simulation6" 29.3860352702799 4.27444962100515
"Conti_16.25_16.2520" 19 45.1782166589256 2.12025283558135 19 37.5274170821034 1.97385269139129 19 29.2509607211017 1.72341939948278 16.25 16.25 "simulation6" 30.8954694420475 4.57480525468943
"Conti_16.25_16.2521" 20 46.5695618052331 2.10413527006485 20 38.8161205057107 1.94851670586828 20 30.339630233242 1.70011403030536 16.25 16.25 "simulation6" 31.9498333086596 4.93934647769536
"Conti_16.25_16.2522" 21 47.9174545349146 2.07066531559734 21 40.0481750394819 1.8950830853636 21 31.3566895974202 1.60795149068351 16.25 16.25 "simulation6" 33.2062809280638 5.39669462540675
"Conti_16.25_16.2523" 22 49.2315488159938 2.06846442567642 22 41.2277565543477 1.88312676802685 22 32.3109988348416 1.60519204195558 16.25 16.25 "simulation6" 34.3836797341241 5.97502627512694
"Conti_16.25_16.2524" 23 50.5242280019694 2.05737021554606 23 42.3900961151899 1.88302791493925 23 33.2423222368789 1.58888427663181 16.25 16.25 "simulation6" 35.6377038214201 6.44962811318324
"Conti_16.25_16.2525" 24 51.804324978105 2.07878038043501 24 43.547720216547 1.90301644463411 24 34.1888167773496 1.68125927881537 16.25 16.25 "simulation6" 36.5321362525207 6.36654589605896
"Conti_16.25_16.2526" 25 53.2262082591706 2.30684764281207 25 44.8741411005707 2.18617740930169 25 35.4647310860729 2.11081140355943 16.25 16.25 "simulation6" 39.5977661491417 3.55593142770568
"Conti_16.25_16.2527" 26 54.7717865915649 2.27622801229104 26 46.3931480355248 2.22047797770955 26 36.9626677161939 2.11854108931773 16.25 16.25 "simulation6" 39.8509237085858 3.36119909097868
"Conti_16.25_16.2528" 27 56.2493080767149 2.24869884062831 27 47.8822900763439 2.17804509872986 27 38.4272498006422 2.08310754517481 16.25 16.25 "simulation6" 40.8826476092644 3.82058031543835
"Conti_16.25_16.2529" 28 57.7061970645133 2.26691278271701 28 49.3290470632774 2.18353211785723 28 39.8590853977814 2.09548768914192 16.25 16.25 "simulation6" 41.6071953750367 4.04503643357218
"Conti_16.25_16.2530" 29 59.1818550547999 2.28879266061097 29 50.7822154204094 2.20122286726928 29 41.3038022403589 2.1206890145331 16.25 16.25 "simulation6" 43.2044845728488 4.6271419110187
"Conti_16.25_16.2531" 30 60.5926288912314 2.1913602439923 30 52.189279989298 2.13380780704023 30 42.7382382102547 2.09896819019879 16.25 16.25 "simulation6" 44.6480721355576 4.94767815630732
"Conti_16.25_16.2532" 31 61.8997109107003 2.15697925827158 31 53.5114620409344 2.09253364702515 31 44.112432727781 2.04533273348839 16.25 16.25 "simulation6" 46.1121074002 5.71951010155859
"Conti_16.25_16.2533" 32 63.177152625541 2.15771739877586 32 54.7677445709192 2.04878310848455 32 45.3733285673695 1.94581565614813 16.25 16.25 "simulation6" 47.1936351568676 5.63530146478275
"Conti_16.25_16.2534" 33 64.435347070201 2.13963214503947 33 55.983020632959 2.0421085999509 33 46.5881354713979 1.98315667879521 16.25 16.25 "simulation6" 48.2702005226623 5.37742934824898
"Conti_16.25_16.2535" 34 65.6267342872671 2.07143478841086 34 57.1696384793226 2.01516789665682 34 47.7716368664494 1.90343312884737 16.25 16.25 "simulation6" 48.9152928039787 6.42175189731748
"Conti_16.25_16.2536" 35 66.7303212265264 2.01915605189246 35 58.290609657526 1.95655749665455 35 48.8581997739667 1.85368226467895 16.25 16.25 "simulation6" 48.8341615798253 6.56604453632153
"Conti_16.25_16.2537" 36 67.7710988496321 1.98188664883166 36 59.3470102296509 1.92776781648883 36 49.9211036105335 1.87563056248866 16.25 16.25 "simulation6" 48.9032678052728 7.10147099579009
"Conti_16.25_16.2538" 37 68.7481205907503 1.92832901100712 37 60.3633903636207 1.90194409122011 37 50.9787105502034 1.85710343299882 16.25 16.25 "simulation6" 49.3409267052017 7.29078964549131
"Conti_16.25_16.2539" 38 69.6585888918968 1.88409437947889 38 61.3281049006202 1.85371049997511 38 52.0039772836986 1.83727549879811 16.25 16.25 "simulation6" 49.7087256905423 6.70991169615622
"Conti_16.25_16.2540" 39 70.4947325355255 1.81313083363981 39 62.2108918614819 1.7773362040221 39 52.9647080148526 1.75875482536729 16.25 16.25 "simulation6" 50.1050178988489 7.44982208744776
"Conti_16.25_16.2541" 40 71.2307367915064 1.72819114180674 40 62.9946308293282 1.69870612094275 40 53.8024584287828 1.64701850402517 16.25 16.25 "simulation6" 50.3696112719199 6.5751083670842
"Conti_16.25_16.2542" 41 71.8900628410696 1.68625312027126 41 63.7012406222671 1.64996947740649 41 54.5577621069443 1.62338702211139 16.25 16.25 "simulation6" 50.2935455949271 6.49561173175818
"Conti_16.25_16.2543" 42 72.4688747418259 1.59423630345818 42 64.3290218355873 1.56893025818217 42 55.2570059022068 1.55319923953263 16.25 16.25 "simulation6" 50.2605492283516 6.82333119319874
"Conti_16.25_16.2544" 43 72.9682621594881 1.55630615020003 43 64.891000039836 1.54094973338392 43 55.8947428989261 1.52412641556084 16.25 16.25 "simulation6" 49.5502266276583 6.38507135530292
"Conti_16.25_16.2545" 44 73.434035869939 1.53390718071466 44 65.4099741322026 1.49614380272812 44 56.4829289665435 1.47200175059426 16.25 16.25 "simulation6" 50.5419172445671 6.65281820827843
"Conti_16.25_16.2546" 45 73.8564758016111 1.48493465073401 45 65.8909539460773 1.47787850527427 45 57.0415914132118 1.47428049300541 16.25 16.25 "simulation6" 50.1332194645016 6.54968771827108
"Conti_16.25_16.2547" 46 74.2423908845135 1.47142571267802 46 66.3345597629179 1.43145471437649 46 57.5529201281286 1.39210347871622 16.25 16.25 "simulation6" 49.9464898850605 6.52310489924365
"Conti_16.25_16.2548" 47 74.5898016112066 1.41584467459192 47 66.7251935720313 1.38726594050151 47 58.0034068393365 1.37217882639254 16.25 16.25 "simulation6" 49.0864085554963 5.0287174858263
"Conti_16.25_16.2549" 48 74.8792081784803 1.36898311287782 48 67.0721203587406 1.35324526713437 48 58.4274585287234 1.3433834133797 16.25 16.25 "simulation6" 49.687404959635 5.9836453477405
