"0.1_0" "0.32_0" "1_0" "3.16_0" "10_0" "31.62_0" "0_0.1" "0.1_0.1" "0.32_0.1" "1_0.1" "3.16_0.1" "10_0.1" "31.62_0.1" "0_0.32" "0.1_0.32" "0.32_0.32" "1_0.32" "3.16_0.32" "10_0.32" "31.62_0.32" "0_1" "0.1_1" "0.32_1" "1_1" "3.16_1" "10_1" "31.62_1" "0_3.16" "0.1_3.16" "0.32_3.16" "1_3.16" "3.16_3.16" "10_3.16" "31.62_3.16" "0_10" "0.1_10" "0.32_10" "1_10" "3.16_10" "10_10" "31.62_10" "0_31.62" "0.1_31.62" "0.32_31.62" "1_31.62" "3.16_31.62" "10_31.62" "31.62_31.62"
"1" 0 0 0 0 0.000848689698184371 0 0 0 0 0 0 0 0 0 0 0 0 0 0 0 0 0 0 0 0 0 0 0 0 0 0 0 0 0 0.00415712231786296 0 0 0 0 0 0 0 0 0 0 0 0 0
"2" 0 0 0 0 0.0123518905487073 0 0 0 0 0 0 0 0 0 0 0 0 0 0 0 0 0 0 0 0 0 0 0 0 0 0 0 0 0 0.0058614362759437 0 0 0 0 0 0 0 0 0 0 0 0 0
"3" 0 0 0 0.00754561977485986 0.0798321410250375 0.0820378001853489 0 0 0 0 0 0 0 0 0 0 0 0 0 0.0189184282523529 0 0 0 0 0.00422099461597717 0.00208857594263483 0.00188429489362636 0 0 0 0 0.0119617546741048 0.0386987260075639 0.0431808875626284 0.00537946557944347 0 0 0 0.0193673567421026 0.0298510900276184 0.076148299527979 0 0 0 0.0140277819225674 0.0333746697746624 0.0629385355348484 0.074068365244077
"4" 0 0 0.04280567458737 0.204601406996479 0.346170911446982 0.554669651471714 0 0 0 0 0.0788285302136272 0.138665288774104 0.142043825195523 0 0 0 0.0254770019383587 0.124780010340999 0.15088200206157 0.244755783396421 0 0 0 0.0382383634832527 0.113118145436711 0.211333994735209 0.289175574581866 0.00775037325545773 0 0.0246941929975791 0.104702611897924 0.133368605139952 0.262287623758457 0.340655461461201 0 0 0 0.0713237946468227 0.21921255983834 0.298286260993403 0.434675512610637 0 0 0 0.0721735670915347 0.193977844450008 0.416937192498385 0.438131874737012
"5" 0 0.0147032513871877 0.313539469735615 0.759840755923625 1.25932291618323 1.99692991971688 0 0 0 0.138544106230075 0.460399072938886 0.723057324881665 0.853059541963537 0 0 0.0881148884335762 0.234749092021621 0.552100031434801 0.823403449228723 1.12529470876871 0 0.0221167056810757 0.0585234536282087 0.233221343480281 0.574880445723849 0.977445800332808 1.19927895270377 0.0032936381794077 0.00522366682875122 0.142041857948487 0.392777667321451 0.687350522720791 1.19257051999085 1.28073229386349 0.0117790518089807 0.0125627605394122 0.0570752461415427 0.372539245234443 0.835261530732673 1.03802152414709 1.71291583029966 0 0.0000888880210687115 0.0899114003562267 0.28368911974039 0.902194977295231 1.5034130710438 1.65377819295417
"6" 0.0129231570572748 0.100987588176869 0.818402918833703 1.81337524337771 2.8407014837282 4.1046386878531 0 0.0127608255759446 0.0682704419013216 0.517047755392561 1.38935104847822 1.81178415614897 2.44812469795392 0 0.0231101199680172 0.219064035954369 0.634991422773124 1.42239344547534 2.06252190610997 2.92023077147141 0 0.0604040237955047 0.154993338743741 0.602558680698569 1.45810064158216 2.27336011678564 2.88984750015394 0 0.0438763183521267 0.265438803854932 0.877925023143688 1.64246957276641 2.72423878572935 3.16145248531078 0.0380415900917881 0.0267106137045806 0.16566710910444 0.877138065689418 1.90809062003573 2.32794645599078 3.76764611186851 0 0.0181249878367432 0.217248597249265 0.637948003468884 1.982294996147 3.15585315388843 3.56095631359229
"7" 0.0783949605525006 0.251402300583094 1.39917514983901 2.93184809724232 4.44483383032372 6.68320070458541 0 0.063537495024017 0.188671870292743 0.931870546106259 2.4687642511148 3.11712869194273 4.43367458156509 0 0.0642186787306471 0.361667989501403 1.15742302111243 2.3979334626536 3.46377753923025 5.09462372772528 0 0.104394737451483 0.316766408977633 1.09678433190734 2.53473696874152 3.61056937496163 4.80532182240969 0 0.100465388472374 0.432247002779425 1.38613584121349 2.66270890996108 4.49300848382151 5.30220873363545 0 0.0534614957869951 0.32381052559544 1.43185759051384 3.06898021914848 3.88363569986105 6.46623814958908 0 0.060684239641349 0.340027931390068 1.09305253220553 3.08350454978109 4.79010445993947 5.71217779147553
"8" 0.118402186523368 0.35937437025941 1.96356514929596 3.86865326911195 6.07542432805587 9.2728603166617 0 0.101140046203181 0.351237619694418 1.39859999098456 3.29276491166903 4.28788768303124 6.69600558089378 0 0.0969272439724034 0.412088133872072 1.45564480328811 3.24895956495958 4.91553834312746 7.14958597602198 0 0.148534039238275 0.419716902414824 1.42169364761718 3.37406420550675 4.94676589192486 6.92288343802612 0 0.127950685485028 0.574075346184881 1.74317433913944 3.4829684924976 6.03339461935382 7.78148123880135 0.0470755520878139 0.0853922633378664 0.421521786524837 1.9366587807919 3.9871458262451 5.31487997793973 8.82357673616472 0 0.082040226865835 0.445326191940997 1.38952331499031 4.11993237556888 6.09432837838833 7.78207825627707
"9" 0.152286665763305 0.425572223276188 2.33273997196918 4.6141767266186 7.35041038081524 11.2682682179929 0 0.0807397435624989 0.472611976838278 1.68562875470656 3.78540085682903 5.13375983314512 8.50547374314489 0 0.124952034384475 0.482137575519296 1.74201258125195 3.85320868676194 6.08572377255561 9.26183532346086 0 0.158518762731847 0.443720752806175 1.71225823239168 3.87349198395677 6.0895742497444 9.01536749966341 0 0.115397011003895 0.696951807430983 2.12887975846814 4.03614694080255 7.46336942184256 9.66493228047899 0.00750291129000888 0.107182113278973 0.5339616441953 2.17495839733956 4.43964835315309 6.487280116418 10.7002604589085 0 0.123824588236229 0.531036788149316 1.62542584945402 4.8603208372426 7.45453841122879 9.99037861612757
"10" 0.122294571176938 0.497786608607599 2.58927063835919 5.08208276711571 8.0452487301861 13.3388023715753 0 0.0899816222055106 0.523483239163701 1.89687580431426 4.08922594192167 6.05642511255505 10.3522577567139 0 0.142281771946079 0.495362666553074 1.96035832271595 4.23184731019194 7.05274583887216 10.7344402526055 0 0.130536650975955 0.504091417821134 1.91409644971691 4.43049169603046 6.97094805181341 10.6382036919189 0 0.134732113725016 0.73052402422674 2.27499572445381 4.61038267054724 8.16609705386006 11.6441903320102 0.0618911619743036 0.120893775581747 0.62405310601202 2.40832029680301 4.8156553080255 7.51614358862422 12.7680871773727 0 0.109459779464658 0.568022316467987 1.87279771028976 5.28687789286963 8.28696752842124 11.6423206430233
"11" 0.104816805904824 0.550981322410944 2.59336755130873 5.47008162213903 9.04787514806942 14.9020760389722 0 0.0471635553824341 0.566099601161586 2.06366808461471 4.45945517900688 7.01535696354191 11.8265891947999 0 0.214318686618247 0.556082087110326 2.11409263708415 4.41815528714559 7.70184822723244 12.4216881565918 0 0.0906808275189216 0.524652357468664 2.01025025041488 4.67863951928261 7.61405478290236 12.184141408066 0 0.119085407856819 0.748854829996791 2.31539787714364 4.80379961746517 8.94093430658024 12.9986788998094 0.0545592304692171 0.11999551069936 0.611468771509485 2.41823570202232 5.16925979896425 7.97027182706167 14.2569077102534 0 0.0944195700872996 0.58837868813515 1.85672752308735 5.54329030793733 8.77123865110364 13.461836554303
"12" 0.104903992838342 0.542376905175277 2.66684344196629 5.75896530592866 9.59132639777288 16.3336677188667 0 0.0687569210830463 0.571697942185353 2.0922490376739 4.82608861469598 7.1981386070822 13.3704396313586 0 0.240339413680065 0.540462464332899 2.0899610745175 4.60759163518823 8.24967102970368 13.6150972351109 0 0.0661206311984208 0.604000010551471 2.07367396324126 4.80872822417172 8.28207403896812 13.8308436198687 0 0.102036672164766 0.77493484157146 2.39584448299743 5.14904765877474 9.57586458142541 14.3987582542191 0.0443483201603318 0.112384365786796 0.605232839924885 2.46137228338262 5.42770413905795 8.51944736756378 15.6789699736585 0 0.123888997649359 0.625545268064693 1.89618612123176 5.72825199375276 9.75449614520705 14.3411784527603
"13" 0.102631384418442 0.560272375714366 2.69635865686918 6.17070726228697 10.1734283233517 17.3969996148198 0 0.0798559612870903 0.551891604218198 2.22361675890312 5.01076924897579 7.63731383035412 13.9424639218329 0 0.222120644388217 0.507338212019826 2.13308806212912 4.6887608298786 8.83647215950347 14.2523218629293 0 0.0625365076521386 0.522140037981509 2.18287429053811 5.09939806529821 8.91054179121012 14.3619291319838 0 0.116432579292126 0.769431819312723 2.40631991359865 5.31038778453325 9.74182876217167 15.9577679476896 0.0151323181515673 0.11946165173471 0.577286604100209 2.38784884001727 5.64994278306532 8.87485475216459 16.9351932481103 0 0.106659367370636 0.621968110834337 1.9542577471087 6.007688804912 9.86757204598948 15.1026101447416
"14" 0.110733605672309 0.578757888100559 2.77895880630572 6.43648056341105 10.269259413498 17.9614849595269 0 0.0630838128584175 0.540725547237563 2.26456252527806 5.29400014379558 7.98786371949745 14.7293393483371 0 0.214766360535104 0.503409822746842 2.18972137256871 4.9641656438316 9.16307871752556 15.1351977382753 0.00582785778652095 0.098967125371872 0.477003780375253 2.20275324254739 5.43319216967109 9.1191320517472 14.9222453741084 0 0.116903121225826 0.799411574927282 2.46440964839005 5.60513802281343 10.1054849619605 16.6500504801023 0.039740722326452 0.129216761134147 0.537765556281098 2.47059729334262 5.82705734118193 9.13021084737983 17.47443282808 0 0.117280179065759 0.592273869905202 2.08125021601647 6.17537837929109 10.4498838765271 15.8774347274215
"15" 0.119012369864182 0.551785790487022 2.84534320457415 6.59578995645153 10.4928690915019 18.9033935336192 0 0.0701674372085809 0.577180844664478 2.37577702620842 5.49453893503849 8.3439510837208 15.4129348621814 0 0.247225977336382 0.600859047637367 2.25741622379224 5.15535369357537 9.64219392557075 15.705061336496 0 0.117165472056112 0.459029099483578 2.38362777135702 5.46060710200964 9.49320244903051 15.5564858799143 0 0.137055686943191 0.836791749288385 2.58130944305218 5.83933732632742 10.8649305647374 17.0224864224828 0.00350081625946785 0.129411542949537 0.561157273699247 2.57179980646952 6.16993041488453 9.40056879447222 18.4921299286347 0 0.124566276978132 0.605131781616685 2.14572401485609 6.33607651775973 11.1040810553164 16.912062928257
"16" 0.0839774813809998 0.588758223123174 2.97450664149494 6.74959294415281 10.8577294512907 19.2581182612751 0 0.0821122940753973 0.525570761845737 2.38348559162814 5.48265864022251 8.7205268111875 15.731432545027 0 0.192487165848378 0.541557089764507 2.25910251301431 5.4853223634251 9.88538693964042 16.3650940583743 0 0.115000210094759 0.501775700621586 2.44732974190351 5.81423435858946 9.86099983748106 16.593487279607 0 0.126587403679615 0.901528109744037 2.72765568387104 6.07131403144684 11.5337503032126 17.6681539190618 0.00427791848039183 0.0811284699580334 0.598240948057774 2.59644935214894 6.26067684010665 9.55669429141988 19.2689735654342 0 0.114988745995554 0.653751990759974 2.11253622475859 6.80783993536491 11.0823861684887 17.3054401727984
"17" 0.0757168683414775 0.632059584715333 3.08144710407507 6.92941086199926 11.1517832125958 20.8460323029495 0 0.086659016555855 0.506282671348737 2.41366006888998 5.76618210072196 9.02742231483435 16.2789009874139 0 0.182634741669809 0.577988470848291 2.39819214445811 5.82327579338214 10.6289839440344 17.0340392480477 0 0.137859498842385 0.590594480343177 2.60690609560579 5.77751361079208 10.600847559669 16.9404305638713 0 0.131406715506919 0.906338037697668 2.54791379065144 6.29728794430928 11.920667645616 17.9408481357271 0 0.0686619941443319 0.629134657141464 2.66311466139229 6.3885191790004 10.2113824099645 19.7859298387021 0 0.106338148176575 0.680665517301373 2.15688467022525 6.96637661689723 11.432469627338 17.6897917368691
"18" 0.0622095532305494 0.668196602215374 3.27478498562795 7.03814070075622 11.9783698352095 21.0195557234791 0 0.0822487498507714 0.592197927500628 2.50197482937395 6.05743436211225 9.36567774599854 16.4175299025035 0 0.185302942059766 0.527848458475355 2.46022924446427 6.0059795641143 11.2826700809461 17.9188453103889 0 0.143634522795837 0.505890397081254 2.54884052545419 6.11948521364508 11.4097915438977 18.0938063443644 0 0.113526017932162 0.920338310205211 2.63261309650143 6.59524802279201 12.5763744054614 18.8126773186771 0 0.0824414150918144 0.669263474048313 2.73153743402925 6.47101018421283 10.8543114090673 19.6332364322252 0 0.0847605884160398 0.657383707684858 2.08755855790399 7.32347270570777 11.8035742513018 18.7611015245781
"19" 0.0561986921814013 0.693854835739051 3.23205478551385 7.33335790390352 12.2303154634106 21.6763379768565 0 0.0393070735389978 0.633697798858623 2.64714007062432 6.42169977581429 10.0479478167824 17.0004973732985 0 0.141864271327397 0.556055436936419 2.48769789888312 6.05355285484999 11.6873489278644 18.5553419429788 0 0.132676338076945 0.489636829625823 2.55732514541417 6.37337675297515 11.6815154646893 18.4862695568692 0 0.115955413837874 0.94027301202253 2.6850979910637 6.70970492777631 13.2870243817111 18.9838853821414 0.00108181307277178 0.0652387702543653 0.702088631232465 2.83578414367372 6.77527504270092 11.3367239057191 20.4080094002745 0 0.101865211054308 0.657509766213972 2.24578365059449 7.72708946112278 12.3655712834087 18.8366523986208
"20" 0.0551873192451394 0.727514085263057 3.34196345564968 7.4167092762677 12.4381938766735 22.4063972005135 0 0.0426822990607644 0.736276290236702 2.69417753910948 6.53411462682287 10.158827076492 17.5211394904759 0 0.178737424645839 0.556136579487478 2.59767501900074 6.2031595616076 12.4583176398565 19.3225078847968 0 0.146163091706017 0.523066676350348 2.51178261508804 6.58302454514619 11.744139005445 18.4829742299817 0 0.128207839563046 0.898789103915352 2.69123482140685 7.08090543119179 13.7208710882294 19.5533815248945 0 0.0629809052109429 0.659980355607179 2.83061046307597 6.66122719266274 11.9628629587713 20.9382268455154 0.0050884734810237 0.12332496738951 0.675638785349798 2.30373567993253 7.46963996506188 12.6927595107383 19.0405874328991
"21" 0.0450048500496882 0.746584779398394 3.3741321930475 7.46037515614314 12.6928830670062 21.9454890861309 0 0.0399833990375862 0.814601163840618 2.70294286862766 7.0319975354839 10.1445156897243 18.2711594597485 0 0.190619497271901 0.587311916287995 2.46056550903246 6.35806836786291 12.6704113597519 19.1782199262532 0 0.131124420804683 0.505137172032794 2.42612604860648 6.82010223045276 12.5273709145168 18.6614468768799 0 0.101665073802925 0.903185355138419 2.75315279195974 7.24580221947212 13.6698447780143 19.4393215913023 0.0539495005441817 0.0787559336605538 0.727045750675102 2.81077993112618 6.66657978569149 12.9140598850603 21.1857897897444 0.0341932486262451 0.103733283091741 0.743416734035008 2.41615989416371 7.84604390661039 13.3375839003917 19.726902049608
"22" 0.0314922214284421 0.724969939704417 3.49963063066524 7.35048582925666 13.2426824612304 22.54305330438 0 0.0228853417009546 0.803078934263958 2.79289574644614 7.00508748608043 10.5884677628508 18.4154651525026 0 0.157081752051589 0.584306014948012 2.56578316538926 6.42011794622517 13.4107274633468 19.8092451373896 0 0.111737032417938 0.516801700604347 2.49982782537108 6.85501620356526 12.4180684450498 19.122728198378 0 0.0892326148828876 0.941393078916187 2.64205589103982 7.63418903745103 13.5191725704599 19.8505526361129 0.0288778717651751 0.0660507480717596 0.72671655403252 2.79132915150464 6.79419891004066 13.2897354966672 20.9419472543004 0.0788187376549101 0.0770277376637521 0.724196439953212 2.40586579327657 7.90205304217813 13.144102217523 19.790674590787
"23" 0 0.708129840071909 3.46670439597337 7.60677153162905 13.7651546588279 22.8228957454119 0 0.0286934429307708 0.794811127379364 2.66766014320171 6.92996234130315 10.6676530458485 18.6689576107934 0 0.109001667220729 0.518920294095234 2.47066388708849 6.39748841920854 13.4156707495802 20.3728409357184 0 0.0879862948078823 0.663517460161372 2.51514389752913 6.59114464866834 12.3425141062069 19.7392322202218 0 0.0604574698685793 0.903410136418723 2.60089032645163 7.51198920187766 13.1094213130899 19.9930651981934 0 0.0495331278819388 0.682283667875853 2.70029733035957 6.92761931310262 13.3589803327748 20.7287927775079 0.0493748040358735 0.112664757963921 0.680068147833769 2.29801919789813 7.97314403059895 13.127687941601 20.8704370980736
"24" 0 0.684435437572454 3.37443119114033 7.27667088707136 13.6452300935629 22.6358231417105 0 0.0705066163923244 0.772357885075348 2.65027782619317 6.69334665783802 10.3146139622855 18.1744514475915 0 0.127043386653487 0.488836345258202 2.49217496408841 6.46320777487682 12.9390017922996 20.5652015354336 0 0.090318772194645 0.629096350553811 2.33967044482535 6.53678402296253 12.1547164391735 20.2716391508507 0 0.0396706160082044 0.876119599318704 2.67785794867469 7.47989059659734 12.9927621033302 20.883352411422 0 0.0371488010645194 0.692124552209541 2.54552052318979 6.67331819086688 12.9399433725586 21.0993799278389 0.0540659189933229 0.131351760206918 0.649626727819825 2.14958771442497 7.67051105861825 13.2279376112142 20.9302254080582
"25" 0.133657875326405 0.672708032488369 2.56611701105107 6.46918226119269 12.3595854451085 20.2702030217072 0 0.159500662950697 0.75152021233129 2.74565392103354 5.93166764748002 11.5005126030078 17.5295421032115 0 0.242700286717142 0.556158225246192 2.33122891492919 5.58895338930916 11.5200632526113 20.5281463021553 0 0.146558465733011 0.570601371968659 2.26724977320744 6.35122263018817 11.1536877310465 18.5635696186889 0 0 0.536311496072599 2.48650741918314 6.88379053038794 11.6068275314974 20.3323556759884 0 0.0477558086136376 0.5630291925636 2.46723389412626 6.20693169694851 12.8859149357128 20.0822837901783 0 0.128606083043017 0.554412679377804 2.35778562008166 6.64499335362031 11.7640768050493 19.5808741599553
"26" 0.103141380733428 0.461912850205936 2.21273768871034 5.89281741895584 11.6764284110094 18.6691867963883 0 0.0168881157949637 0.435045942685422 1.21119703941923 4.9330803192443 10.1475977176561 15.5598960602701 0 0.113018681750435 0.341470565819735 1.84390711559867 4.90837178535042 10.4220998096647 19.3098384687642 0 0.120491960134493 0.473919778521469 1.95933569810338 5.74145331829328 10.4177779987056 17.3211233563472 0 0 0.444368298850172 1.74490658160661 6.42038229586178 10.9077216893808 19.4737168723366 0 0.0568751935864202 0.521218443283485 2.30141500748352 5.83777280268288 12.1877494938709 19.8156481295452 0 0.132350510632711 0.542895733436295 1.98236899919608 6.40725552808244 11.9404869905273 19.6479527791683
"27" 0.0628744181495128 0.420842814925751 2.10576364503085 5.62063497518343 11.6273566250793 19.6557729884679 0 0.0103483290880919 0.408488680262948 1.25457838045106 4.68204827422594 10.2024975005749 15.634512423764 0 0.111845203989879 0.377997357454614 1.80709689516846 4.84675752544457 10.2118569605283 19.0441531228292 0 0.149242256252749 0.572222637090085 2.02233756196101 5.63279203075666 10.2427279792638 18.0879763050573 0 0.125145711976461 0.777679896046921 2.31884236926502 7.03473262815544 10.9469255356422 20.1041637126422 0.150111652553943 0.19147273651631 0.949374848446431 2.91192363717292 6.49674851406743 12.5984345342309 20.9881635022248 0.318743734733741 0.484126211092601 0.990627478518036 2.44888619837693 7.51567925045667 12.3381512836251 19.9390095591052
"28" 0.135850158221032 0.474082280683867 2.32570737136844 5.82784303716504 11.7664000257007 18.8277742156709 0 0.0271210636948821 0.50744259232275 1.31972842855377 4.88061805165959 10.4164355236045 16.0556465173237 0 0.164506916804004 0.43627992236388 2.04373754664579 5.26459842873068 10.6610666615741 20.0649109676662 0.0162932577745251 0.348952738425352 0.982517069414967 2.72082909690863 6.15223879861201 10.8882202361706 19.0860397839518 0.432540617045805 0.596718981576855 1.6171440181707 3.55574259670413 8.60456309229174 12.1182180210271 20.5083782060652 0.832436561935107 1.08375277945574 2.08554998192737 4.60718895095683 8.49618664667607 14.3417425736845 21.6576200624023 1.59535267073105 1.75579942820986 2.61833838594169 4.16030556574295 9.83461804151064 14.0345743762146 21.6898784927655
"29" 0.139219948373071 0.575227207620984 2.60786029208919 5.975847783205 11.9613234327923 20.2998293014195 0 0.0354582546980579 0.627416553706058 1.49818032872054 5.12091797453859 10.8743213948816 16.5667385609832 0.0255707506656354 0.331308088571583 0.698562319174191 2.51005064626986 5.67925837526097 10.9517035947695 20.689511372723 0.464954750411884 0.889031823443327 1.71373280124876 3.79639944260407 7.56775252626064 12.0465192855629 19.758976750712 1.78375507768385 2.00616751616796 4.00269036846082 5.37580916634007 10.8323130262209 14.1738049817901 21.8392406572588 3.31157702354317 3.50100246312066 4.67053406089039 7.51090215346532 10.9699903393526 16.5944981020054 23.3281383051019 4.51745282380322 4.74589117038355 5.99293277671805 6.69186108129343 13.2041296178964 17.0224570568425 23.6805052006677
"30" 0.187948599460392 0.703008378199776 2.81951424066637 6.13304429985097 12.0901070915658 19.626175078122 0.0242242471942489 0.110859756777157 0.812118912064501 2.73494697655041 5.28921071463763 11.5770179470053 16.8330646566183 0.228175382400668 0.619577284113351 1.05135294873447 3.05066172136688 6.25914947613887 11.5026726973317 20.7084029065313 1.33778142118503 1.99475808916976 2.89614766052539 5.26113978956618 8.73652780501213 12.9364922819968 21.103185581816 3.36762873522795 3.74740519329985 6.81433176680411 7.03736638444486 13.1375980996963 16.1020911390208 23.4692270069279 5.13158496761852 6.58087954725298 7.76726809247032 10.1197679788366 14.3389548042853 19.0494626007711 24.6870033257319 7.43206020882121 8.59858135545626 10.080697574273 9.7175667445152 17.1613717362169 20.3712561273325 25.4305575581631
"31" 0.236212059589209 0.793639735761219 2.79022313384292 5.96033440079738 11.9086961357426 19.3568343166251 0.0824679103621875 0.244984329244874 0.807286472651003 2.72874227596818 5.60522511030164 11.4274341139289 17.4626451714943 0.588876376045458 0.902227848340825 1.46325876151699 3.27956441845198 6.45204676616817 11.3179872982305 20.1170122245232 2.37528752461765 3.2793350217999 4.15678722029151 6.10275193947214 9.3485495342383 13.565003189845 21.0944097447157 4.5082394825753 4.8547839202327 8.71081003461844 9.15309535903987 14.9505901585757 17.6254483225221 24.0220104223806 6.74234587136903 8.5303345247219 9.98793772113705 12.0607202584117 16.8806112461351 20.8793907077146 25.9934406430956 10.6000405568242 11.8065974694008 13.3997702439131 13.4649080477885 20.2952223239509 23.4128640710928 27.0825960303554
"32" 0.302059035369582 0.843456478132073 2.70602173207489 5.81057685134548 11.6014594033494 19.4713549183521 0.158361854297123 0.396927815231981 1.16806060201872 2.66551146018264 5.46055398799644 11.4254857501583 16.5556818854134 0.757940862059028 1.04457786982288 1.70013526338099 3.36873534173766 6.48621716039981 11.3447748469591 19.8806099794026 3.19980711750546 3.89870435492141 4.79857567566014 6.55483579273122 9.6905838264615 13.5704548369922 21.176416984613 5.56147819724579 6.01856726961699 10.0600958721819 9.84892214116744 15.7659559004704 18.2713242760786 25.0512514195748 8.18807179057104 10.2018285710917 11.6262678661536 14.156206773071 18.396878428364 22.7828594184168 27.4465423843026 14.1006783042051 14.7715265189897 16.6770255352073 15.7413146277052 24.3576185859297 26.3808027906245 27.8710092070347
"33" 0.341996460270275 0.874270237089869 2.53215796141298 5.42753668780108 10.5773272807135 17.9413577350151 0.141268052548031 0.407951860279303 0.751143249178289 2.63429112211878 5.14973316057604 11.007504262116 15.9239273393271 0.991551776820901 1.06440013754317 1.74797839516389 3.23225642275795 6.34610441260086 11.038342252342 19.4293437874583 3.86541629131527 4.17872737738864 4.66512646473253 6.68710957049217 9.51963841894602 13.3207709695568 20.5702518242342 6.06970485574986 6.75683019901454 10.5695890403957 10.1546906161884 16.1283507743012 18.683625697356 24.998955786245 9.77862746513604 11.4407848173284 12.8799544144615 15.2185965154478 20.3207695239707 23.1820814193642 27.916613008456 16.3971870035572 17.5513720224431 20.1308121059044 19.0979547840817 26.5786725394412 28.6350308136416 28.5168769025348
"34" 0.36724161202131 0.766787113693015 2.43040033655708 5.03968209835099 10.2768550385131 17.3171477215622 0.129483845242464 0.429461834702895 0.730669856175818 2.53800063381591 5.05554673579084 10.5621072205482 15.6555377964776 1.05743926013655 0.952544148833554 1.88781301005466 3.05902614239101 5.97845734222116 10.4251908839247 18.2171465933158 3.93846780963376 4.31375826726874 4.98456981235965 6.97401789627596 9.39676019036801 12.6872182157979 20.0503965991016 6.15153075580304 7.40256268722668 11.0728895282888 10.5389849861989 16.5707303204359 17.8194506367922 24.6367119781911 11.3875967981673 12.4189967035287 14.1504177193616 16.6175011019652 21.2553701505397 24.2488434368868 27.4316851726895 19.8903672189596 20.4131348394752 22.5247428634732 21.6779349061709 28.9814558538897 30.5832355082125 31.2470818692278
"35" 0.35457686841154 0.585485749326579 2.36969328746397 4.735402967196 9.77870570375118 16.6016950218998 0.17336642171191 0.433411398760752 0.710553353330562 2.37883729329442 4.59759885093228 9.99324669421253 15.1515081363434 1.08181267399307 0.811496849162795 1.89485210161354 2.93212241959732 5.60629414809417 9.74753115243114 17.3982566080947 3.70492898637207 4.34298451021726 4.96865664148134 6.94758223188665 8.93848557205242 12.2952336574605 19.610095194376 6.65234285661724 7.67596029912318 11.5235777253033 10.6400422720269 16.3703921214064 17.8126437001498 23.9947328880078 11.93855766232 13.280836547978 14.9825491583478 17.3376489547972 21.2779140970145 23.9603726901413 27.7279843845048 23.350942155401 23.4237761764133 25.4398560038715 24.3304993438794 31.7998535451527 31.8881620029636 32.4480664239686
"36" 0.331944536564776 0.573517645182119 2.24371353864945 4.40041361682363 9.04226182720249 15.5033587173946 0.156742094570566 0.424276154059807 0.686901899554396 2.26620725882302 4.30008108045347 9.04626293237994 14.1914156337146 1.11398003159581 0.807189064322676 1.67367111653841 2.75380385933772 5.26465704209111 9.23925011334165 17.0065775348804 3.70726767378513 4.6892700519383 4.88333333483619 6.6358090450976 8.59692350307201 11.457654676181 19.0265634349177 6.79733135143676 7.87324416889443 11.2791522102123 10.5128455648479 15.9843266033104 17.0723760985052 23.791797310535 12.8540563972007 13.9511152255479 15.8574526308162 17.9392368791429 21.6986072503323 23.5704865500782 27.5844099487768 26.4794694464323 25.7289645459975 27.8317275359029 26.2728488982574 32.50460896872 34.0917463578231 33.6206938450787
"37" 0.22295758288305 0.411367408048698 2.04992713281785 4.03779934161192 8.30325336232217 15.2537260893395 0.147271239092985 0.40088190125664 0.53670175047624 2.08772295213325 4.0725145088244 8.86865901299831 13.4941426098539 1.09474031669982 0.721121190596825 1.62190792238395 2.46832276401988 4.93251607939205 8.2853005634256 15.9325420187494 3.92622757054791 4.28623097846839 4.82524689695858 6.18733221733325 8.05761909288474 10.7789144463626 17.6491866991197 6.69776052491034 8.2621763681178 11.6598983546779 10.5100936153445 15.6400597026454 16.5850782949059 23.4591763051568 13.7786648152507 14.4678331481423 15.9889967261007 18.0342380844428 21.9165685435047 22.7700187004004 26.2141738069454 29.0136736728482 27.952692953869 29.1703791019879 28.1104478049416 33.3674984612518 35.1172553010629 34.5885610694477
"38" 0.248372679005271 0.428554454458185 1.83436830474791 3.54224222011915 7.81658831107646 14.3425032381618 0.0908092183678715 0.405490348372755 0.418988573434599 1.01898102432355 3.69445482565538 8.05453849547995 12.6765671411468 1.06614038902877 0.679089375540511 1.44198352476199 2.25959012927133 4.5968128397056 7.67686171289442 15.0814359603889 3.6981221867806 4.35705552359949 4.75713640535767 5.72616290177589 7.62697461375615 9.80036553393425 16.5525926257313 6.71485946358967 8.13672848281199 11.5259476308695 10.146339598798 15.1725018394149 15.5968660420167 21.6863217549387 14.7727245400107 15.6763454290983 15.8333709757278 17.7663698728514 21.66690602742 22.467194780876 25.2827327525241 30.437822537281 29.6148590850173 30.9597204352956 30.4596120717131 34.84716912359 36.2569864106808 34.9386975519611
"39" 0.0424424409681536 0.299792016225805 1.62352258427431 3.27408458314983 7.08314056686368 13.6509814654129 0.0265693601212982 0.355064661437318 0.472496671703949 0.965693861940429 3.40929403661224 7.49265230647777 12.3642138305598 1.04240720912367 0.703911538752853 1.40558707424699 1.97238136785122 4.10614697910173 7.08255647800459 14.0229349586576 3.38653431463812 3.88896135060299 4.60989211095692 5.27028351847071 6.87059206233966 8.9899280912461 15.7483817584421 6.71487190507463 7.74117594569764 11.3765031276298 9.60411273661698 14.2641354728318 14.2181475132357 20.070086563691 15.1212824977365 15.4848404111449 16.0084175851089 18.2079912193983 21.3674125617056 21.6221031080557 24.1303159159007 31.1277142055716 31.162806819533 32.0599532976257 31.4000868840501 35.4878708661525 35.4826245022483 34.2262616414904
"40" 0.0344943851899071 0.245428074063285 1.46168567593389 3.03832503572297 6.75203604965342 13.8017386253069 0.0842524521946015 0.439177628627982 0.410357569078529 0.880079741945119 3.17339341057907 6.81746460641146 11.7614661319474 0.997028022855997 0.696593956680386 1.24985410875461 1.74102839867278 3.8726242671351 6.61811902766725 13.5028841836645 3.42899823522567 3.6371046168669 4.61214454911419 4.92039326542222 6.33076808353209 8.35583043411498 14.4832467347903 6.75498791708147 7.7111064166406 10.8827383418292 9.41203597997067 13.5484887183927 13.4594346348527 18.9018139564443 16.1650322217652 15.1440666331084 15.40386384152 17.7099524776467 20.7017492452439 20.4038173743713 23.1214014272992 33.3531209739886 32.2041219826967 32.333977984064 32.2085148171211 36.0002859727837 36.3242673485116 33.390454833288
"41" 0.10708014041165 0.397108792233567 1.34538048401783 2.67291018287419 3.66726354452382 12.6473127103776 0.107211665362663 0.439649901596354 0.360102845961621 0.763450586266689 2.75967554064805 6.40541319536053 10.9687411092998 1.08740197967523 0.669819975631438 1.14089352510335 1.52091413675258 3.43271271878222 5.86185762077946 12.4422674331796 3.32590573006593 3.50264140989629 4.38095833116858 4.43750835030296 5.75381656496006 7.69099114871112 13.728606924727 6.41125930711428 7.62588423556323 10.3110940598637 8.77745141044561 12.4205992148533 12.1741495028816 18.3618332088852 15.1079284558681 15.425138125426 15.9149985456026 17.849297637355 19.6962637193411 19.0456328191368 22.0835599180609 34.9346395504486 32.8631636994785 33.4561573236853 32.3223106088148 35.8351250438761 36.2978323365331 33.6938807289873
"42" 0.22436517767529 0.324686595388548 1.20121617193789 2.35224133734197 3.40719526396435 11.1108387969225 0.088445955922775 0.465500952172442 0.318109118848456 1.32428826657568 2.4300602887875 5.94148958708411 10.4250675249536 1.03958077568512 0.52676929963438 1.01579844622609 1.40266506112086 3.0772044688206 5.46763763141124 11.1641917059235 2.33961204005303 3.27005641494579 4.34222648795206 4.02838045579535 5.19479715821643 7.02545137401532 12.5399119270863 6.48714044161273 6.8970018319193 9.70968556694656 8.44033506603809 11.3686907638134 11.2137929531226 17.176170313819 15.1866869682383 15.3070801726661 15.3737729145314 17.6862916539113 18.5002983790703 17.4598092539599 20.4746370777929 35.0065621967459 33.5200563373034 33.3676097196511 34.1714224538719 34.8802738287318 34.9982233881503 32.8930072819796
"43" 0.110651996038513 0.24026294011694 1.06284686551205 2.12544276887887 3.08608859024937 10.8122925964591 0.0668306286042131 0.40206512183262 0.269122188015294 1.16063777452881 2.25259426840262 5.53241345204827 9.93037881351814 0.971834277718826 0.435957914690478 0.976110219809983 1.17406327711199 2.73611538614698 5.14854218532575 10.4340988271055 2.77506032258177 3.16169764090449 4.0318236424909 3.47796352533108 4.74474597207701 6.2736596543101 11.5139516529224 5.80975144428943 6.97297154556809 9.03345510712042 8.00641468850237 10.4692486495719 10.3565023360875 15.8971713825126 15.6847167932115 15.3090869333758 14.8874536561451 17.4647971011574 17.4733785339241 16.2849088289499 18.9021413211747 35.0562759677563 33.8407110119019 33.4701710034703 33.5581656855826 34.2406595284743 34.0156047511796 31.6149191337176
"44" 0.0852533115873257 0.233676680072494 0.957135277083868 1.92869338631114 4.31489793336354 10.1386895428387 0.0116760064292523 0.31332029535235 0.248454277390261 1.03030435695349 1.93360260203716 5.2312752726808 8.73889173225908 0.90841955201577 0.334978494462737 0.899065828106871 0.939073682669199 2.46793288676004 4.40968069778024 9.78144971847683 2.62737490808607 2.76789313889227 3.52790154864233 3.18059025585569 4.20972999183367 5.68194403314383 10.6154285216811 5.64824046323361 6.36732402731735 8.45790018757837 7.48390047315935 9.29151754624655 9.09539731705214 14.2556491172339 15.8676079229726 14.5364745332894 14.5517127501699 15.7964376232195 16.0166726517919 15.7509561383594 18.0039088516174 35.6480557011844 33.2471363962409 33.6113014878229 34.4991520865517 33.6270639060448 32.6770676292257 30.4760331469898
"45" 0.0469143644491563 0.206606456649261 0.799009065453588 1.72650267479382 2.42364208123211 10.4098647458136 0.0565445946412293 0.425874921448165 0.184082462032909 0.37368237493377 1.76105478360953 4.55671496340103 8.35885571467095 0.892268448959731 0.244948975822634 0.859286025324961 0.783202148618113 2.19145701305136 4.08626752780037 9.2005420920142 2.36014068452704 2.44153392289125 3.39030180371314 2.89954176939236 3.7859210494451 5.25242829046337 9.91797980735648 5.1171379769202 5.57643658257448 8.21997581067092 6.94664345137429 8.52008702484428 8.48773820330633 13.5894180660011 16.0898628476507 13.7697885342955 14.4943563944436 14.9387524780773 14.7697986497944 14.5613752188033 16.5023880850571 35.3552178195291 33.5146352331643 33.1768221666979 35.7778556215547 32.5224341585888 31.2920574491248 29.9450342921577
"46" 0.00500049111902867 0.185649200823845 0.727793239751692 1.49217883613896 2.17415178543492 8.69636643991218 0.0191392812240667 0.400688065693172 0.217008834398412 0.330340753704017 1.56999557209024 4.30004263496528 7.93636034062367 0.791020779871644 0.141040817609394 0.799958946437258 0.650725147124855 1.01132177312334 3.68551651975844 8.71429036962342 1.68072666843769 2.27029305351465 2.99124258122701 2.54982042234273 3.39921807176496 4.70149752047976 8.86494588467308 5.05220353362471 5.21439859590528 7.51453543537993 6.2293706106802 7.51800425825392 7.7411538237395 12.1776655873263 15.8231165626828 12.8363549337062 13.5422313105077 14.419227481669 13.6534324087671 13.6398436950876 14.7964573552765 34.6946718828833 34.1877327325799 32.2016990345063 35.1294285544024 30.8717609513652 29.1307720162553 28.3902494178709
"47" 0.0494362641650397 0.135719370539301 0.578193617763092 1.20729718869231 1.85895567108084 7.71444604937289 0.0508991190289081 0.290065882405458 0.192827081806864 0.27585149031094 1.37923639318549 3.68405671098165 7.37877844063213 0.718506586529697 0.0898945792355332 0.691830721628521 0.500718549828227 0.814627864384007 3.11175335935405 7.47629444319123 1.46803383647399 1.98324700509488 2.63716496733494 2.1227248508578 2.94844120361916 4.08255813546886 8.04506090590461 4.49740388614956 4.69586327137162 6.61864296329665 5.84435059712895 6.7849514759187 6.81497795018406 10.8001384791448 16.6935368560172 12.5587911679321 12.6598616671746 13.0404038108233 12.1880979046758 12.7440349602017 13.7155348081148 33.1213386273665 32.6715525716347 32.0043049915469 34.2150490092641 29.7889323609788 27.0233734183006 27.234217128632
"48" 0 0.0555731541878757 0.466526954943319 1.01379546086995 2.69167379789655 7.33304322242361 0.0744637165821229 0.254197060645783 0.165834477109921 0.237752442955208 1.08489779805515 3.27232589858008 6.88953315597692 0.46033429603715 0.116290767533848 0.577783503740127 0.246047890231943 0.699867096314747 2.76564037161763 6.82282570724981 1.30701133605846 1.80411207937028 2.37602633516177 1.05700734870778 2.56835018181083 3.61148654752823 7.18086567420835 4.06346348635219 4.32808233311951 6.15854061023888 5.44908862992674 6.07336290688704 6.41945919148945 10.0019436439463 15.665582443872 11.8332224405138 11.9978164010901 12.005501855918 11.3690721168118 12.2542267370016 13.0823742766551 32.5821000455409 32.0409349117728 31.1242206140526 32.8917427662702 28.9658622769085 25.3675505296 26.4397066890348
